# τ vs min κ linear regression for data set DA_130130_E2.h5
# Using stimulation: 1, 2, 3, 4, 5
# Best fit: tau = 0.617255 + 0.0148229 kappa_Fura
# Covariance matrix:
# [ +3.69762e-02, -2.47695e-04  
#   -2.47695e-04, +2.05958e-06  ]
# Total sum of squares (TSS) = 130.139
# chisq (Residual sum of squares, RSS) = 23.4572
# Probability of observing a larger of equal RSS per DOF under the null hypothesis: 3.24242e-05
# R squared (1-RSS/TSS) = 0.819753
# Estimated gamma/v with standard error: 67.463 +/- 6.53162
# Estimates kappa_S with standard error (using error propagation): 40.6419 +/- 13.5847
# kappa_S confidence intervals based on parametric bootstrap
# 0.95 CI for kappa_S: [12.6114,80.6762]
# 0.99 CI for kappa_S: [4.62632,96.9799]


# The data
# κ_Fura  τ   τ_SE
47.4648 1.82178 0.179009
103.167 1.78303 0.127275
162.974 3.12474 0.190503
227.414 3.88232 0.267584
260.132 5.70377 0.462412


# The fitted data
# Preticted values with lower and upper bounds of 0.95 CI
# κ_Fura  τ   τ_lwr  τ_upr
-51.8023 -0.150608 -0.662335 0.361119
-50.5026 -0.131342 -0.639612 0.376929
-49.2028 -0.112075 -0.616892 0.392741
-47.903 -0.0928089 -0.594175 0.408557
-46.6033 -0.0735426 -0.57146 0.424375
-45.3035 -0.0542763 -0.548749 0.440197
-44.0037 -0.03501 -0.526041 0.456021
-42.704 -0.0157437 -0.503336 0.471849
-41.4042 0.00352267 -0.480634 0.487679
-40.1044 0.022789 -0.457935 0.503513
-38.8047 0.0420553 -0.43524 0.519351
-37.5049 0.0613216 -0.412548 0.535191
-36.2052 0.080588 -0.38986 0.551036
-34.9054 0.0998543 -0.367175 0.566883
-33.6056 0.119121 -0.344493 0.582735
-32.3059 0.138387 -0.321816 0.59859
-31.0061 0.157653 -0.299142 0.614448
-29.7063 0.17692 -0.276472 0.630311
-28.4066 0.196186 -0.253806 0.646178
-27.1068 0.215452 -0.231144 0.662049
-25.807 0.234719 -0.208486 0.677923
-24.5073 0.253985 -0.185833 0.693803
-23.2075 0.273251 -0.163184 0.709686
-21.9077 0.292518 -0.140539 0.725574
-20.608 0.311784 -0.117899 0.741466
-19.3082 0.33105 -0.095263 0.757363
-18.0085 0.350316 -0.0726322 0.773265
-16.7087 0.369583 -0.0500063 0.789172
-15.4089 0.388849 -0.0273853 0.805084
-14.1092 0.408115 -0.0047695 0.821
-12.8094 0.427382 0.0178411 0.836923
-11.5096 0.446648 0.0404463 0.85285
-10.2099 0.465914 0.063046 0.868783
-8.9101 0.485181 0.08564 0.884722
-7.61034 0.504447 0.108228 0.900666
-6.31057 0.523713 0.130811 0.916616
-5.01081 0.54298 0.153387 0.932573
-3.71104 0.562246 0.175957 0.948535
-2.41128 0.581512 0.19852 0.964504
-1.11151 0.600779 0.221077 0.98048
0.18825 0.620045 0.243628 0.996462
1.48801 0.639311 0.266171 1.01245
2.78778 0.658578 0.288707 1.02845
4.08754 0.677844 0.311236 1.04445
5.38731 0.69711 0.333758 1.06046
6.68707 0.716377 0.356272 1.07648
7.98684 0.735643 0.378778 1.09251
9.2866 0.754909 0.401275 1.10854
10.5864 0.774176 0.423765 1.12459
11.8861 0.793442 0.446246 1.14064
13.1859 0.812708 0.468718 1.1567
14.4857 0.831975 0.491181 1.17277
15.7854 0.851241 0.513634 1.18885
17.0852 0.870507 0.536078 1.20494
18.385 0.889774 0.558512 1.22103
19.6847 0.90904 0.580936 1.23714
20.9845 0.928306 0.60335 1.25326
22.2842 0.947573 0.625753 1.26939
23.584 0.966839 0.648144 1.28553
24.8838 0.986105 0.670525 1.30169
26.1835 1.00537 0.692893 1.31785
27.4833 1.02464 0.71525 1.33403
28.7831 1.0439 0.737594 1.35021
30.0828 1.06317 0.759925 1.36642
31.3826 1.08244 0.782243 1.38263
32.6824 1.1017 0.804547 1.39886
33.9821 1.12097 0.826838 1.4151
35.2819 1.14024 0.849113 1.43136
36.5817 1.1595 0.871374 1.44763
37.8814 1.17877 0.893619 1.46392
39.1812 1.19803 0.915849 1.48022
40.4809 1.2173 0.938062 1.49654
41.7807 1.23657 0.960258 1.51288
43.0805 1.25583 0.982436 1.52923
44.3802 1.2751 1.0046 1.5456
45.68 1.29437 1.02674 1.56199
46.9798 1.31363 1.04886 1.5784
48.2795 1.3329 1.07096 1.59483
49.5793 1.35217 1.09305 1.61128
50.8791 1.37143 1.11511 1.62776
52.1788 1.3907 1.13715 1.64425
53.4786 1.40996 1.15916 1.66077
54.7784 1.42923 1.18116 1.67731
56.0781 1.4485 1.20312 1.69387
57.3779 1.46776 1.22507 1.71046
58.6776 1.48703 1.24699 1.72707
59.9774 1.5063 1.26888 1.74371
61.2772 1.52556 1.29074 1.76038
62.5769 1.54483 1.31258 1.77708
63.8767 1.56409 1.33438 1.79381
65.1765 1.58336 1.35616 1.81056
66.4762 1.60263 1.3779 1.82735
67.776 1.62189 1.39961 1.84417
69.0758 1.64116 1.42129 1.86103
70.3755 1.66043 1.44293 1.87792
71.6753 1.67969 1.46454 1.89484
72.9751 1.69896 1.48611 1.91181
74.2748 1.71823 1.50764 1.92881
75.5746 1.73749 1.52914 1.94585
76.8744 1.75676 1.55059 1.96293
78.1741 1.77602 1.572 1.98005
79.4739 1.79529 1.59336 1.99722
80.7736 1.81456 1.61468 2.01443
82.0734 1.83382 1.63596 2.03169
83.3732 1.85309 1.65719 2.04899
84.6729 1.87236 1.67836 2.06635
85.9727 1.89162 1.69949 2.08375
87.2725 1.91089 1.72057 2.10121
88.5722 1.93016 1.74159 2.11872
89.872 1.94942 1.76256 2.13629
91.1718 1.96869 1.78347 2.15391
92.4715 1.98795 1.80432 2.17159
93.7713 2.00722 1.82511 2.18933
95.0711 2.02649 1.84584 2.20713
96.3708 2.04575 1.86651 2.22499
97.6706 2.06502 1.88712 2.24292
98.9703 2.08429 1.90766 2.26092
100.27 2.10355 1.92813 2.27898
101.57 2.12282 1.94853 2.2971
102.87 2.14208 1.96887 2.3153
104.169 2.16135 1.98913 2.33357
105.469 2.18062 2.00932 2.35191
106.769 2.19988 2.02944 2.37033
108.069 2.21915 2.04948 2.38882
109.368 2.23842 2.06945 2.40738
110.668 2.25768 2.08934 2.42602
111.968 2.27695 2.10915 2.44474
113.268 2.29622 2.12889 2.46354
114.568 2.31548 2.14855 2.48242
115.867 2.33475 2.16813 2.50137
117.167 2.35401 2.18762 2.52041
118.467 2.37328 2.20704 2.53952
119.767 2.39255 2.22638 2.55872
121.066 2.41181 2.24563 2.57799
122.366 2.43108 2.26481 2.59735
123.666 2.45035 2.28391 2.61678
124.966 2.46961 2.30292 2.6363
126.265 2.48888 2.32186 2.6559
127.565 2.50814 2.34072 2.67557
128.865 2.52741 2.3595 2.69533
130.165 2.54668 2.3782 2.71516
131.464 2.56594 2.39682 2.73507
132.764 2.58521 2.41537 2.75505
134.064 2.60448 2.43384 2.77511
135.364 2.62374 2.45224 2.79525
136.664 2.64301 2.47056 2.81546
137.963 2.66228 2.48882 2.83574
139.263 2.68154 2.507 2.85609
140.563 2.70081 2.52511 2.87651
141.863 2.72007 2.54315 2.89699
143.162 2.73934 2.56113 2.91755
144.462 2.75861 2.57904 2.93817
145.762 2.77787 2.59689 2.95885
147.062 2.79714 2.61468 2.9796
148.361 2.81641 2.63241 3.00041
149.661 2.83567 2.65007 3.02127
150.961 2.85494 2.66768 3.0422
152.261 2.8742 2.68523 3.06318
153.56 2.89347 2.70273 3.08421
154.86 2.91274 2.72018 3.1053
156.16 2.932 2.73757 3.12644
157.46 2.95127 2.75491 3.14763
158.76 2.97054 2.77221 3.16887
160.059 2.9898 2.78945 3.19015
161.359 3.00907 2.80666 3.21148
162.659 3.02834 2.82381 3.23286
163.959 3.0476 2.84093 3.25428
165.258 3.06687 2.858 3.27574
166.558 3.08613 2.87503 3.29724
167.858 3.1054 2.89202 3.31878
169.158 3.12467 2.90897 3.34036
170.457 3.14393 2.92589 3.36198
171.757 3.1632 2.94277 3.38363
173.057 3.18247 2.95962 3.40531
174.357 3.20173 2.97643 3.42703
175.656 3.221 2.99321 3.44878
176.956 3.24027 3.00996 3.47057
178.256 3.25953 3.02668 3.49238
179.556 3.2788 3.04337 3.51422
180.856 3.29806 3.06004 3.53609
182.155 3.31733 3.07667 3.55799
183.455 3.3366 3.09328 3.57991
184.755 3.35586 3.10986 3.60186
186.055 3.37513 3.12642 3.62384
187.354 3.3944 3.14296 3.64584
188.654 3.41366 3.15947 3.66786
189.954 3.43293 3.17595 3.6899
191.254 3.45219 3.19242 3.71197
192.553 3.47146 3.20887 3.73405
193.853 3.49073 3.22529 3.75616
195.153 3.50999 3.2417 3.77829
196.453 3.52926 3.25808 3.80044
197.752 3.54853 3.27445 3.8226
199.052 3.56779 3.2908 3.84478
200.352 3.58706 3.30713 3.86698
201.652 3.60633 3.32345 3.8892
202.952 3.62559 3.33975 3.91143
204.251 3.64486 3.35603 3.93368
205.551 3.66412 3.3723 3.95595
206.851 3.68339 3.38856 3.97823
208.151 3.70266 3.40479 4.00052
209.45 3.72192 3.42102 4.02283
210.75 3.74119 3.43723 4.04515
212.05 3.76046 3.45343 4.06748
213.35 3.77972 3.46962 4.08983
214.649 3.79899 3.48579 4.11219
215.949 3.81825 3.50195 4.13456
217.249 3.83752 3.5181 4.15694
218.549 3.85679 3.53424 4.17934
219.848 3.87605 3.55037 4.20174
221.148 3.89532 3.56648 4.22416
222.448 3.91459 3.58259 4.24658
223.748 3.93385 3.59868 4.26902
225.047 3.95312 3.61477 4.29147
226.347 3.97239 3.63085 4.31392
227.647 3.99165 3.64692 4.33639
228.947 4.01092 3.66297 4.35886
230.247 4.03018 3.67902 4.38135
231.546 4.04945 3.69506 4.40384
232.846 4.06872 3.7111 4.42634
234.146 4.08798 3.72712 4.44884
235.446 4.10725 3.74314 4.47136
236.745 4.12652 3.75915 4.49388
238.045 4.14578 3.77515 4.51641
239.345 4.16505 3.79115 4.53895
240.645 4.18431 3.80713 4.5615
241.944 4.20358 3.82311 4.58405
243.244 4.22285 3.83909 4.60661
244.544 4.24211 3.85506 4.62917
245.844 4.26138 3.87102 4.65174
247.143 4.28065 3.88697 4.67432
248.443 4.29991 3.90292 4.6969
249.743 4.31918 3.91886 4.71949
251.043 4.33845 3.9348 4.74209
252.343 4.35771 3.95073 4.76469
253.642 4.37698 3.96666 4.7873
254.942 4.39624 3.98258 4.80991
256.242 4.41551 3.9985 4.83253
257.542 4.43478 4.01441 4.85515
258.841 4.45404 4.03031 4.87778
260.141 4.47331 4.04621 4.90041
261.441 4.49258 4.06211 4.92304
262.741 4.51184 4.078 4.94569
264.04 4.53111 4.09389 4.96833
265.34 4.55038 4.10977 4.99098
266.64 4.56964 4.12565 5.01364
267.94 4.58891 4.14152 5.03629
269.239 4.60817 4.15739 5.05896
270.539 4.62744 4.17326 5.08162
271.839 4.64671 4.18912 5.1043
