# Cellular [Fura] for dataset DA_130130_E2.h5

# Loading curve with 197 elements
#    Time   AMPLITUDE
    0.021 1.36152833
   30.021 1.42183713
   60.021 0.671030784
   90.021 1.83216596
  120.021 0.830963605
  150.021 1.22258908
  180.021 1.30579995
  210.021 1.38901082
  240.021 2.47037044
  270.021 1.39244613
  300.021 1.75506231
  330.021 2.77229612
  360.021 3.67158425
  390.021 3.98076226
  420.021 4.89302823
  450.021 5.97591465
  480.021 6.89237933
  510.021 6.70152871
  540.021 9.26694276
  570.021 10.8357349
  600.021 10.9265798
  630.021 12.2029887
  900.021 21.5340573
  930.021 24.5796515
  960.021 24.5487337
  990.021 26.7255759
 1020.021 28.1783308
 1050.021 30.1055404
 1200.021 36.8494379
 1230.021 39.7816669
 1260.021 40.7126362
 1290.021 41.4882531
 1320.021 41.9119415
 1350.021 44.8254671
 1380.021 44.6117144
 1410.021 45.8904136
 1440.021 45.5751283
 1470.021 49.1455618
 1590.021 55.238277
 1620.021 54.7447373
 1650.021 56.1719182
 1680.021 55.9150333
 1710.021 58.3724259
 1740.021 61.8959101
 1770.021 63.0700231
 1800.021 62.6341203
 1830.021 64.5510239
 1860.021 67.2194973
 2010.021 71.2002596
 2040.021 72.9442525
 2070.021 71.7514362
 2100.021 73.1717465
 2130.021 74.4565529
 2160.021 74.5909117
 2190.021 74.0691261
 2220.021 74.502357
 2250.021 74.7997023
 2280.021 77.1276982
 2430.021 88.9650171
 2460.021 89.8532359
 2490.021 89.607802
 2520.021 89.8574346
 2550.021 93.2698437
 2580.021 91.5922667
 2610.021 90.5765597
 2640.021 90.3929614
 2670.021 92.4717064
 2700.021 94.8905472
 2730.021 94.1279081
 2760.021 95.5134836
 2790.021 97.0093708
 2820.021 96.8738668
 2850.021 99.7583831
 2880.021 100.798137
 2910.021 100.926007
 2940.021 100.141229
 2970.021 103.532263
 3000.021 105.803386
 3030.021 107.409203
 3060.021 109.181823
 3090.021 108.637899
 3120.021 110.132259
 3150.021 109.050518
 3300.021 118.922839
 3330.021 116.539878
 3360.021 117.122354
 3390.021 118.217455
 3420.021 120.566063
 3450.021 120.807298
 3480.021 120.279024
 3510.021 119.996183
 3540.021 122.157375
 3570.021 123.078802
 3600.021 124.532702
 3630.021 126.119434
 3660.021 122.031032
 3690.021 122.202416
 3720.021 124.544153
 3750.021 127.286295
 3780.021 126.592362
 3810.021 125.163654
 3840.021 131.293013
 3870.021 130.908258
 3900.021 130.862836
 3930.021 131.956791
 3960.021 133.625208
 3990.021 132.73737
 4020.021 135.614253
 4050.021 137.308625
 4080.021 138.993836
 4110.021 139.574021
 4140.021 137.859419
 4170.021 141.050824
 4200.021 141.689791
 4230.021 141.492452
 4260.021 142.353188
 4290.021 142.553581
 4320.021 144.126954
 4350.021 144.806382
 4380.021 143.216978
 4410.021 147.939386
 4440.021 151.419738
 4470.021 153.291601
 4500.021 154.633281
 4530.021 152.168254
 4560.021 153.164494
 4590.021 151.684257
 4620.021 154.908869
 4650.021 153.741626
 4680.021 155.098956
 4710.021 155.62036
 4740.021 156.779968
 4770.021 156.065042
 4800.021 155.672653
 4830.021 154.771838
 4860.021 154.071798
 4890.021 154.752371
 4920.021 156.518121
 4950.021 161.650476
 4980.021 160.514533
 5010.021 156.035651
 5040.021 159.352635
 5070.021 158.901464
 5100.021 162.163101
 5130.021 160.374067
 5160.021 163.236063
 5190.021 162.261962
 5220.021 167.287822
 5250.021 164.393381
 5280.021 163.811669
 5310.021 168.68981
 5340.021 165.493063
 5370.021 165.011737
 5400.021 159.906101
 5430.021 163.818921
 5460.021 166.900013
 5490.021 170.683818
 5520.021 170.564727
 5550.021 170.928488
 5580.021 167.832509
 5610.021 170.859782
 5640.021 166.390442
 5670.021 168.067256
 5700.021 171.951448
 5730.021 173.834762
 5760.021 173.761093
 5790.021 165.262515
 5820.021 161.288242
 5850.021 167.762276
 5880.021 164.403306
 5910.021 167.704258
 5940.021 170.135695
 5970.021 169.978052
 6000.021 166.790847
 6030.021 170.315476
 6060.021 166.529763
 6090.021 171.098727
 6120.021 173.352673
 6150.021 168.517282
 6180.021 170.986889
 6210.021 172.285818
 6240.021 168.242838
 6270.021 172.159093
 6300.021 171.313625
 6330.021 171.145295
 6360.021 172.677443
 6390.021 172.523999
 6420.021 176.037178
 6450.021 179.374773
 6480.021 179.418669
 6510.021 178.280054
 6540.021 180.193523
 6570.021 184.21131
 6600.021 187.017577
 6630.021 188.124893
 6660.021 193.864534
 6690.021       200


# Stim 1 with 200 elements
#    Time   AMPLITUDE
  750.015 16.1959654
  750.115 17.0662443
  750.215 17.3605359
  750.315 17.1906789
  750.415 16.9673836
  750.515 17.2483157
  750.615 17.4899326
  750.715 17.3994694
  750.815 16.5444587
  750.915 16.5692692
  751.015 17.3635895
  751.115 18.203714
  751.215 17.2666374
  751.315 16.4452163
  751.415 17.1910606
  751.515 16.9471535
  751.615 16.3585701
  751.715 17.0246388
  751.815 15.8600683
  751.915 16.4532321
  752.015 16.3978854
  752.115 15.6409718
  752.215 15.4214936
  752.315 15.5978396
  752.415 16.5383514
  752.515 16.9360841
  752.615 17.0986889
  752.715 16.0749661
  752.815 15.6222685
  752.915 17.0002099
  753.015 16.4352921
  753.115 17.743764
  753.215 15.573029
  753.315 16.6486631
  753.415 17.2502242
  753.515 16.655152
  753.615 16.7849304
  753.715 17.3525202
  753.815 16.8948604
  753.915 16.6620226
  754.015 17.140676
  754.115 16.3360498
  754.215 16.9219612
  754.315 16.003588
  754.415 16.7505773
  754.515 17.1479283
  754.615 17.066626
  754.715 16.0440483
  754.815 15.9619826
  754.915  17.44222
  755.015 16.0990133
  755.115 16.923488
  755.215 16.7467603
  755.315 16.8326431
  755.415 17.9632422
  755.515 18.4487662
  755.615 17.0414337
  755.715 17.3261828
  755.815 16.9494437
  755.915 17.6616982
  756.015 16.7360727
  756.115 17.0284558
  756.215 16.4849133
  756.315 17.3292364
  756.415  16.79829
  756.515 17.0170048
  756.615 16.9921942
  756.715 17.2811421
  756.815 17.6597897
  756.915 16.3810905
  757.015 17.2540413
  757.115 17.4803901
  757.215 17.2383915
  757.315 17.2834323
  757.415 18.3205145
  757.515 17.8907189
  757.615 17.2647289
  757.715 17.2502242
  757.815 16.8269176
  757.915 17.0887646
  758.015 16.9475352
  758.115 18.6190049
  758.215 17.7685745
  758.315 17.5193236
  758.415  17.44222
  758.515 17.5815409
  758.615 16.9128004
  758.715 17.8078898
  758.815 16.8662328
  758.915 17.4666489
  759.015 16.7685173
  759.115 17.7895681
  759.215 17.9460656
  759.315 17.5781056
  759.415 18.0327118
  759.515 17.5227589
  759.615 17.3181671
  759.715 17.1215909
  759.815 17.9182014
  759.915 17.2284673
  760.015 16.9242514
  760.115 18.3193694
  760.215 18.4109777
  760.315 17.6239098
  760.415 18.649541
  760.515 17.5555852
  760.615 17.9475924
  760.715 18.7739756
  760.815 17.5468061
  760.915 18.3854037
  761.015 18.0525603
  761.115 17.4555795
  761.215 17.6601714
  761.315 17.6323072
  761.415 18.0487432
  761.515 17.7723915
  761.615 16.9513522
  761.715 17.935378
  761.815 18.1025631
  761.915 17.9472107
  762.015 18.5785446
  762.115 17.8021642
  762.215 17.9613337
  762.315 17.6655152
  762.415 17.7388018
  762.515 18.6567933
  762.615 18.052942
  762.715 17.788423
  762.815 17.6922343
  762.915 17.8227761
  763.015 17.6815467
  763.115 17.4532893
  763.215 17.8930091
  763.315 17.093345
  763.415 18.0479798
  763.515 18.2838712
  763.615 17.4731378
  763.715 17.2643472
  763.815 18.0475981
  763.915 17.7483444
  764.015 19.2549192
  764.115 17.7758269
  764.215 18.1350077
  764.315 18.2063859
  764.415 18.9426876
  764.515  17.79224
  764.615 18.6854209
  764.715 18.7800828
  764.815 17.6349791
  764.915 18.3159341
  765.015 17.8685803
  765.115 18.5361757
  765.215 17.7506346
  765.315 17.9670592
  765.415 18.310972
  765.515 18.2117297
  765.615 17.8662901
  765.715 18.2796725
  765.815 17.2235052
  765.915 18.1712693
  766.015 18.7713037
  766.115 17.3090062
  766.215 18.3437983
  766.315 18.5327404
  766.415 18.1502758
  766.515 17.9514094
  766.615 18.5052579
  766.715 18.4346432
  766.815 18.420902
  766.915 18.027368
  767.015 18.2334866
  767.115 17.6704773
  767.215 18.3380728
  767.315 18.1292822
  767.415 18.0601943
  767.515 17.6590263
  767.615 18.1670706
  767.715 17.917438
  767.815 17.1261713
  767.915 18.1689791
  768.015 18.1983701
  768.115 18.2002786
  768.215 18.3189877
  768.315 18.8942115
  768.415 17.4983301
  768.515 17.5288662
  768.615 17.6788747
  768.715 17.3112964
  768.815 18.5296868
  768.915 17.0414337
  769.015 17.7746818
  769.115 18.2098212
  769.215 18.7617612
  769.315 18.3754795
  769.415 18.841155
  769.515 17.9907247
  769.615 18.5163273
  769.715 17.6200928
  769.815 17.5681814
  769.915 17.9651507


# Stim 2 with 200 elements
#    Time   AMPLITUDE
 1130.015 33.5984885
 1130.115 33.2545756
 1130.215 33.8267458
 1130.315 32.4919366
 1130.415 34.1614978
 1130.515 33.1141096
 1130.615 34.4092219
 1130.715 34.0332462
 1130.815 33.4129817
 1130.915 33.7210146
 1131.015 33.9042312
 1131.115 32.6507243
 1131.215 34.719545
 1131.315 33.9584327
 1131.415 33.9332405
 1131.515 33.8091875
 1131.615 33.1545699
 1131.715 31.8159437
 1131.815 33.2228944
 1131.915 33.1583869
 1132.015 32.772487
 1132.115 32.0358036
 1132.215 33.0079966
 1132.315 31.7838808
 1132.415 32.6385098
 1132.515 33.5950532
 1132.615 32.7472947
 1132.715 32.1079451
 1132.815 32.5568258
 1132.915 33.3721396
 1133.015 32.2277993
 1133.115 32.3472718
 1133.215 32.4659809
 1133.315 33.1267057
 1133.415 33.2198408
 1133.515 33.2763326
 1133.615 32.7278279
 1133.715 32.7450045
 1133.815  33.04464
 1133.915 32.5713304
 1134.015 33.4137451
 1134.115 32.4694162
 1134.215 34.1290532
 1134.315 33.2591561
 1134.415 33.0396778
 1134.515 32.529725
 1134.615 33.5679524
 1134.715  33.04464
 1134.815 33.6244441
 1134.915 33.7103269
 1135.015 33.6255893
 1135.115 32.8713476
 1135.215 33.9985114
 1135.315 33.7439166
 1135.415 34.329828
 1135.515 32.4904098
 1135.615 33.7248316
 1135.715 33.3919881
 1135.815 33.6435292
 1135.915 33.3408401
 1136.015 34.4069317
 1136.115 33.549249
 1136.215 33.9897322
 1136.315 34.1489017
 1136.415 33.6053591
 1136.515 34.1019524
 1136.615 33.4351203
 1136.715 33.8935435
 1136.815 33.2992347
 1136.915 33.7542226
 1137.015 33.0415864
 1137.115 34.7729832
 1137.215 33.954234
 1137.315 33.1408287
 1137.415 34.3706701
 1137.515 33.7156707
 1137.615 34.0095807
 1137.715 34.0901197
 1137.815 34.4981583
 1137.915 33.7935378
 1138.015 33.6099395
 1138.115 33.2767143
 1138.215 34.1763841
 1138.315 34.0397351
 1138.415 35.1451419
 1138.515 33.0862454
 1138.615 33.4347386
 1138.715 33.8458309
 1138.815 34.6641983
 1138.915 33.9603412
 1139.015 33.8320896
 1139.115 34.0817222
 1139.215 33.6442926
 1139.315 34.3076894
 1139.415 34.5653377
 1139.515 33.8053705
 1139.615 33.9771361
 1139.715 35.5253163
 1139.815 34.2023398
 1139.915 34.0107258
 1140.015 34.1271447
 1140.215 33.5797851
 1140.615 34.660763
 1140.715 35.9032006
 1140.815 33.9591961
 1140.915  33.19274
 1141.015 34.214936
 1141.115 34.1702769
 1141.215 34.9481841
 1141.315 33.9114835
 1141.415 34.3683799
 1141.515 33.3267172
 1141.615 33.6542168
 1141.715 33.0496021
 1141.815 34.9352062
 1141.915 33.6011604
 1142.015 34.5722083
 1142.115 34.3985343
 1142.215 33.3782468
 1142.315 33.7469702
 1142.415 35.2035422
 1142.515 33.4057293
 1142.615 35.2726301
 1142.715 33.6462011
 1142.815 33.9191175
 1142.915 34.2760082
 1143.015 34.4183827
 1143.115 34.0485142
 1143.215 34.4080768
 1143.315 34.6699239
 1143.415 33.9794263
 1143.515 34.1721854
 1143.615 34.8596294
 1143.715 34.267229
 1143.815 33.9885871
 1143.915 34.6630532
 1144.015 33.5087887
 1144.115 34.4657137
 1144.215 35.5260797
 1144.315 34.5454892
 1144.415 35.0207073
 1144.515 35.1737695
 1144.615 34.9195565
 1144.715 34.3672348
 1144.815 35.0447545
 1144.915 34.1298166
 1145.015 34.2874592
 1145.115 35.083688
 1145.215 33.611848
 1145.315 33.629788
 1145.415 34.3985343
 1145.515 34.6767945
 1145.615 34.4225814
 1145.715 33.8805657
 1145.815 33.6381854
 1145.915 34.4840353
 1146.015 34.1252362
 1146.115 34.7516079
 1146.215 35.6287574
 1146.315 34.083249
 1146.415 34.8951276
 1146.515 34.3237208
 1146.615 35.0020039
 1146.715 34.8317652
 1146.815 34.9863542
 1146.915 33.9954578
 1147.015 34.3225757
 1147.115 33.968357
 1147.215 35.0283413
 1147.315 34.1725671
 1147.415 34.9229918
 1147.515 34.1611161
 1147.615 35.0848331
 1147.715 35.3993549
 1147.815 35.2898067
 1147.915 35.1672806
 1148.015 34.310743
 1148.115 35.2191919
 1148.215 35.2291162
 1148.315 34.3947173
 1148.415 34.8825314
 1148.515 33.3820639
 1148.615 34.4454835
 1148.715 35.4722599
 1148.815 34.8653549
 1148.915 35.7696051
 1149.015 35.3619482
 1149.115 34.7676394
 1149.215 35.3859954
 1149.315 34.2790618
 1149.415 35.3619482
 1149.515 35.2993492
 1149.615 33.9653034
 1149.715 35.091322
 1149.815 35.4860011
 1149.915 34.8306201
 1150.015 35.0558238
 1150.115 34.6191576
 1150.215 34.4393763
 1150.315 34.4821268


# Stim 3 with 200 elements
#    Time   AMPLITUDE
 1540.015 51.595702
 1540.115 52.2174934
 1540.215 52.5110216
 1540.315 51.9480123
 1540.415 51.3712617
 1540.515 51.5273775
 1540.615 52.8812718
 1540.715 51.1731588
 1540.815 52.4961353
 1540.915 53.0721224
 1541.015 52.4186499
 1541.115 51.6075348
 1541.215 51.6170773
 1541.315 51.414394
 1541.415 51.7277707
 1541.515 51.1952974
 1541.615 50.7490887
 1541.715  50.45098
 1541.815 50.1585969
 1541.915 50.6002252
 1542.015 51.1773575
 1542.115 50.6765655
 1542.215 49.762391
 1542.315 49.7200221
 1542.415 50.2643281
 1542.515 49.0073859
 1542.615 50.0666069
 1542.715 49.7723152
 1542.815 51.3693532
 1542.915 50.8307728
 1543.015 49.1753345
 1543.115 50.5368628
 1543.215 51.6163139
 1543.315 50.4853331
 1543.415 49.4806955
 1543.515 51.2323225
 1543.615 50.1410386
 1543.715 50.8929901
 1543.815 50.9414661
 1543.915 50.5696891
 1544.015 50.6693131
 1544.115 49.7543753
 1544.215 51.036128
 1544.315 49.9841594
 1544.415 50.5395347
 1544.515 50.5673989
 1544.615 50.6700765
 1544.715 51.2857606
 1544.815 51.6510487
 1544.915 50.2761608
 1545.015 50.4536519
 1545.115 49.468481
 1545.215 51.6518121
 1545.315 51.5785255
 1545.415 52.0575605
 1545.515 50.9189457
 1545.615 50.2921923
 1545.715 50.8754318
 1545.815 51.073153
 1545.915 51.9686242
 1546.015 52.3465084
 1546.115 52.4476592
 1546.215 52.6018665
 1546.315 51.3143882
 1546.415 50.3086055
 1546.515 51.3804225
 1546.615 51.451419
 1546.715 52.3812432
 1546.815 51.0166613
 1546.915 51.1544554
 1547.015 51.2670573
 1547.115  52.12474
 1547.215 52.1411531
 1547.315 51.2422467
 1547.415 50.6177835
 1547.515 51.8682367
 1547.615 50.8093975
 1547.715 51.8495334
 1547.815 50.8391702
 1547.915 51.7262439
 1548.015 51.6628815
 1548.115 51.6166956
 1548.215 51.4682138
 1548.315 51.8403725
 1548.415 51.1269729
 1548.515 52.110617
 1548.615 51.1849915
 1548.715 52.1705441
 1548.815 53.5061168
 1548.915 51.9644254
 1549.015 52.9079909
 1549.115  51.37088
 1549.215 51.5941752
 1549.315 51.2082753
 1549.415 51.6602096
 1549.515 50.7189343
 1549.615 49.2570185
 1549.715 50.852148
 1549.815 51.2777449
 1549.915 51.7460923
 1550.015 52.6469073
 1550.115 50.7273317
 1550.215 51.735023
 1550.315 51.639216
 1550.415 52.4484226
 1550.515 52.0193904
 1550.615 52.4655992
 1550.715 52.1785598
 1550.815 52.713705
 1550.915 51.300647
 1551.015 52.6591217
 1551.115 51.9388515
 1551.215 51.2422467
 1551.315 51.5117278
 1551.415 50.734584
 1551.515 52.3762811
 1551.615 50.5620551
 1551.715 52.4430788
 1551.815 51.6266198
 1551.915 52.7690517
 1552.015 51.5247056
 1552.115 51.8533504
 1552.215 52.1396263
 1552.315 52.4113976
 1552.415 52.9213505
 1552.515 51.157509
 1552.615 51.9514476
 1552.715 52.3659752
 1552.815 51.9628986
 1552.915 50.8834475
 1553.015 51.484627
 1553.115 52.9286028
 1553.215 52.3629215
 1553.315 50.3563181
 1553.415 50.9414661
 1553.515 51.5762353
 1553.615 51.7376949
 1553.715 52.3102468
 1553.815 52.0075577
 1553.915 51.6854018
 1554.015 51.4739393
 1554.115 52.2999408
 1554.215 52.9476878
 1554.315 52.8526442
 1554.415 51.1212474
 1554.515 50.9464282
 1554.615 51.1109415
 1554.715 51.5991374
 1554.815 52.3594862
 1554.915 51.0823139
 1555.015 51.926637
 1555.115 53.1125828
 1555.215 52.4541481
 1555.315 52.7434777
 1555.415 52.0041224
 1555.515 52.1537493
 1555.615 51.6415062
 1555.715 53.5210031
 1555.815  52.54881
 1555.915 51.4388228
 1556.015 53.8317079
 1556.115 52.9877665
 1556.215 51.9690059
 1556.315 52.0900052
 1556.415 52.7377522
 1556.515 52.3434548
 1556.615 52.1648186
 1556.715 53.4026757
 1556.815 52.147642
 1556.915 52.3033761
 1557.015 53.711472
 1557.115 53.3419852
 1557.215 52.1682539
 1557.315 53.9194992
 1557.415 51.4159208
 1557.515 53.0423498
 1557.615 53.2965628
 1557.715 52.1342825
 1557.815 52.5827815
 1557.915 52.1487871
 1558.015 52.0682482
 1558.115 53.6698666
 1558.215 53.7462068
 1558.315 53.2110617
 1558.415 52.9801325
 1558.515 52.2820009
 1558.615 52.7671432
 1558.715 53.3847358
 1558.815 53.5072619
 1558.915 53.0530374
 1559.015 53.1381568
 1559.115 52.423612
 1559.215 52.4904098
 1559.315 52.2674962
 1559.415 52.7862282
 1559.515 52.3896406
 1559.615 53.1877779
 1559.715 52.8526442
 1559.815 53.3053419
 1559.915  53.76262


# Stim 4 with 200 elements
#    Time   AMPLITUDE
 1950.015 70.527702
 1950.115 71.956028
 1950.215 70.6467928
 1950.315 70.9464282
 1950.415 71.6995248
 1950.515 71.1979693
 1950.615 70.8204668
 1950.715 72.0583239
 1950.815 71.676241
 1950.915 72.6411817
 1951.015 72.1526042
 1951.115 71.0357463
 1951.215 72.8827986
 1951.315 71.8655648
 1951.415 71.0120808
 1951.515 71.3655362
 1951.615 70.4784625
 1951.715 70.0631716
 1951.815 70.0433231
 1951.915 69.695975
 1952.015 68.9924996
 1952.115 69.5516919
 1952.215 69.8341508
 1952.315 69.2020536
 1952.415 69.7830028
 1952.515 70.2509686
 1952.615 69.4654274
 1952.715 69.6955933
 1952.815 70.4860965
 1952.915 69.4463423
 1953.015 70.2017291
 1953.115 70.8208485
 1953.215 70.2536405
 1953.315 70.4315133
 1953.415 70.1662309
 1953.515 70.2899021
 1953.615 70.3704411
 1953.715 69.0615875
 1953.815 70.1898964
 1953.915 70.0604996
 1954.015 69.7646812
 1954.115 70.1005783
 1954.215 70.3273088
 1954.315 70.7273317
 1954.415 70.1876062
 1954.515 71.1365154
 1954.615 70.576178
 1954.715 69.4589385
 1954.815 70.958261
 1954.915 70.0414146
 1955.015 70.2345554
 1955.115 69.6971201
 1955.215 69.7383438
 1955.315 69.7475046
 1955.415 68.8848598
 1955.515 70.2689085
 1955.615 70.421589
 1955.715 70.623509
 1955.815 71.0681909
 1955.915 69.5501651
 1956.015 69.3955761
 1956.115 72.5281982
 1956.215 70.1872245
 1956.315 70.0490486
 1956.415 70.5666355
 1956.515 71.0113174
 1956.615 70.0372159
 1956.715 71.2842338
 1956.815 70.5215947
 1956.915 70.9013875
 1957.015 70.1898964
 1957.115 71.1410959
 1957.215 70.1082123
 1957.315 69.8089585
 1957.415 71.6304369
 1957.515 71.2525526
 1957.615 70.5906827
 1957.715 70.4693017
 1957.815 70.229975
 1957.915 69.9898849
 1958.015 70.7055747
 1958.115 69.8383495
 1958.215 70.0727141
 1958.315 72.0281696
 1958.415 69.0619692
 1958.515 71.1139951
 1958.615 69.975762
 1958.715 69.5661965
 1958.815 68.6359906
 1958.915 70.1822623
 1959.015 69.6551329
 1959.115 70.2799779
 1959.215 69.718877
 1959.315 70.1811172
 1959.415 70.6280894
 1959.515 69.9566769
 1959.615 71.3411073
 1959.715 68.460408
 1959.815 69.6639121
 1959.915 71.5506613
 1960.015 68.6753058
 1960.115 70.4490715
 1960.215 69.0802909
 1960.315 69.4268756
 1960.415 69.239842
 1960.515 70.1803538
 1960.615 70.2700536
 1960.715 69.4249671
 1960.815 70.9128385
 1960.915 69.2425139
 1961.015 71.4533275
 1961.115 70.0917991
 1961.215 70.826574
 1961.315 69.9711816
 1961.415 70.1547799
 1961.515 70.2841766
 1961.615 69.8017062
 1961.715 70.1211901
 1961.815 69.1364009
 1961.915 69.2115961
 1962.015 70.6143481
 1962.115 70.9345955
 1962.215 70.3498292
 1962.315 69.6349028
 1962.415 70.4513617
 1962.515 69.6616218
 1962.615 70.435712
 1962.715 70.0040079
 1962.815 69.5142852
 1962.915 70.7368742
 1963.015 70.8124511
 1963.115 69.2524381
 1963.215 70.2532588
 1963.315 70.4624311
 1963.415  69.80705
 1963.515 70.8960437
 1963.615 71.6735691
 1963.715 70.3185297
 1963.815 71.1059793
 1963.915 70.3963967
 1964.015 71.0216234
 1964.115 69.7475046
 1964.215 70.1299693
 1964.315 69.9410272
 1964.415 69.5765025
 1964.515 70.8307728
 1964.615 69.9990457
 1964.715 70.6074775
 1964.815 71.0697177
 1964.915 70.7376377
 1965.015 69.420005
 1965.115 70.7937477
 1965.215 69.8139206
 1965.315 69.302441
 1965.415 70.5120522
 1965.515 70.925053
 1965.615 70.5139607
 1965.715 70.1135561
 1965.815 70.392198
 1965.915 70.7540508
 1966.015 70.028055
 1966.115 69.8284253
 1966.215 70.1479092
 1966.315 70.1307327
 1966.415 70.5219764
 1966.515 69.133729
 1966.615 69.8692673
 1966.715 71.1884268
 1966.815 71.5590587
 1966.915 69.5356604
 1967.015 70.5013646
 1967.115 70.7334389
 1967.215 70.3345611
 1967.315 69.1489971
 1967.415 69.7929271
 1967.515 70.8212302
 1967.615 69.3978663
 1967.715 70.9319236
 1967.815 69.368857
 1967.915 70.866271
 1968.015 69.879955
 1968.115 69.681852
 1968.215 71.5636391
 1968.315 71.3117163
 1968.415 69.1871672
 1968.515 70.7067199
 1968.615 69.0780006
 1968.715 71.2384297
 1968.815 69.7711701
 1968.915 70.0150772
 1969.015 70.6097677
 1969.115 70.6166384
 1969.215 71.2853789
 1969.315 71.1456763
 1969.415 71.4968414
 1969.515 69.8051415
 1969.615 69.5608527
 1969.715 70.9468099
 1969.815 70.4662481
 1969.915 70.7395462


# Stim 5 with 200 elements
#    Time   AMPLITUDE
 2370.015 80.5370536
 2370.115 81.2397656
 2370.215 81.0378457
 2370.315 81.549707
 2370.415 81.3832853
 2370.515 81.6737599
 2370.615 81.2951123
 2370.715 80.5614825
 2370.815 82.2764662
 2370.915 80.640113
 2371.015 80.7733267
 2371.115 81.663454
 2371.215 80.6210279
 2371.315 81.6844476
 2371.415 81.4367235
 2371.515 81.4817642
 2371.615 81.1286906
 2371.715 79.6969292
 2371.815 78.8900128
 2371.915 79.0365861
 2372.015 78.7919156
 2372.115 79.4640915
 2372.215 78.6151879
 2372.315 77.6605531
 2372.415  78.36212
 2372.515 77.6479569
 2372.615 79.6068477
 2372.715 79.2720957
 2372.815 78.8251236
 2372.915 78.6258755
 2373.015 79.2869821
 2373.115 79.4457698
 2373.215  79.79808
 2373.315 80.2649007
 2373.415 78.5293051
 2373.515 80.4504075
 2373.615 78.3678455
 2373.715  80.36796
 2373.815 81.3584747
 2373.915 79.422486
 2374.015 80.3515468
 2374.115 80.3523102
 2374.215 79.6293681
 2374.315 79.5251637
 2374.415 79.5633338
 2374.515 79.992366
 2374.615 79.3224803
 2374.715 80.4202531
 2374.815 79.0770464
 2374.915 81.3199229
 2375.015 81.0408993
 2375.115 79.9786247
 2375.215 80.0622173
 2375.315 80.0847377
 2375.415 79.716396
 2375.515 81.4073325
 2375.615 80.0667977
 2375.715 81.1424318
 2375.815 80.8290551
 2375.915 80.0641258
 2376.015 80.3294082
 2376.115 80.4271237
 2376.215 80.7813424
 2376.315 79.9709907
 2376.415 80.3000172
 2376.515 82.4711338
 2376.615 80.794702
 2376.715 80.0538199
 2376.815 81.5321488
 2376.915 81.2447278
 2377.015 81.4199286
 2377.115 80.5450694
 2377.215 79.1030021
 2377.315 81.8630838
 2377.415 80.8439414
 2377.515 79.4221043
 2377.615 80.4920129
 2377.715 80.7817241
 2377.815 80.3450579
 2377.915 80.9210451
 2378.015 78.3277669
 2378.115 78.8205432
 2378.215 81.0912839
 2378.315 79.5786018
 2378.415 80.7156898
 2378.515 80.3244461
 2378.615 81.5634483
 2378.715 80.0389335
 2378.815 80.7004218
 2378.915 82.0150009
 2379.015 80.7252324
 2379.115 79.7873924
 2379.215 80.1591694
 2379.315 80.0927534
 2379.415 80.9386034
 2379.515 81.1695326
 2379.615 80.8065347
 2379.715 79.0923144
 2379.815 81.4619158
 2379.915 80.9115026
 2380.015 80.9386034
 2380.115 80.603088
 2380.215 79.8774739
 2380.315 80.4145275
 2380.415 80.8557742
 2380.515 81.6741416
 2380.615 80.5408707
 2380.715 80.7126362
 2380.815 81.3412982
 2380.915 80.6023246
 2381.015 80.2916197
 2381.115 80.8260015
 2381.215 81.5573411
 2381.315 80.291238
 2381.415 80.2622288
 2381.515 82.4528122
 2381.615 81.4901617
 2381.715 81.6111609
 2381.815 81.3203046
 2381.915 81.8023933
 2382.015 82.5215184
 2382.115 82.203943
 2382.215 80.5798042
 2382.315 80.7782888
 2382.415 81.8875126
 2382.515 81.5195526
 2382.615 82.3844877
 2382.715 81.9985877
 2382.815 81.0664733
 2382.915 81.976449
 2383.015 81.7237628
 2383.115 81.2821345
 2383.215 81.9420959
 2383.315 80.9908964
 2383.415 81.7359773
 2383.515 81.0149436
 2383.615 81.4248907
 2383.715 82.0707292
 2383.815 81.2893868
 2383.915 83.1081932
 2384.015 80.1965761
 2384.115 81.9901903
 2384.215 81.7951409
 2384.315 81.1500658
 2384.415 81.9211024
 2384.515 81.5245148
 2384.615 80.6702674
 2384.715 82.358532
 2384.815 81.5317671
 2384.915 82.7600817
 2385.015 80.4935397
 2385.115 82.0688207
 2385.215 81.7394126
 2385.315 81.8043018
 2385.415 82.0153826
 2385.515 82.8024505
 2385.615 81.1607535
 2385.715 82.6196156
 2385.815  80.66187
 2385.915 81.575281
 2386.015 80.9324961
 2386.115 81.2183904
 2386.215 81.5386377
 2386.315 81.336336
 2386.415  80.84585
 2386.515 80.6882073
 2386.615 81.7111667
 2386.715 80.9893696
 2386.815 81.968815
 2386.915 82.5593068
 2387.015 82.8906235
 2387.115 82.3902132
 2387.215 81.4122946
 2387.315 80.9401302
 2387.415 81.9676699
 2387.515 83.1933126
 2387.615 82.3913583
 2387.715 82.1657728
 2387.815 83.043304
 2387.915 81.0199057
 2388.015 81.3050365
 2388.115 81.6451324
 2388.215 82.8474913
 2388.315 81.7806363
 2388.415 81.9596542
 2388.515 81.4939787
 2388.615 82.0932496
 2388.715 82.3230338
 2388.815 81.0340287
 2388.915 82.5272439
 2389.015 80.3267363
 2389.115 82.0604233
 2389.215 82.2050881
 2389.315 81.3794683
 2389.415 81.9592725
 2389.515 82.9955914
 2389.615 83.2146879
 2389.715 81.0256312
 2389.815 81.8917114
 2389.915 81.8978186


