# Data from DA_130130_E2.h5 stim 1
# Ratiometric estimator
# Ratiometric estimator:
#    Time    Ca (est)    Ca (se)
  750.015 0.0500794373 0.00775480189
  750.115 0.0551532735 0.00807491927
  750.215 0.0610160904 0.0082414842
  750.315 0.042358952 0.00728939765
  750.415 0.0434557976 0.00736661744
  750.515 0.0512310221 0.00793167833
  750.615 0.0616083741 0.00838653166
  750.715 0.0350023124 0.00708028713
  750.815 0.047736781 0.00787133399
  750.915 0.0466761903 0.00752785247
  751.015 0.0663011684 0.0086533027
  751.115 0.0541302052 0.00822582309
  751.215 0.0535262534 0.00771317955
  751.315 0.0434835856 0.0073085989
  751.415 0.0544480111 0.00793993607
  751.515 0.050520787 0.00831342432
  751.615 0.096544026 0.0106946373
  751.715 0.130086496 0.0124445006
  751.815 0.157955404 0.0151566338
  751.915 0.155046527 0.0144732552
  752.015 0.174478705 0.0169429905
  752.115 0.206583346 0.0188035387
  752.215 0.145871374 0.0136586971
  752.315 0.145294921 0.0144926781
  752.415 0.160125395 0.0149770618
  752.515 0.141180851 0.0138536011
  752.615 0.104711788 0.0112325714
  752.715 0.0986554562 0.011022502
  752.815 0.103101156 0.0112139164
  752.915 0.11602414 0.0120401069
  753.015 0.0952230261 0.0107917041
  753.115 0.0839874152 0.00984805435
  753.215 0.103074698 0.0111221459
  753.315 0.091548009 0.0103051694
  753.415 0.091132824 0.0108116559
  753.515 0.100100154 0.0106483055
  753.615 0.0996759326 0.010957577
  753.715 0.0987370601 0.0105308421
  753.815 0.0904198008 0.010459163
  753.915 0.0861891383 0.0101190078
  754.015 0.0869085524 0.0102537528
  754.115 0.071360816 0.00907592296
  754.215 0.0758833097 0.0095322738
  754.315 0.0764373135 0.00919963907
  754.415 0.0597371217 0.00849502743
  754.515 0.0736110359 0.00939304991
  754.615 0.0578058182 0.008420973
  754.715 0.0772463994 0.00898363312
  754.815 0.076869139 0.00894636183
  754.915 0.0609833677 0.00841053374
  755.015 0.0520900184 0.00810645144
  755.115 0.0650297598 0.0083574713
  755.215 0.0467255133 0.00766271767
  755.315 0.0790080637 0.00932704616
  755.415 0.0689644882 0.00876817238
  755.515 0.0659093598 0.0086672406
  755.615 0.0546139893 0.00820872303
  755.715 0.0545456218 0.00793625951
  755.815 0.0703334053 0.00865681
  755.915 0.0508461284 0.00772877186
  756.015 0.0521235271 0.00799505838
  756.115 0.0484105388 0.00775827314
  756.215 0.0366393252 0.0071226505
  756.315 0.055879299 0.00810973997
  756.415 0.0500472997 0.00779787127
  756.515 0.0574306031 0.00809611699
  756.615 0.0403034709 0.00713827091
  756.715 0.0570480138 0.00790443033
  756.815 0.0575644007 0.00802216672
  756.915 0.0491045993 0.00778453294
  757.015 0.0563580019 0.00813874604
  757.115 0.0395431832 0.00732387555
  757.215 0.0464057163 0.00772599414
  757.315 0.0659413009 0.0084615981
  757.415 0.0526447705 0.00804751648
  757.515 0.059459124 0.00789347223
  757.615 0.0530395491 0.00789519817
  757.715 0.0613722293 0.00820068211
  757.815 0.0499259238 0.00774477048
  757.915 0.0528665203 0.00777058023
  758.015 0.0604081277 0.00771870951
  758.115 0.075224302 0.00885425293
  758.215 0.0557060306 0.00787916155
  758.315 0.0513396045 0.00780912704
  758.415 0.0502319364 0.00765653418
  758.515 0.0469659478 0.00758933008
  758.615 0.0572352594 0.00805312133
  758.715 0.0517357293 0.00783858056
  758.815 0.046008354 0.00714925314
  758.915 0.0441390774 0.00737138458
  759.015 0.0437620989 0.00733333295
  759.115 0.0422632904 0.00703887579
  759.215 0.0459928107 0.00746955544
  759.315 0.0477298159 0.00744354217
  759.415 0.0523149992 0.0076915398
  759.515 0.0490032881 0.00740603603
  759.615 0.0498026072 0.00730462592
  759.715 0.0459764109 0.00750645799
  759.815 0.0363205274 0.00701462129
  759.915 0.0545301511 0.00772182413
  760.015 0.0531187855 0.00762232806
  760.115 0.0593055239 0.0079475743
  760.215 0.0347604769 0.00696509724
  760.315 0.0414954034 0.00694081257
  760.415 0.046048515 0.00740431103
  760.515 0.0399720876 0.00703448318
  760.615 0.046190632 0.00719335091
  760.715 0.0426596234 0.00712491358
  760.815 0.0426715628 0.0071146771
  760.915 0.0524624215 0.00798502753
  761.015 0.0498624819 0.00755159785
  761.115 0.0488666986 0.00728682642
  761.215 0.05429041 0.00795137914
  761.315 0.04800164 0.00745388895
  761.415 0.0450355639 0.00742099012
  761.515 0.0522721501 0.00767855798
  761.615 0.0552491119 0.0076151537
  761.715 0.0536026568 0.00799295881
  761.815 0.0611931274 0.00773211787
  761.915 0.0412357888 0.0071758824
  762.015 0.0488362751 0.00728706076
  762.115 0.0350444204 0.00697321669
  762.215 0.0446656362 0.00734789171
  762.315 0.0480009215 0.00725849286
  762.415 0.0506863889 0.00731675755
  762.515 0.0606768488 0.00794645459
  762.615 0.0612923263 0.00800832609
  762.715 0.0523751416 0.00759061587
  762.815 0.030789226 0.00654144258
  762.915 0.0591285288 0.00785881301
  763.015 0.0373583222 0.00726244275
  763.115 0.045643828 0.00719186673
  763.215 0.0443420079 0.00722116142
  763.315 0.0438683676 0.00717536688
  763.415 0.0548503878 0.0078537693
  763.515 0.0464824449 0.00728711199
  763.615 0.0371003852 0.00674982062
  763.715 0.0431879994 0.00709327694
  763.815 0.049557366 0.00744933156
  763.915 0.0498035738 0.00742159915
  764.015 0.0446307423 0.00711282359
  764.115 0.045855465 0.00726363564
  764.215 0.0399908671 0.00680514853
  764.315 0.0523643881 0.0075321081
  764.415 0.0538671213 0.00753050761
  764.515 0.0486150101 0.00732821844
  764.615 0.0442074932 0.00728934268
  764.715 0.0484290727 0.00708534207
  764.815 0.0478004752 0.00719241482
  764.915 0.0476404408 0.00742137418
  765.015 0.047194103 0.00724852867
  765.115 0.0620659572 0.00783067548
  765.215 0.0607915976 0.00787922888
  765.315 0.0396459856 0.00688458833
  765.415 0.0456070375 0.00721109812
  765.515 0.0451210596 0.00707952077
  765.615 0.0480486534 0.00734799546
  765.715 0.0604747099 0.00771071873
  765.815 0.0442355799 0.00739940676
  765.915 0.0436389628 0.00703874372
  766.015 0.0478805939 0.0074257262
  766.115 0.0456854044 0.00703300343
  766.215 0.0592403921 0.0076396294
  766.315 0.0387689661 0.00674243079
  766.415 0.0626859755 0.00825885252
  766.515 0.0504422941 0.00754759202
  766.615 0.0475854767 0.00722966442
  766.715 0.057330634 0.0078710459
  766.815 0.0353305592 0.00652923439
  766.915 0.0546603749 0.00757585102
  767.015 0.0458971317 0.00719265367
  767.115 0.052698788 0.00757214197
  767.215 0.0585577086 0.00773525969
  767.315 0.059069082 0.00791952542
  767.415 0.0381948938 0.00674641319
  767.515 0.054983878 0.00782873558
  767.615 0.042036837 0.00716046604
  767.715 0.0454247047 0.00708140458
  767.815 0.0570461475 0.00744099848
  767.915 0.0378869506 0.00690943921
  768.015 0.0456832772 0.0071346808
  768.115 0.0402011621 0.00698167077
  768.215 0.0386570612 0.00684350267
  768.315 0.049831299 0.00749480704
  768.415 0.0454550818 0.00714224845
  768.515 0.0402003547 0.00711057841
  768.615 0.0474133472 0.00715764867
  768.715 0.0299297928 0.00642671518
  768.815 0.0394645186 0.00678591937
  768.915 0.038115107 0.00688183067
  769.015 0.04681074 0.00714157677
  769.115 0.0518899869 0.00722040541
  769.215 0.0505388483 0.00749577105
  769.315 0.0540945296 0.00771770935
  769.415 0.032676139 0.00665559178
  769.515 0.0419864184 0.00684490761
  769.615 0.0432445476 0.00679761821
  769.715 0.0431901884 0.00701989845
  769.815 0.0367387098 0.00679969193
  769.915 0.0377331094 0.00686860406


