# τ vs max κ linear regression for data set DA_130130_E2.h5
# Using stimulation: 1, 2, 3, 4, 5
# Best fit: tau = 0.471682 + 0.0145441 kappa_Fura
# Covariance matrix:
# [ +4.16516e-02, -2.59953e-04  
#   -2.59953e-04, +1.96073e-06  ]
# Total sum of squares (TSS) = 130.139
# chisq (Residual sum of squares, RSS) = 22.2549
# Probability of observing a larger of equal RSS per DOF under the null hypothesis: 5.77309e-05
# R squared (1-RSS/TSS) = 0.828991
# Estimated gamma/v with standard error: 68.7563 +/- 6.61963
# Estimates kappa_S with standard error (using error propagation): 31.4311 +/- 14.3755
# kappa_S confidence intervals based on parametric bootstrap
# 0.95 CI for kappa_S: [2.90292,70.3198]
# 0.99 CI for kappa_S: [-4.46584,86.846]


# The data
# κ_Fura  τ   τ_SE
58.6868 1.82178 0.179009
114.077 1.78303 0.127275
178.401 3.12474 0.190503
240.926 3.88232 0.267584
276.362 5.70377 0.462412


# The fitted data
# Preticted values with lower and upper bounds of 0.95 CI
# κ_Fura  τ   τ_lwr  τ_upr
-40.2889 -0.114284 -0.61698 0.388411
-38.967 -0.0950589 -0.594332 0.404214
-37.6451 -0.0758334 -0.571687 0.42002
-36.3233 -0.0566079 -0.549045 0.435829
-35.0014 -0.0373824 -0.526406 0.451641
-33.6795 -0.0181569 -0.50377 0.467456
-32.3576 0.00106865 -0.481137 0.483274
-31.0358 0.0202942 -0.458507 0.499096
-29.7139 0.0395197 -0.435881 0.51492
-28.392 0.0587452 -0.413258 0.530748
-27.0701 0.0779707 -0.390639 0.54658
-25.7483 0.0971962 -0.368023 0.562415
-24.4264 0.116422 -0.34541 0.578254
-23.1045 0.135647 -0.322802 0.594096
-21.7826 0.154873 -0.300197 0.609943
-20.4608 0.174098 -0.277596 0.625793
-19.1389 0.193324 -0.254999 0.641647
-17.817 0.212549 -0.232406 0.657505
-16.4951 0.231775 -0.209817 0.673367
-15.1733 0.251 -0.187232 0.689233
-13.8514 0.270226 -0.164652 0.705104
-12.5295 0.289451 -0.142076 0.720979
-11.2076 0.308677 -0.119505 0.736859
-9.88575 0.327902 -0.096938 0.752743
-8.56387 0.347128 -0.0743759 0.768632
-7.242 0.366353 -0.0518188 0.784526
-5.92012 0.385579 -0.0292665 0.800424
-4.59824 0.404804 -0.00671943 0.816328
-3.27637 0.42403 0.0158225 0.832238
-1.95449 0.443256 0.038359 0.848152
-0.632616 0.462481 0.0608901 0.864072
0.68926 0.481707 0.0834156 0.879998
2.01114 0.500932 0.105935 0.895929
3.33301 0.520158 0.128449 0.911866
4.65489 0.539383 0.150957 0.927809
5.97676 0.558609 0.173458 0.943759
7.29864 0.577834 0.195954 0.959715
8.62052 0.59706 0.218442 0.975677
9.94239 0.616285 0.240924 0.991646
11.2643 0.635511 0.2634 1.00762
12.5861 0.654736 0.285868 1.0236
13.908 0.673962 0.308328 1.0396
15.2299 0.693187 0.330782 1.05559
16.5518 0.712413 0.353228 1.0716
17.8736 0.731638 0.375665 1.08761
19.1955 0.750864 0.398095 1.10363
20.5174 0.770089 0.420517 1.11966
21.8393 0.789315 0.44293 1.1357
23.1612 0.80854 0.465334 1.15175
24.483 0.827766 0.48773 1.1678
25.8049 0.846991 0.510116 1.18387
27.1268 0.866217 0.532492 1.19994
28.4487 0.885442 0.554859 1.21603
29.7705 0.904668 0.577216 1.23212
31.0924 0.923893 0.599562 1.24822
32.4143 0.943119 0.621898 1.26434
33.7362 0.962344 0.644223 1.28047
35.058 0.98157 0.666536 1.2966
36.3799 1.0008 0.688838 1.31275
37.7018 1.02002 0.711128 1.32891
39.0237 1.03925 0.733406 1.34509
40.3455 1.05847 0.755671 1.36127
41.6674 1.0777 0.777922 1.37747
42.9893 1.09692 0.800161 1.39369
44.3112 1.11615 0.822385 1.40991
45.633 1.13537 0.844595 1.42615
46.9549 1.1546 0.86679 1.44241
48.2768 1.17383 0.88897 1.45868
49.5987 1.19305 0.911135 1.47497
50.9205 1.21228 0.933283 1.49127
52.2424 1.2315 0.955414 1.50759
53.5643 1.25073 0.977528 1.52393
54.8862 1.26995 0.999624 1.54028
56.208 1.28918 1.0217 1.55665
57.5299 1.3084 1.04376 1.57305
58.8518 1.32763 1.0658 1.58946
60.1737 1.34685 1.08782 1.60589
61.4956 1.36608 1.10982 1.62234
62.8174 1.38531 1.13179 1.63882
64.1393 1.40453 1.15375 1.65531
65.4612 1.42376 1.17568 1.67183
66.7831 1.44298 1.19759 1.68838
68.1049 1.46221 1.21947 1.70495
69.4268 1.48143 1.24133 1.72154
70.7487 1.50066 1.26316 1.73816
72.0706 1.51988 1.28496 1.75481
73.3924 1.53911 1.30674 1.77148
74.7143 1.55834 1.32848 1.78819
76.0362 1.57756 1.3502 1.80492
77.3581 1.59679 1.37189 1.82169
78.6799 1.61601 1.39354 1.83848
80.0018 1.63524 1.41516 1.85531
81.3237 1.65446 1.43675 1.87218
82.6456 1.67369 1.4583 1.88908
83.9674 1.69291 1.47982 1.90601
85.2893 1.71214 1.5013 1.92298
86.6112 1.73137 1.52273 1.94
87.9331 1.75059 1.54413 1.95705
89.2549 1.76982 1.56549 1.97414
90.5768 1.78904 1.58681 1.99128
91.8987 1.80827 1.60808 2.00846
93.2206 1.82749 1.6293 2.02568
94.5425 1.84672 1.65048 2.04295
95.8643 1.86594 1.67161 2.06027
97.1862 1.88517 1.6927 2.07764
98.5081 1.90439 1.71373 2.09506
99.83 1.92362 1.73471 2.11254
101.152 1.94285 1.75563 2.13006
102.474 1.96207 1.7765 2.14764
103.796 1.9813 1.79731 2.16528
105.117 2.00052 1.81806 2.18298
106.439 2.01975 1.83876 2.20074
107.761 2.03897 1.85939 2.21856
109.083 2.0582 1.87996 2.23644
110.405 2.07742 1.90047 2.25438
111.727 2.09665 1.92091 2.27239
113.049 2.11588 1.94128 2.29047
114.371 2.1351 1.96159 2.30862
115.692 2.15433 1.98182 2.32683
117.014 2.17355 2.00199 2.34512
118.336 2.19278 2.02208 2.36348
119.658 2.212 2.0421 2.38191
120.98 2.23123 2.06204 2.40041
122.302 2.25045 2.08191 2.41899
123.624 2.26968 2.10171 2.43765
124.946 2.28891 2.12143 2.45638
126.267 2.30813 2.14107 2.47519
127.589 2.32736 2.16063 2.49408
128.911 2.34658 2.18011 2.51305
130.233 2.36581 2.19952 2.53209
131.555 2.38503 2.21885 2.55122
132.877 2.40426 2.23809 2.57042
134.199 2.42348 2.25726 2.58971
135.521 2.44271 2.27635 2.60907
136.842 2.46193 2.29536 2.62851
138.164 2.48116 2.31429 2.64803
139.486 2.50039 2.33315 2.66763
140.808 2.51961 2.35192 2.6873
142.13 2.53884 2.37062 2.70705
143.452 2.55806 2.38924 2.72688
144.774 2.57729 2.40779 2.74679
146.096 2.59651 2.42626 2.76677
147.417 2.61574 2.44466 2.78682
148.739 2.63496 2.46298 2.80694
150.061 2.65419 2.48124 2.82714
151.383 2.67342 2.49942 2.84741
152.705 2.69264 2.51754 2.86774
154.027 2.71187 2.53559 2.88815
155.349 2.73109 2.55357 2.90862
156.671 2.75032 2.57148 2.92915
157.992 2.76954 2.58934 2.94975
159.314 2.78877 2.60713 2.97041
160.636 2.80799 2.62486 2.99113
161.958 2.82722 2.64253 3.01191
163.28 2.84645 2.66014 3.03275
164.602 2.86567 2.6777 3.05364
165.924 2.8849 2.6952 3.07459
167.246 2.90412 2.71265 3.09559
168.568 2.92335 2.73005 3.11665
169.889 2.94257 2.74739 3.13775
171.211 2.9618 2.76469 3.15891
172.533 2.98102 2.78194 3.18011
173.855 3.00025 2.79915 3.20135
175.177 3.01947 2.81631 3.22264
176.499 3.0387 2.83342 3.24398
177.821 3.05793 2.8505 3.26535
179.143 3.07715 2.86753 3.28677
180.464 3.09638 2.88452 3.30823
181.786 3.1156 2.90148 3.32972
183.108 3.13483 2.9184 3.35126
184.43 3.15405 2.93528 3.37282
185.752 3.17328 2.95213 3.39443
187.074 3.1925 2.96895 3.41606
188.396 3.21173 2.98573 3.43773
189.718 3.23096 3.00248 3.45943
191.039 3.25018 3.0192 3.48116
192.361 3.26941 3.03589 3.50292
193.683 3.28863 3.05255 3.52471
195.005 3.30786 3.06919 3.54653
196.327 3.32708 3.0858 3.56837
197.649 3.34631 3.10238 3.59024
198.971 3.36553 3.11894 3.61213
200.293 3.38476 3.13547 3.63405
201.614 3.40398 3.15198 3.65599
202.936 3.42321 3.16846 3.67796
204.258 3.44244 3.18493 3.69994
205.58 3.46166 3.20137 3.72195
206.902 3.48089 3.2178 3.74398
208.224 3.50011 3.2342 3.76603
209.546 3.51934 3.25058 3.78809
210.868 3.53856 3.26695 3.81018
212.189 3.55779 3.28329 3.83228
213.511 3.57701 3.29962 3.85441
214.833 3.59624 3.31593 3.87655
216.155 3.61547 3.33223 3.8987
217.477 3.63469 3.34851 3.92087
218.799 3.65392 3.36477 3.94306
220.121 3.67314 3.38102 3.96526
221.443 3.69237 3.39726 3.98748
222.764 3.71159 3.41348 4.00971
224.086 3.73082 3.42968 4.03195
225.408 3.75004 3.44588 4.05421
226.73 3.76927 3.46206 4.07648
228.052 3.7885 3.47823 4.09876
229.374 3.80772 3.49438 4.12106
230.696 3.82695 3.51053 4.14337
232.018 3.84617 3.52666 4.16569
233.339 3.8654 3.54278 4.18802
234.661 3.88462 3.55889 4.21036
235.983 3.90385 3.57499 4.23271
237.305 3.92307 3.59108 4.25507
238.627 3.9423 3.60716 4.27744
239.949 3.96152 3.62323 4.29982
241.271 3.98075 3.63929 4.32221
242.593 3.99998 3.65534 4.34461
243.914 4.0192 3.67138 4.36702
245.236 4.03843 3.68742 4.38944
246.558 4.05765 3.70344 4.41186
247.88 4.07688 3.71946 4.43429
249.202 4.0961 3.73547 4.45674
250.524 4.11533 3.75147 4.47918
251.846 4.13455 3.76747 4.50164
253.168 4.15378 3.78345 4.52411
254.489 4.17301 3.79943 4.54658
255.811 4.19223 3.81541 4.56906
257.133 4.21146 3.83137 4.59154
258.455 4.23068 3.84733 4.61403
259.777 4.24991 3.86329 4.63653
261.099 4.26913 3.87923 4.65903
262.421 4.28836 3.89517 4.68154
263.743 4.30758 3.91111 4.70406
265.064 4.32681 3.92704 4.72658
266.386 4.34604 3.94296 4.74911
267.708 4.36526 3.95888 4.77165
269.03 4.38449 3.97479 4.79418
270.352 4.40371 3.9907 4.81673
271.674 4.42294 4.0066 4.83928
272.996 4.44216 4.02249 4.86183
274.318 4.46139 4.03838 4.88439
275.639 4.48061 4.05427 4.90696
276.961 4.49984 4.07015 4.92952
278.283 4.51906 4.08603 4.9521
279.605 4.53829 4.1019 4.97468
280.927 4.55752 4.11777 4.99726
282.249 4.57674 4.13364 5.01984
283.571 4.59597 4.1495 5.04244
284.893 4.61519 4.16535 5.06503
286.214 4.63442 4.18121 5.08763
287.536 4.65364 4.19705 5.11023
288.858 4.67287 4.2129 5.13284
