# Data from DA_130130_E2.h5 stim 4
# Ratiometric estimator
# Ratiometric estimator:
#    Time    Ca (est)    Ca (se)
 1950.015 0.0346809471 0.00221971964
 1950.115 0.0375754434 0.00227950412
 1950.215 0.0318140135 0.0021807571
 1950.315 0.0357427062 0.00227080827
 1950.415 0.0383309485 0.00228364701
 1950.515 0.036247171 0.00224904363
 1950.615 0.0370506333 0.00223182331
 1950.715 0.0385114864 0.00226794294
 1950.815 0.0347940136 0.00224185588
 1950.915 0.0369402565 0.00227033871
 1951.015 0.0326422562 0.00220247756
 1951.115 0.0328276136 0.00220581065
 1951.215 0.0348203685 0.00221625153
 1951.315 0.0332483857 0.00219232323
 1951.415 0.0363263912 0.00225071752
 1951.515 0.0393539065 0.00231688243
 1951.615 0.0578507272 0.00267808237
 1951.715 0.0738978783 0.00291757979
 1951.815 0.0690095265 0.00287585274
 1951.915 0.0809524781 0.00307101023
 1952.015 0.08701265 0.00325899185
 1952.115 0.0879827806 0.00328211024
 1952.215 0.0782754301 0.00304025619
 1952.315 0.0836697879 0.00314481853
 1952.415 0.0805903346 0.00308935354
 1952.515 0.0778438548 0.00306156195
 1952.615 0.0761489375 0.00302831391
 1952.715 0.0788513193 0.00304686014
 1952.815 0.0749680914 0.0029613478
 1952.915 0.0747248726 0.00295701092
 1953.015 0.0741441984 0.00294453407
 1953.115 0.072622522 0.00292827215
 1953.215 0.076134456 0.00294967737
 1953.315 0.0742659412 0.00294652761
 1953.415 0.0708099714 0.0029164633
 1953.515 0.0693160214 0.00283848263
 1953.615 0.0656556291 0.00279685212
 1953.715 0.0651596653 0.00277421438
 1953.815 0.0641891118 0.00275803839
 1953.915 0.0648102966 0.00278677126
 1954.015 0.0649731521 0.00277299059
 1954.115 0.0667555507 0.00278693796
 1954.215 0.0634189786 0.002787487
 1954.315 0.0581319336 0.00262360067
 1954.415 0.0624985284 0.00273961367
 1954.515 0.0596740881 0.00268107905
 1954.615 0.0625263216 0.0027276443
 1954.715 0.0545370064 0.00255783287
 1954.815 0.0622547606 0.00268184065
 1954.915 0.0601020399 0.00266189125
 1955.015 0.0563532913 0.00260895949
 1955.115 0.0565008777 0.00254118572
 1955.215 0.057807515 0.00263568574
 1955.315 0.0549592756 0.00255501149
 1955.415 0.0498353494 0.00251004866
 1955.515 0.0498132146 0.0024674416
 1955.615 0.0565174371 0.00261370087
 1955.715 0.0538056808 0.0025425765
 1955.815 0.0538481115 0.00252910866
 1955.915 0.0545937757 0.00260487418
 1956.015 0.0513096845 0.00255180365
 1956.115 0.0541595135 0.00255078413
 1956.215 0.0541479368 0.00255368496
 1956.315 0.0528622767 0.00255957824
 1956.415 0.0495721755 0.00245093615
 1956.515 0.0479951646 0.00248143303
 1956.615 0.0533177383 0.0025350602
 1956.715 0.0465950615 0.00245289863
 1956.815 0.0475440107 0.00241007898
 1956.915 0.0481942193 0.00245719774
 1957.015 0.0441338646 0.00242214944
 1957.115 0.0472930204 0.00245651674
 1957.215 0.0488168381 0.00248115216
 1957.315 0.0466279578 0.0024559943
 1957.415 0.0452516804 0.00245031183
 1957.515 0.0456977426 0.00238634945
 1957.615 0.0434056307 0.00237404847
 1957.715 0.0458453374 0.00241419299
 1957.815 0.0442069184 0.00238322765
 1957.915 0.049317367 0.00248708399
 1958.015 0.046826093 0.00243496745
 1958.115 0.0436449964 0.0024009211
 1958.215 0.0460178515 0.0024458072
 1958.315 0.0413412297 0.00235801065
 1958.415 0.0424344077 0.00235155151
 1958.515 0.050342649 0.00250361922
 1958.615 0.0420525607 0.00237329938
 1958.715 0.0459301931 0.00241963172
 1958.815 0.0405008778 0.00235154902
 1958.915 0.0413121259 0.00238332693
 1959.015 0.0457761852 0.00240853541
 1959.115 0.0415707929 0.00233912748
 1959.215 0.0391694209 0.00232491576
 1959.315 0.0445671631 0.00239918954
 1959.415 0.0403431735 0.00229619276
 1959.515 0.0454079276 0.00241759111
 1959.615 0.0422167628 0.00232747537
 1959.715 0.0391595816 0.00232582842
 1959.815 0.0438990464 0.00237987586
 1959.915 0.0448511469 0.00239514924
 1960.015 0.0396322232 0.00233755496
 1960.115 0.0423246103 0.00233629326
 1960.215 0.0424967599 0.00234014359
 1960.315 0.0426595843 0.00233722873
 1960.415 0.0387827045 0.00231864367
 1960.515 0.0423356704 0.00236442147
 1960.615 0.0407232622 0.00233792786
 1960.715 0.0447448224 0.00239483131
 1960.815 0.0383188363 0.00230050948
 1960.915 0.0380629484 0.00232010342
 1961.015 0.0415795554 0.00236509587
 1961.115 0.038908119 0.00230126659
 1961.215 0.0357889768 0.0023102169
 1961.315 0.0373568445 0.00229359325
 1961.415 0.0412004615 0.00235171143
 1961.515 0.0384167979 0.00226047438
 1961.615 0.0395319091 0.00232887489
 1961.715 0.040322822 0.00235934315
 1961.815 0.0394828918 0.00230286431
 1961.915 0.0380639715 0.00228423772
 1962.015 0.0394364331 0.00231117562
 1962.115 0.0380404646 0.00232879228
 1962.215 0.0406808978 0.0023490732
 1962.315 0.0414129531 0.00233693505
 1962.415 0.0357408317 0.00224970473
 1962.515 0.0333890709 0.0022475193
 1962.615 0.0376192937 0.00231108669
 1962.715 0.0388830094 0.00229634351
 1962.815 0.0389004633 0.00230319312
 1962.915 0.0428830169 0.00234705196
 1963.015 0.0369808486 0.00232378461
 1963.115 0.0384863877 0.00228604257
 1963.215 0.0390064906 0.00232810476
 1963.315 0.0386031172 0.00232013252
 1963.415 0.0357153246 0.00227789923
 1963.515 0.0371094662 0.00229175352
 1963.615 0.0401251987 0.00230254236
 1963.715 0.0372057627 0.00227297881
 1963.815 0.0369372279 0.00224744632
 1963.915 0.0372014458 0.0022637885
 1964.015 0.0370026823 0.00226201333
 1964.115 0.0363436424 0.00226350348
 1964.215 0.0383752118 0.00227149851
 1964.315 0.0387041306 0.0022692211
 1964.415 0.0395271203 0.00231484097
 1964.515 0.0380817585 0.0022698784
 1964.615 0.0344594707 0.00223916395
 1964.715 0.0350985828 0.00222581816
 1964.815 0.0353730692 0.00224672173
 1964.915 0.039108441 0.00235413679
 1965.015 0.0376136431 0.00228153632
 1965.115 0.0353421329 0.00223086974
 1965.215 0.0347709696 0.00222607014
 1965.315 0.0392942217 0.00229140491
 1965.415 0.0341202 0.00221580783
 1965.515 0.0353538055 0.0021833785
 1965.615 0.0391199825 0.00228591223
 1965.715 0.0366901187 0.00225171615
 1965.815 0.0366323945 0.0022701914
 1965.915 0.0358221496 0.00225309533
 1966.015 0.034296735 0.00226178892
 1966.115 0.0356804849 0.00221381604
 1966.215 0.038581116 0.00224588509
 1966.315 0.0349445562 0.00223213641
 1966.415 0.0378998861 0.00229815695
 1966.515 0.0386696498 0.00230811376
 1966.615 0.0394967141 0.0023295031
 1966.715 0.0367762274 0.00224951377
 1966.815 0.0368957626 0.00227022284
 1966.915 0.0349652043 0.00222376842
 1967.015 0.0359024255 0.00223682521
 1967.115 0.0374820448 0.0022506762
 1967.215 0.0362112744 0.00226327908
 1967.315 0.0365967729 0.0022359096
 1967.415 0.0360799458 0.00225505567
 1967.515 0.0356139046 0.00224432212
 1967.615 0.036520847 0.00224594863
 1967.715 0.0391225046 0.0022916469
 1967.815 0.0343026617 0.00221186242
 1967.915 0.0371752542 0.00224846486
 1968.015 0.0380330146 0.00228007951
 1968.115 0.0312566681 0.00215735336
 1968.215 0.0346733344 0.00220040896
 1968.315 0.0345468916 0.00227712827
 1968.415 0.034032413 0.00222451849
 1968.515 0.0373150342 0.00227902135
 1968.615 0.0364091004 0.0022499205
 1968.715 0.034940994 0.00220729622
 1968.815 0.0337216686 0.00219655091
 1968.915 0.0354743106 0.00223120219
 1969.015 0.0362380609 0.00226223309
 1969.115 0.0376531214 0.0022685343
 1969.215 0.0338732303 0.00221072654
 1969.315 0.0327371714 0.0022478719
 1969.415 0.0315593275 0.0021911361
 1969.515 0.0382422555 0.00225324792
 1969.615 0.0385295453 0.00230500924
 1969.715 0.0338096088 0.00220232762
 1969.815 0.0347640112 0.00219753273
 1969.915 0.0344018099 0.00222966554


