# Data from DA_130130_E2.h5 stim 5
# Ratiometric estimator
# Ratiometric estimator:
#    Time    Ca (est)    Ca (se)
 2370.015 0.0379101135 0.00206852997
 2370.115 0.035739305 0.00203305366
 2370.215 0.036067104 0.00204301871
 2370.315 0.0351716943 0.00203428535
 2370.415 0.0334424689 0.0020095892
 2370.515 0.0328668667 0.00199224965
 2370.615 0.0344744123 0.00199086187
 2370.715 0.0318372671 0.0019724469
 2370.815 0.0352385901 0.0020199506
 2370.915 0.0372316162 0.00205477031
 2371.015 0.0361319949 0.00207121897
 2371.115 0.0339351035 0.00204193494
 2371.215 0.0347081755 0.0020158
 2371.315 0.0373284885 0.00205245503
 2371.415 0.035491087 0.00202306632
 2371.515 0.0366269175 0.00206715897
 2371.615 0.0510834681 0.00227017646
 2371.715 0.0636626735 0.00246915014
 2371.815 0.06684169 0.00255754342
 2371.915 0.0739216655 0.00268322017
 2372.015 0.0803225767 0.00281354906
 2372.115 0.0801023777 0.00284266666
 2372.215 0.0773464345 0.00273491844
 2372.315 0.0772688594 0.00273123727
 2372.415 0.0734331946 0.00267831817
 2372.515 0.0766578446 0.00276433501
 2372.615 0.0714904499 0.00267004825
 2372.715 0.0665555669 0.00256186807
 2372.815 0.0755700365 0.00271490821
 2372.915 0.0676527508 0.00258304616
 2373.015 0.0685961154 0.00257156777
 2373.115 0.0675454725 0.00257240089
 2373.215 0.0696384566 0.00255702972
 2373.315 0.0688466391 0.00258868087
 2373.415 0.0653677422 0.00256493553
 2373.515 0.0676379387 0.00253481878
 2373.615 0.068667968 0.00259024627
 2373.715 0.0664429796 0.00252571394
 2373.815 0.0650908708 0.00249639056
 2373.915 0.0632238834 0.00248206812
 2374.015 0.0676092762 0.00254088511
 2374.115 0.0646841937 0.00248737657
 2374.215 0.0619355497 0.00249372552
 2374.315 0.0655637215 0.00251740616
 2374.415 0.059312765 0.002430663
 2374.515 0.062657538 0.00249060149
 2374.615 0.0590177068 0.00244135094
 2374.715 0.0598651151 0.00238954687
 2374.815 0.0621168848 0.00243597533
 2374.915 0.0585493319 0.0023771117
 2375.015 0.0594791308 0.00241359249
 2375.115 0.0575927038 0.00234208205
 2375.215 0.0590580185 0.00238363866
 2375.315 0.0550155113 0.00232645732
 2375.415 0.0594569005 0.00242764939
 2375.515 0.0571958103 0.00235668317
 2375.615 0.0523701958 0.00231891153
 2375.715 0.0530175201 0.0023096796
 2375.815 0.0605501336 0.00239888916
 2375.915 0.0537997864 0.00234138025
 2376.015 0.0552320273 0.00240355792
 2376.115 0.0548303231 0.00231226306
 2376.215 0.0527868407 0.00231096251
 2376.315 0.0519617306 0.00228788753
 2376.415 0.0552404617 0.00231925446
 2376.515 0.0527889245 0.00233926195
 2376.615 0.0499718218 0.00226964569
 2376.715 0.0507950294 0.00226659738
 2376.815 0.0520768567 0.00228042881
 2376.915 0.0519183173 0.00229072358
 2377.015 0.0467265831 0.00223472415
 2377.115 0.0499628706 0.00227320981
 2377.215 0.0498316748 0.00227011587
 2377.315 0.0448985991 0.00219631395
 2377.415 0.0505609253 0.00230314029
 2377.515 0.0479442389 0.00219678894
 2377.615 0.0480958542 0.00221883921
 2377.715 0.0451358913 0.00218080657
 2377.815 0.0475841299 0.00220568924
 2377.915 0.0485555574 0.00224771169
 2378.015 0.0476475893 0.00222110397
 2378.115 0.0515301932 0.00230906116
 2378.215 0.0486412083 0.00224609116
 2378.315 0.0514769834 0.00227473082
 2378.415 0.0508028075 0.00226194938
 2378.515 0.0443624675 0.00220642734
 2378.615 0.043764183 0.00217795821
 2378.715 0.0422281271 0.00215305172
 2378.815 0.0450518149 0.00219037143
 2378.915 0.0464665794 0.00222619884
 2379.015 0.0454651249 0.0021875943
 2379.115 0.0466597245 0.0021950963
 2379.215 0.0489927814 0.0022557502
 2379.315 0.0453401321 0.00218535954
 2379.415 0.0426376211 0.00211670414
 2379.515 0.0461687982 0.00220894803
 2379.615 0.0439269593 0.002137861
 2379.715 0.0435436951 0.0021897071
 2379.815 0.0383217179 0.00208039294
 2379.915 0.0464072319 0.00219760882
 2380.015 0.0462165982 0.00219040105
 2380.115 0.0403699586 0.00208579463
 2380.215 0.0423388189 0.00212383539
 2380.315 0.0443171379 0.00212970521
 2380.415 0.0409858918 0.00214653687
 2380.515 0.0459250485 0.00219625337
 2380.615 0.0437388791 0.00215676427
 2380.715 0.0473887122 0.00223886003
 2380.815 0.041256838 0.00211140463
 2380.915 0.0461537776 0.00221736589
 2381.015 0.0408967418 0.00211099931
 2381.115 0.0400668197 0.00208163503
 2381.215 0.0396661144 0.00214816907
 2381.315 0.0441415584 0.00214815648
 2381.415 0.0463909391 0.00218857305
 2381.515 0.0428827946 0.00212343799
 2381.615 0.0416795117 0.00210813684
 2381.715 0.0420956907 0.00215970484
 2381.815 0.0430803149 0.00212132807
 2381.915 0.0422941039 0.00211149491
 2382.015 0.0418218211 0.00209975332
 2382.115 0.0408216074 0.00213592968
 2382.215 0.043326325 0.00216891002
 2382.315 0.0395284728 0.00207584033
 2382.415 0.0425786934 0.00209743687
 2382.515 0.0390623174 0.00208480728
 2382.615 0.0413599486 0.00214011044
 2382.715 0.0420890673 0.00209540762
 2382.815 0.0460012398 0.00219570756
 2382.915 0.041941278 0.00206789905
 2383.015 0.0418001523 0.00212991078
 2383.115 0.0424764125 0.00209796841
 2383.215 0.0389913733 0.00206291945
 2383.315 0.0403881496 0.00211533954
 2383.415 0.0399787215 0.00212780959
 2383.515 0.0398696077 0.0020922348
 2383.615 0.0382244665 0.00205240371
 2383.715 0.0418085682 0.00211549742
 2383.815 0.0441491267 0.00212480833
 2383.915 0.0418084555 0.00212235285
 2384.015 0.0413045611 0.00211409718
 2384.115 0.0429358926 0.00210474825
 2384.215 0.0374414974 0.00202841879
 2384.315 0.0428978425 0.00208635151
 2384.415 0.0429231424 0.00211794294
 2384.515 0.0395617675 0.00206917927
 2384.615 0.0419620038 0.00212556854
 2384.715 0.0385895074 0.00205909143
 2384.815 0.040417197 0.00208333739
 2384.915 0.040809063 0.00214238263
 2385.015 0.0358012998 0.00203627702
 2385.115 0.0395031196 0.00206470143
 2385.215 0.0374866819 0.00202083098
 2385.315 0.0380139566 0.00204495189
 2385.415 0.0416647616 0.00209177724
 2385.515 0.039677211 0.00202838179
 2385.615 0.0400405524 0.00206713102
 2385.715 0.0375551755 0.0020347753
 2385.815 0.0402879218 0.00210576494
 2385.915 0.0378969513 0.00203862295
 2386.015 0.0402220571 0.0021171409
 2386.115 0.0391457082 0.00205233561
 2386.215 0.0415988076 0.00207293094
 2386.315 0.0367159876 0.00202779597
 2386.415 0.0380815816 0.00206771178
 2386.515 0.0382895998 0.00207848773
 2386.615 0.036372102 0.00202079618
 2386.715 0.0395889298 0.00206335279
 2386.815 0.0360113711 0.00201784951
 2386.915 0.0369917529 0.00203621607
 2387.015 0.0368803006 0.00204594249
 2387.115 0.0387887596 0.00205027592
 2387.215 0.0384159145 0.00205329897
 2387.315 0.0366171263 0.00200829138
 2387.415 0.0331668648 0.00200674739
 2387.515 0.0367316065 0.00202038423
 2387.615 0.0377967528 0.00204492095
 2387.715 0.0372549792 0.00204424508
 2387.815 0.035631764 0.00202994822
 2387.915 0.0387537108 0.00204763736
 2388.015 0.0398524083 0.00206338962
 2388.115 0.0379848842 0.00204435534
 2388.215 0.0370500775 0.00201216269
 2388.315 0.0367961129 0.00206946017
 2388.415 0.0382486903 0.00205763803
 2388.515 0.0365240573 0.00202784686
 2388.615 0.0356710297 0.00201299508
 2388.715 0.0379161363 0.00204246417
 2388.815 0.0363988496 0.00201101936
 2388.915 0.0379250174 0.00201859755
 2389.015 0.0353243195 0.00202151699
 2389.115 0.0381352561 0.00205590585
 2389.215 0.0378499363 0.00204701492
 2389.315 0.0326073414 0.00200078149
 2389.415 0.0327029212 0.00195554806
 2389.515 0.0383628509 0.00203364857
 2389.615 0.0361409051 0.00202664349
 2389.715 0.0367933618 0.0020008576
 2389.815 0.0387132487 0.0020524205
 2389.915 0.0364680197 0.00203037104


