# Data from DA_130130_E2.h5 stim 3
# Ratiometric estimator
# Ratiometric estimator:
#    Time    Ca (est)    Ca (se)
 1540.015 0.0346568722 0.00279760076
 1540.115 0.0281919481 0.00266066611
 1540.215 0.0351364773 0.00280021595
 1540.315 0.0339744298 0.00281068246
 1540.415 0.0350582327 0.0028242246
 1540.515 0.0381926422 0.00284686917
 1540.615 0.0396968318 0.00286051455
 1540.715 0.0384852421 0.00286293015
 1540.815 0.0353582707 0.00279978104
 1540.915 0.0321174715 0.00275526828
 1541.015 0.0385388802 0.00291753169
 1541.115 0.0364487754 0.00284135905
 1541.215 0.035542038 0.00284751263
 1541.315 0.0367712492 0.00286197477
 1541.415 0.0355496108 0.00281066095
 1541.515 0.036884894 0.00288356901
 1541.615 0.0597853461 0.0033989994
 1541.715 0.0796028096 0.00380037418
 1541.815 0.0772948206 0.00379520018
 1541.915 0.0943741034 0.00418947646
 1542.015 0.112592212 0.00474696511
 1542.115 0.0998188518 0.00444507021
 1542.215 0.102953566 0.00444792959
 1542.315 0.098749311 0.00436201173
 1542.415 0.09956876 0.00438518716
 1542.515 0.0930249239 0.00425953737
 1542.615 0.0914009708 0.00422075162
 1542.715 0.0925054854 0.0042431405
 1542.815 0.0827481979 0.00397810684
 1542.915 0.0847021014 0.0039770812
 1543.015 0.0844556894 0.00395057079
 1543.115 0.0846609325 0.00398891456
 1543.215 0.0793284288 0.00381904577
 1543.315 0.0831820306 0.00398875381
 1543.415 0.0864942979 0.00407880351
 1543.515 0.0765070551 0.0037165933
 1543.615 0.0773758957 0.00381965004
 1543.715 0.0702883908 0.00362017839
 1543.815 0.0701323092 0.00360846919
 1543.915 0.0678865784 0.00359006779
 1544.015 0.0708319433 0.00360700211
 1544.115 0.0672620201 0.00353080663
 1544.215 0.0650929424 0.00352299457
 1544.315 0.0693947782 0.00360108087
 1544.415 0.0709471465 0.00359908727
 1544.515 0.0641402244 0.00351984784
 1544.615 0.0575043873 0.00339029894
 1544.715 0.0638623099 0.00341188974
 1544.815 0.0636855581 0.00344585956
 1544.915 0.0617315339 0.00335285388
 1545.015 0.0593802811 0.00336445674
 1545.115 0.0571331364 0.00328692254
 1545.215 0.0605834291 0.00336787261
 1545.315 0.0533330549 0.00314948281
 1545.415 0.0592727877 0.00337020888
 1545.515 0.0574461579 0.00329435266
 1545.615 0.0553753666 0.0032814487
 1545.715 0.059408821 0.00332769482
 1545.815 0.050507463 0.0031922629
 1545.915 0.051116694 0.00321937138
 1546.015 0.0579059244 0.00336717163
 1546.115 0.0590748213 0.00333826133
 1546.215 0.0494949093 0.00316002617
 1546.315 0.043709742 0.00303129922
 1546.415 0.0505158603 0.00316920972
 1546.515 0.0480450754 0.00310538955
 1546.615 0.0533851346 0.00321199767
 1546.715 0.0481041799 0.00308368742
 1546.815 0.0548548601 0.00319440902
 1546.915 0.0477365102 0.00310607502
 1547.015 0.0443912601 0.00301848551
 1547.115 0.0480398392 0.00314564531
 1547.215 0.0449943638 0.00307252421
 1547.315 0.0397277467 0.00298159165
 1547.415 0.0473295861 0.00316342584
 1547.515 0.0436336882 0.00298040364
 1547.615 0.0488878114 0.00311177698
 1547.715 0.0444121499 0.00303576435
 1547.815 0.0462010502 0.00302316403
 1547.915 0.0472935949 0.00309095337
 1548.015 0.0529776767 0.00318764025
 1548.115 0.0503198715 0.0032007192
 1548.215 0.0445820349 0.0030410507
 1548.315 0.0414083944 0.00296718193
 1548.415 0.0378273019 0.0028573729
 1548.515 0.0443420677 0.00306291107
 1548.615 0.0461130829 0.00307824818
 1548.715 0.0402681486 0.00295736007
 1548.815 0.0438449826 0.00301748658
 1548.915 0.0419411218 0.00298587828
 1549.015 0.0494860789 0.00311967545
 1549.115 0.0372625581 0.00286909091
 1549.215 0.0428925154 0.00301852561
 1549.315 0.0402802995 0.0029245949
 1549.415 0.0458355322 0.0029832644
 1549.515 0.0406921017 0.00296560144
 1549.615 0.0367850716 0.0028181475
 1549.715 0.0407140258 0.00293071536
 1549.815 0.0411936495 0.00293911525
 1549.915 0.0438661732 0.00299754926
 1550.015 0.0452389541 0.0030112226
 1550.115 0.0373127564 0.00287115388
 1550.215 0.0362030479 0.00283403931
 1550.315 0.0333739382 0.00275319988
 1550.415 0.0370892003 0.00289371348
 1550.515 0.0351395517 0.00280358588
 1550.615 0.045195761 0.00299198292
 1550.715 0.0386514674 0.00289963257
 1550.815 0.0365878308 0.00287614128
 1550.915 0.0404510898 0.00296153439
 1551.015 0.0414816391 0.00294524133
 1551.115 0.0402855633 0.00292963993
 1551.215 0.0455185836 0.00307381439
 1551.315 0.0451177098 0.00300211043
 1551.415 0.0445669666 0.0029780297
 1551.515 0.0352853082 0.00280777216
 1551.615 0.040134529 0.00294374771
 1551.715 0.0343985661 0.00283509557
 1551.815 0.0375334865 0.00286600635
 1551.915 0.0369456646 0.00289107702
 1552.015 0.04099293 0.00291373663
 1552.115 0.0408328832 0.00293614457
 1552.215 0.0393795973 0.00291205715
 1552.315 0.0401397058 0.0028914319
 1552.415 0.037209035 0.00284644495
 1552.515 0.0376476318 0.00285361795
 1552.615 0.0360626365 0.00290689217
 1552.715 0.0392803309 0.00290023642
 1552.815 0.0380050257 0.0029062316
 1552.915 0.0363123023 0.00277750507
 1553.015 0.0344567566 0.00281607955
 1553.115 0.0414330928 0.00290933359
 1553.215 0.0375378202 0.00286050461
 1553.315 0.0392023865 0.0029164736
 1553.415 0.0394312399 0.00297202405
 1553.515 0.0403707153 0.00292237924
 1553.615 0.0371924803 0.00283183767
 1553.715 0.0406029232 0.00289399759
 1553.815 0.0413559288 0.00288126536
 1553.915 0.0384173622 0.0028947679
 1554.015 0.0363221489 0.00280574361
 1554.115 0.0385521398 0.00283874502
 1554.215 0.0338783877 0.00274970068
 1554.315 0.0387280385 0.00281606866
 1554.415 0.0372547664 0.00280523387
 1554.515 0.0303972396 0.0026884739
 1554.615 0.0394078174 0.00288064259
 1554.715 0.0406778793 0.00291939424
 1554.815 0.0408055956 0.00291054614
 1554.915 0.033580619 0.00281031519
 1555.015 0.0359270011 0.00282381831
 1555.115 0.0403094819 0.00285773103
 1555.215 0.0339051372 0.00272925745
 1555.315 0.0383645132 0.00283500403
 1555.415 0.0403466502 0.0028457759
 1555.515 0.0347885276 0.0027154931
 1555.615 0.0341541056 0.00277666424
 1555.715 0.0367645104 0.00279021629
 1555.815 0.033652952 0.00278689555
 1555.915 0.0387951901 0.00285193454
 1556.015 0.0374618451 0.00285293521
 1556.115 0.0334224702 0.00268125749
 1556.215 0.0365522382 0.00277221138
 1556.315 0.0336577412 0.00275312071
 1556.415 0.039852545 0.00285736129
 1556.515 0.0359592096 0.0028464001
 1556.615 0.0362820661 0.0028162569
 1556.715 0.0372028749 0.00282794689
 1556.815 0.0302558636 0.00269228486
 1556.915 0.0379965837 0.00281671856
 1557.015 0.034472638 0.00275805743
 1557.115 0.0344482415 0.00276944116
 1557.215 0.0316375474 0.00272913747
 1557.315 0.0329047426 0.00272290279
 1557.415 0.0400043447 0.00287271714
 1557.515 0.0359633189 0.00277053533
 1557.615 0.0347260265 0.00280216485
 1557.715 0.0387956026 0.00286412157
 1557.815 0.0314799638 0.00271267239
 1557.915 0.0334588703 0.0027444157
 1558.015 0.0324311127 0.00271055607
 1558.115 0.0385296111 0.00281139177
 1558.215 0.0356877972 0.00278988763
 1558.315 0.0345956679 0.00279893701
 1558.415 0.0379092035 0.00280306499
 1558.515 0.0375221044 0.00280833836
 1558.615 0.0339857955 0.00276704121
 1558.715 0.0377930547 0.00281581441
 1558.815 0.0337739017 0.00270621828
 1558.915 0.0438591416 0.00289115262
 1559.015 0.0336056146 0.00275673231
 1559.115 0.0374030036 0.00282109984
 1559.215 0.0354337145 0.0027877837
 1559.315 0.0406772647 0.00295200581
 1559.415 0.0375724971 0.00282634497
 1559.515 0.0353981135 0.00278178838
 1559.615 0.0389308781 0.00284845305
 1559.715 0.0355126771 0.00273395945
 1559.815 0.0350866079 0.00275040065
 1559.915 0.0366912105 0.002859743


