# τ vs mean κ linear regression for data set DA_130130_E2.h5
# Using stimulation: 1, 2, 3, 4, 5
# Best fit: tau = 0.531881 + 0.0147365 kappa_Fura
# Covariance matrix:
# [ +3.95210e-02, -2.55072e-04  
#   -2.55072e-04, +2.01218e-06  ]
# Total sum of squares (TSS) = 130.139
# chisq (Residual sum of squares, RSS) = 22.2141
# Probability of observing a larger of equal RSS per DOF under the null hypothesis: 5.88712e-05
# R squared (1-RSS/TSS) = 0.829305
# Estimated gamma/v with standard error: 67.8587 +/- 6.53197
# Estimates kappa_S with standard error (using error propagation): 35.0927 +/- 13.9304
# kappa_S confidence intervals based on parametric bootstrap
# 0.95 CI for kappa_S: [7.10193,75.2667]
# 0.99 CI for kappa_S: [0.539659,93.8298]


# The data
# κ_Fura  τ   τ_SE
53.7279 1.82178 0.179009
108.651 1.78303 0.127275
171.724 3.12474 0.190503
233.422 3.88232 0.267584
269.793 5.70377 0.462412


# The fitted data
# Preticted values with lower and upper bounds of 0.95 CI
# κ_Fura  τ   τ_lwr  τ_upr
-44.8659 -0.129286 -0.634569 0.375997
-43.5533 -0.109943 -0.611781 0.391895
-42.2407 -0.0905999 -0.588996 0.407796
-40.9281 -0.0712568 -0.566214 0.4237
-39.6155 -0.0519137 -0.543434 0.439607
-38.3029 -0.0325706 -0.520658 0.455517
-36.9903 -0.0132276 -0.497886 0.47143
-35.6777 0.00611553 -0.475116 0.487347
-34.3651 0.0254586 -0.452349 0.503267
-33.0525 0.0448017 -0.429586 0.51919
-31.7399 0.0641448 -0.406827 0.535116
-30.4273 0.0834879 -0.384071 0.551047
-29.1147 0.102831 -0.361318 0.56698
-27.8022 0.122174 -0.33857 0.582918
-26.4896 0.141517 -0.315825 0.598859
-25.177 0.16086 -0.293084 0.614804
-23.8644 0.180203 -0.270346 0.630753
-22.5518 0.199546 -0.247613 0.646706
-21.2392 0.21889 -0.224884 0.662663
-19.9266 0.238233 -0.202159 0.678624
-18.614 0.257576 -0.179439 0.69459
-17.3014 0.276919 -0.156722 0.71056
-15.9888 0.296262 -0.134011 0.726534
-14.6762 0.315605 -0.111304 0.742513
-13.3636 0.334948 -0.0886013 0.758497
-12.051 0.354291 -0.0659038 0.774486
-10.7384 0.373634 -0.0432113 0.79048
-9.42581 0.392977 -0.0205238 0.806478
-8.11321 0.41232 0.00215842 0.822482
-6.80062 0.431663 0.0248353 0.838492
-5.48802 0.451007 0.0475068 0.854506
-4.17543 0.47035 0.0701727 0.870527
-2.86283 0.489693 0.0928328 0.886553
-1.55023 0.509036 0.115487 0.902585
-0.237638 0.528379 0.138135 0.918623
1.07496 0.547722 0.160777 0.934667
2.38755 0.567065 0.183413 0.950717
3.70015 0.586408 0.206042 0.966774
5.01275 0.605751 0.228665 0.982838
6.32534 0.625094 0.25128 0.998909
7.63794 0.644437 0.273889 1.01499
8.95053 0.663781 0.29649 1.03107
10.2631 0.683124 0.319084 1.04716
11.5757 0.702467 0.34167 1.06326
12.8883 0.72181 0.364249 1.07937
14.2009 0.741153 0.386819 1.09549
15.5135 0.760496 0.409381 1.11161
16.8261 0.779839 0.431935 1.12774
18.1387 0.799182 0.45448 1.14388
19.4513 0.818525 0.477016 1.16003
20.7639 0.837868 0.499543 1.17619
22.0765 0.857211 0.52206 1.19236
23.3891 0.876555 0.544567 1.20854
24.7017 0.895898 0.567065 1.22473
26.0143 0.915241 0.589552 1.24093
27.3269 0.934584 0.612028 1.25714
28.6395 0.953927 0.634494 1.27336
29.9521 0.97327 0.656948 1.28959
31.2647 0.992613 0.67939 1.30584
32.5773 1.01196 0.701821 1.32209
33.8899 1.0313 0.724239 1.33836
35.2025 1.05064 0.746645 1.35464
36.515 1.06999 0.769037 1.37093
37.8276 1.08933 0.791416 1.38724
39.1402 1.10867 0.813781 1.40356
40.4528 1.12801 0.836132 1.4199
41.7654 1.14736 0.858468 1.43625
43.078 1.1667 0.880789 1.45261
44.3906 1.18604 0.903094 1.46899
45.7032 1.20539 0.925382 1.48539
47.0158 1.22473 0.947654 1.50181
48.3284 1.24407 0.969909 1.51824
49.641 1.26342 0.992146 1.53469
50.9536 1.28276 1.01436 1.55115
52.2662 1.3021 1.03656 1.56764
53.5788 1.32145 1.05874 1.58415
54.8914 1.34079 1.0809 1.60067
56.204 1.36013 1.10304 1.61722
57.5166 1.37947 1.12516 1.63379
58.8292 1.39882 1.14725 1.65038
60.1418 1.41816 1.16932 1.667
61.4544 1.4375 1.19137 1.68364
62.767 1.45685 1.21339 1.7003
64.0796 1.47619 1.23539 1.71699
65.3922 1.49553 1.25736 1.7337
66.7048 1.51488 1.27931 1.75045
68.0174 1.53422 1.30122 1.76722
69.3299 1.55356 1.32311 1.78402
70.6425 1.57291 1.34497 1.80085
71.9551 1.59225 1.36679 1.81771
73.2677 1.61159 1.38859 1.8346
74.5803 1.63093 1.41035 1.85152
75.8929 1.65028 1.43207 1.86848
77.2055 1.66962 1.45376 1.88548
78.5181 1.68896 1.47542 1.90251
79.8307 1.70831 1.49703 1.91958
81.1433 1.72765 1.51861 1.93669
82.4559 1.74699 1.54015 1.95384
83.7685 1.76634 1.56164 1.97103
85.0811 1.78568 1.58309 1.98826
86.3937 1.80502 1.6045 2.00554
87.7063 1.82437 1.62587 2.02287
89.0189 1.84371 1.64718 2.04024
90.3315 1.86305 1.66845 2.05765
91.6441 1.8824 1.68967 2.07512
92.9567 1.90174 1.71083 2.09264
94.2693 1.92108 1.73195 2.11022
95.5819 1.94042 1.753 2.12784
96.8945 1.95977 1.77401 2.14553
98.2071 1.97911 1.79495 2.16327
99.5197 1.99845 1.81584 2.18107
100.832 2.0178 1.83667 2.19893
102.145 2.03714 1.85743 2.21685
103.457 2.05648 1.87813 2.23483
104.77 2.07583 1.89877 2.25288
106.083 2.09517 1.91934 2.271
107.395 2.11451 1.93984 2.28918
108.708 2.13386 1.96027 2.30744
110.02 2.1532 1.98064 2.32576
111.333 2.17254 2.00093 2.34415
112.646 2.19188 2.02115 2.36262
113.958 2.21123 2.04129 2.38116
115.271 2.23057 2.06136 2.39978
116.583 2.24991 2.08136 2.41847
117.896 2.26926 2.10127 2.43724
119.209 2.2886 2.12111 2.45609
120.521 2.30794 2.14088 2.47501
121.834 2.32729 2.16056 2.49401
123.146 2.34663 2.18016 2.5131
124.459 2.36597 2.19969 2.53226
125.772 2.38532 2.21913 2.5515
127.084 2.40466 2.23849 2.57082
128.397 2.424 2.25778 2.59023
129.709 2.44334 2.27698 2.60971
131.022 2.46269 2.2961 2.62927
132.335 2.48203 2.31515 2.64891
133.647 2.50137 2.33411 2.66864
134.96 2.52072 2.353 2.68844
136.272 2.54006 2.37181 2.70831
137.585 2.5594 2.39054 2.72827
138.898 2.57875 2.40919 2.7483
140.21 2.59809 2.42777 2.76841
141.523 2.61743 2.44628 2.78859
142.835 2.63678 2.46471 2.80884
144.148 2.65612 2.48307 2.82917
145.461 2.67546 2.50136 2.84957
146.773 2.6948 2.51958 2.87003
148.086 2.71415 2.53773 2.89057
149.398 2.73349 2.55581 2.91117
150.711 2.75283 2.57383 2.93184
152.023 2.77218 2.59178 2.95257
153.336 2.79152 2.60967 2.97337
154.649 2.81086 2.6275 2.99422
155.961 2.83021 2.64527 3.01514
157.274 2.84955 2.66299 3.03611
158.586 2.86889 2.68064 3.05714
159.899 2.88824 2.69824 3.07823
161.212 2.90758 2.71579 3.09937
162.524 2.92692 2.73328 3.12056
163.837 2.94626 2.75073 3.1418
165.149 2.96561 2.76812 3.16309
166.462 2.98495 2.78547 3.18443
167.775 3.00429 2.80277 3.20582
169.087 3.02364 2.82003 3.22725
170.4 3.04298 2.83724 3.24872
171.712 3.06232 2.85441 3.27024
173.025 3.08167 2.87154 3.29179
174.338 3.10101 2.88863 3.31339
175.65 3.12035 2.90568 3.33502
176.963 3.1397 2.92269 3.3567
178.275 3.15904 2.93967 3.3784
179.588 3.17838 2.95662 3.40015
180.901 3.19773 2.97353 3.42192
182.213 3.21707 2.9904 3.44373
183.526 3.23641 3.00725 3.46557
184.838 3.25575 3.02406 3.48745
186.151 3.2751 3.04085 3.50935
187.464 3.29444 3.0576 3.53128
188.776 3.31378 3.07433 3.55323
190.089 3.33313 3.09104 3.57522
191.401 3.35247 3.10771 3.59723
192.714 3.37181 3.12436 3.61926
194.027 3.39116 3.14099 3.64132
195.339 3.4105 3.15759 3.6634
196.652 3.42984 3.17417 3.68551
197.964 3.44919 3.19073 3.70764
199.277 3.46853 3.20727 3.72979
200.59 3.48787 3.22379 3.75196
201.902 3.50721 3.24028 3.77415
203.215 3.52656 3.25676 3.79635
204.527 3.5459 3.27322 3.81858
205.84 3.56524 3.28966 3.84083
207.153 3.58459 3.30608 3.86309
208.465 3.60393 3.32249 3.88537
209.778 3.62327 3.33888 3.90767
211.09 3.64262 3.35525 3.92998
212.403 3.66196 3.37161 3.95231
213.716 3.6813 3.38795 3.97465
215.028 3.70065 3.40428 3.99701
216.341 3.71999 3.4206 4.01938
217.653 3.73933 3.4369 4.04177
218.966 3.75867 3.45318 4.06417
220.278 3.77802 3.46946 4.08658
221.591 3.79736 3.48572 4.109
222.904 3.8167 3.50197 4.13144
224.216 3.83605 3.51821 4.15389
225.529 3.85539 3.53443 4.17635
226.841 3.87473 3.55065 4.19882
228.154 3.89408 3.56685 4.2213
229.467 3.91342 3.58305 4.24379
230.779 3.93276 3.59923 4.26629
232.092 3.95211 3.61541 4.28881
233.404 3.97145 3.63157 4.31133
234.717 3.99079 3.64772 4.33386
236.03 4.01013 3.66387 4.3564
237.342 4.02948 3.68001 4.37895
238.655 4.04882 3.69614 4.40151
239.967 4.06816 3.71226 4.42407
241.28 4.08751 3.72837 4.44665
242.593 4.10685 3.74447 4.46923
243.905 4.12619 3.76057 4.49182
245.218 4.14554 3.77666 4.51442
246.53 4.16488 3.79274 4.53702
247.843 4.18422 3.80881 4.55963
249.156 4.20357 3.82488 4.58225
250.468 4.22291 3.84094 4.60488
251.781 4.24225 3.85699 4.62751
253.093 4.26159 3.87304 4.65015
254.406 4.28094 3.88908 4.67279
255.719 4.30028 3.90512 4.69545
257.031 4.31962 3.92115 4.7181
258.344 4.33897 3.93717 4.74077
259.656 4.35831 3.95319 4.76343
260.969 4.37765 3.9692 4.78611
262.282 4.397 3.9852 4.80879
263.594 4.41634 4.00121 4.83147
264.907 4.43568 4.0172 4.85416
266.219 4.45503 4.03319 4.87686
267.532 4.47437 4.04918 4.89956
268.845 4.49371 4.06516 4.92226
270.157 4.51306 4.08114 4.94497
271.47 4.5324 4.09711 4.96769
272.782 4.55174 4.11308 4.9904
274.095 4.57108 4.12904 5.01313
275.408 4.59043 4.145 5.03585
276.72 4.60977 4.16096 5.05858
278.033 4.62911 4.17691 5.08132
279.345 4.64846 4.19285 5.10406
280.658 4.6678 4.2088 5.1268
281.97 4.68714 4.22474 5.14955
