# Data from DA_130130_E2.h5 stim 2
# Ratiometric estimator
# Ratiometric estimator:
#    Time    Ca (est)    Ca (se)
 1130.015 0.0344419324 0.00389168147
 1130.115 0.0408368308 0.00415675551
 1130.215 0.0402620481 0.00412346744
 1130.315 0.0367301511 0.00397526965
 1130.415 0.0455691162 0.0041966199
 1130.515 0.0416164646 0.00410643767
 1130.615 0.0432291058 0.00409466025
 1130.715 0.0381530003 0.004064713
 1130.815 0.03998471 0.00405159011
 1130.915 0.0414709182 0.00406701595
 1131.015 0.0369270798 0.00405675886
 1131.115 0.0400030701 0.00411995148
 1131.215 0.0386939525 0.0040517611
 1131.315 0.0394979291 0.00400393047
 1131.415 0.0406380186 0.00410476122
 1131.515 0.0427144446 0.0041341681
 1131.615 0.0853522529 0.0056282478
 1131.715 0.0909536817 0.00560962772
 1131.815 0.107407641 0.00635027687
 1131.915 0.134157102 0.00729985965
 1132.015 0.140445649 0.00771716818
 1132.115 0.137784457 0.00769424092
 1132.215 0.134870066 0.00734897746
 1132.315 0.12004729 0.00690465521
 1132.415 0.110922019 0.00642604028
 1132.515 0.108825732 0.0065521911
 1132.615 0.109924631 0.00658022701
 1132.715 0.0982511092 0.00605768004
 1132.815 0.100744979 0.00617849657
 1132.915 0.102736589 0.00614806545
 1133.015 0.0981229116 0.00599674481
 1133.115 0.0947023592 0.00593974409
 1133.215 0.0932185342 0.00584609032
 1133.315 0.0912417379 0.00576977361
 1133.415 0.0911364846 0.00588392475
 1133.515 0.100628721 0.00601954095
 1133.615 0.0898811363 0.00568271979
 1133.715 0.0834450151 0.00551196907
 1133.815 0.0955672034 0.00586188305
 1133.915 0.0879650595 0.00569137626
 1134.015 0.0722452352 0.00508293927
 1134.115 0.0766227502 0.00525501575
 1134.215 0.0764456023 0.00526973923
 1134.315 0.0707967209 0.00504798038
 1134.415 0.0742022492 0.00505585207
 1134.515 0.0686953774 0.00505376885
 1134.615 0.0693340002 0.00513104631
 1134.715 0.0643578954 0.00481590758
 1134.815 0.0688598676 0.00491465084
 1134.915 0.0666647783 0.0047710165
 1135.015 0.0635861446 0.00479837855
 1135.115 0.0612218208 0.00464422394
 1135.215 0.0634848029 0.00464262378
 1135.315 0.0624917933 0.00469105213
 1135.415 0.0576483964 0.004670702
 1135.515 0.0538097294 0.00451392703
 1135.615 0.0534016246 0.00456119424
 1135.715 0.0573792129 0.00453563203
 1135.815 0.0597220221 0.00457809762
 1135.915 0.0526061197 0.00448712317
 1136.015 0.0538027963 0.00451572487
 1136.115 0.0525317464 0.00439589035
 1136.215 0.0517866521 0.00443245247
 1136.315 0.0539404304 0.00442355649
 1136.415 0.0486154907 0.00424203667
 1136.515 0.044810171 0.00419670237
 1136.615 0.053331922 0.00442254997
 1136.715 0.0534869401 0.00446178407
 1136.815 0.0492273446 0.00430506114
 1136.915 0.0465927175 0.00421198181
 1137.015 0.0477421313 0.00431673307
 1137.115 0.0533154746 0.00444100127
 1137.215 0.0464819201 0.0043219492
 1137.315 0.0458342866 0.00432174383
 1137.415 0.0475434951 0.00427111916
 1137.515 0.0469049077 0.0042446769
 1137.615 0.0499267322 0.00430082828
 1137.715 0.0488136413 0.00434623736
 1137.815 0.041800262 0.00404824813
 1137.915 0.0447067912 0.00425076199
 1138.015 0.0476289912 0.00426933824
 1138.115 0.0338043991 0.00391590493
 1138.215 0.0473693462 0.00425489048
 1138.315 0.0456662531 0.00424724943
 1138.415 0.0449419526 0.00418588183
 1138.515 0.0513698282 0.00439736559
 1138.615 0.0421332722 0.00411660997
 1138.715 0.0464382055 0.00428795111
 1138.815 0.0432666219 0.00416317885
 1138.915 0.0470182129 0.00423782441
 1139.015 0.0420312254 0.00407448506
 1139.115 0.0484225997 0.00422719055
 1139.215 0.0461565082 0.00421513453
 1139.315 0.0413277989 0.00409258318
 1139.415 0.0375003296 0.0039401862
 1139.515 0.0353281035 0.00390900531
 1139.615 0.0438022937 0.00405803784
 1139.715 0.0406506183 0.00412630613
 1139.815 0.058148921 0.00450050249
 1139.915 0.0508790554 0.0043082593
 1140.015 0.045591562 0.00417222938
 1140.215 0.0354633001 0.00389083603
 1140.615 0.0487255307 0.00418846002
 1140.715 0.0442033888 0.00411426778
 1140.815 0.0381623353 0.0040197042
 1140.915 0.034036261 0.00390052621
 1141.015 0.039027812 0.00401291412
 1141.115 0.0499290354 0.00426753253
 1141.215 0.0423230974 0.00404925812
 1141.315 0.046032086 0.00424322131
 1141.415 0.0370695938 0.00398913347
 1141.515 0.0386431418 0.0039771415
 1141.615 0.0382190034 0.00407070538
 1141.715 0.0318808043 0.00384881362
 1141.815 0.0393803505 0.00399500975
 1141.915 0.036761196 0.00393284142
 1142.015 0.0422837325 0.00408318294
 1142.115 0.0419961857 0.00409192689
 1142.215 0.0428489404 0.00410809295
 1142.315 0.0418977115 0.00404233353
 1142.415 0.0438626483 0.00409781553
 1142.515 0.0397830271 0.00410434755
 1142.615 0.0425075035 0.00406978382
 1142.715 0.0431107632 0.00407846422
 1142.815 0.041249555 0.0039790868
 1142.915 0.0408560747 0.00400275418
 1143.015 0.044720212 0.00418717952
 1143.115 0.0358629573 0.00392170449
 1143.215 0.0437465076 0.00419060897
 1143.315 0.0450541052 0.0040854132
 1143.415 0.0403244783 0.00417213335
 1143.515 0.0386876254 0.00389659976
 1143.615 0.0460388033 0.00418023682
 1143.715 0.0429181626 0.0041350007
 1143.815 0.047391206 0.0041973234
 1143.915 0.0425641449 0.00411867271
 1144.015 0.0391655977 0.00405788614
 1144.115 0.0381099574 0.0039787504
 1144.215 0.0444940505 0.00409152469
 1144.315 0.0366205279 0.00393003708
 1144.415 0.0478840456 0.00422084658
 1144.515 0.0344604757 0.00384291577
 1144.615 0.0440344973 0.00409634066
 1144.715 0.0399143539 0.00398156119
 1144.815 0.0459973851 0.00407033861
 1144.915 0.043392181 0.00402887735
 1145.015 0.0368877565 0.00400401857
 1145.115 0.0384100249 0.00388019775
 1145.215 0.0384288263 0.00396678216
 1145.315 0.0439239795 0.00412003041
 1145.415 0.0469270823 0.00414879922
 1145.515 0.0433131563 0.00401719684
 1145.615 0.0431769592 0.00398810099
 1145.715 0.0440462821 0.00411092576
 1145.815 0.0315534583 0.00379949326
 1145.915 0.0398496901 0.00384849001
 1146.015 0.0335734753 0.00380310132
 1146.115 0.0363684252 0.00384189613
 1146.215 0.0394587307 0.00398423211
 1146.315 0.0458345818 0.00418996274
 1146.415 0.0448362825 0.00418993248
 1146.515 0.0376876035 0.00388567326
 1146.615 0.0414053283 0.00395154745
 1146.715 0.0387521036 0.00394594567
 1146.815 0.0446815367 0.0040230282
 1146.915 0.0358216548 0.00387203639
 1147.015 0.0470341783 0.00412255764
 1147.115 0.0366068532 0.00382803815
 1147.215 0.0414677996 0.00401403928
 1147.315 0.03970453 0.0039965184
 1147.415 0.0361799749 0.00386706077
 1147.515 0.0398352229 0.00396203727
 1147.615 0.03915627 0.00397124784
 1147.715 0.0455386029 0.00402283308
 1147.815 0.0409725077 0.00406138225
 1147.915 0.0433450003 0.00409316344
 1148.015 0.0424931449 0.0040686201
 1148.115 0.0435639496 0.00408583232
 1148.215 0.044961335 0.00406930631
 1148.315 0.0390634146 0.0039452237
 1148.415 0.0416209665 0.00400756087
 1148.515 0.0380448321 0.00390619839
 1148.615 0.0423548854 0.00398101686
 1148.715 0.042159937 0.00408730478
 1148.815 0.0421169951 0.00398132261
 1148.915 0.0476648169 0.00413536805
 1149.015 0.051044499 0.00423951538
 1149.115 0.0385190966 0.00389938254
 1149.215 0.0444244298 0.0041038876
 1149.315 0.0397561119 0.00391209511
 1149.415 0.0408550208 0.00400622676
 1149.515 0.0318672776 0.00378539371
 1149.615 0.0490850103 0.00420249823
 1149.715 0.0428964253 0.0041453577
 1149.815 0.0399384234 0.00393603848
 1149.915 0.0432058535 0.00405632548
 1150.015 0.0353050727 0.00390783894
 1150.115 0.042481641 0.00402075853
 1150.215 0.0432588806 0.00400348906
 1150.315 0.046706214 0.00413036892


