# Data from DA_130130_E2.h5 stim 4
# Ratiometric estimator mono-exponential fit
# Fitted model Ca = baseline+delta*exp(-(t-t0)/tau)
# nobs = 164
# number of degrees of freedom = 161
# baseline length = 7
# fit started from point 43
# estimated baseline 0.0351866 and standard error 0.000400354
# estimated delta 0.0260399 and standard error 0.000811195
# estimated tau 3.88232 and standard error 0.267584
# residual sum of squares: 135.459
# RSS per degree of freedom: 0.841358
# Probability of observing a larger of equal RSS per DOF under the null hypothesis: 0.929056

# rss per degree of freedom: 0.841358

# Time    Ca  Prediction  Residual
1950.02 0.0346809 0.0351866 -0.227822
1950.12 0.0375754 0.0351866 1.04794
1950.21 0.031814 0.0351866 -1.54654
1950.31 0.0357427 0.0351866 0.244872
1950.41 0.0383309 0.0351866 1.37688
1950.51 0.0362472 0.0351866 0.471544
1950.61 0.0370506 0.0351866 0.835185

1954.31 0.0581319 0.0612266 -1.17954
1954.41 0.0624985 0.0605644 0.705982
1954.51 0.0596741 0.0599191 -0.0913785
1954.61 0.0625263 0.0592902 1.18643
1954.71 0.054537 0.0586772 -1.61865
1954.81 0.0622548 0.0580799 1.55672
1954.91 0.060102 0.0574977 0.978363
1955.01 0.0563533 0.0569304 -0.221202
1955.11 0.0565009 0.0563775 0.04856
1955.21 0.0578075 0.0558386 0.747015
1955.31 0.0549593 0.0553135 -0.138624
1955.41 0.0498353 0.0548017 -1.97857
1955.51 0.0498132 0.0543029 -1.81956
1955.61 0.0565174 0.0538168 1.03328
1955.71 0.0538057 0.053343 0.181965
1955.81 0.0538481 0.0528813 0.382264
1955.91 0.0545938 0.0524314 0.830139
1956.01 0.0513097 0.0519929 -0.26772
1956.11 0.0541595 0.0515655 1.01695
1956.21 0.0541479 0.051149 1.17436
1956.31 0.0528623 0.0507431 0.827945
1956.41 0.0495722 0.0503475 -0.31634
1956.51 0.0479952 0.049962 -0.792613
1956.61 0.0533177 0.0495863 1.47195
1956.71 0.0465951 0.0492201 -1.07018
1956.81 0.047544 0.0488632 -0.547379
1956.91 0.0481942 0.0485155 -0.130733
1957.01 0.0441339 0.0481765 -1.66904
1957.11 0.047293 0.0478462 -0.225189
1957.21 0.0488168 0.0475243 0.52095
1957.31 0.046628 0.0472105 -0.237212
1957.41 0.0452517 0.0469048 -0.674655
1957.51 0.0456977 0.0466068 -0.380947
1957.61 0.0434056 0.0463164 -1.22608
1957.71 0.0458453 0.0460334 -0.0778966
1957.81 0.0442069 0.0457576 -0.650654
1957.91 0.0493174 0.0454888 1.53939
1958.01 0.0468261 0.0452268 0.656805
1958.11 0.043645 0.0449715 -0.552491
1958.21 0.0460179 0.0447227 0.529553
1958.31 0.0413412 0.0444802 -1.33118
1958.41 0.0424344 0.0442439 -0.769468
1958.51 0.0503426 0.0440135 2.52799
1958.61 0.0420526 0.0437891 -0.731689
1958.71 0.0459302 0.0435703 0.975299
1958.81 0.0405009 0.0433571 -1.21463
1958.91 0.0413121 0.0431494 -0.770875
1959.01 0.0457762 0.0429469 1.1747
1959.11 0.0415708 0.0427496 -0.503933
1959.21 0.0391694 0.0425572 -1.45718
1959.31 0.0445672 0.0423698 0.915872
1959.41 0.0403432 0.0421872 -0.80306
1959.51 0.0454079 0.0420091 1.40586
1959.61 0.0422168 0.0418356 0.163746
1959.71 0.0391596 0.0416666 -1.07789
1959.81 0.043899 0.0415018 1.0073
1959.91 0.0448511 0.0413412 1.46544
1960.01 0.0396322 0.0411847 -0.664147
1960.11 0.0423246 0.0410322 0.553197
1960.21 0.0424968 0.0408835 0.68937
1960.31 0.0426596 0.0407387 0.821878
1960.41 0.0387827 0.0405975 -0.782691
1960.51 0.0423357 0.0404599 0.793334
1960.61 0.0407233 0.0403258 0.170005
1960.71 0.0447448 0.0401951 1.8998
1960.81 0.0383188 0.0400678 -0.760233
1960.91 0.0380629 0.0399436 -0.810606
1961.01 0.0415796 0.0398227 0.742838
1961.11 0.0389081 0.0397048 -0.346185
1961.21 0.035789 0.0395899 -1.64526
1961.31 0.0373568 0.0394779 -0.924784
1961.41 0.0412005 0.0393688 0.778863
1961.51 0.0384168 0.0392625 -0.374105
1961.61 0.0395319 0.0391588 0.160206
1961.71 0.0403228 0.0390578 0.536175
1961.81 0.0394829 0.0389594 0.227339
1961.91 0.038064 0.0388634 -0.349987
1962.01 0.0394364 0.0387699 0.288383
1962.11 0.0380405 0.0386788 -0.27411
1962.21 0.0406809 0.03859 0.890091
1962.31 0.041413 0.0385035 1.245
1962.41 0.0357408 0.0384191 -1.19051
1962.51 0.0333891 0.0383369 -2.20147
1962.61 0.0376193 0.0382568 -0.275854
1962.71 0.038883 0.0381787 0.30669
1962.81 0.0389005 0.0381027 0.346391
1962.91 0.042883 0.0380285 2.06834
1963.01 0.0369808 0.0379562 -0.419744
1963.11 0.0384864 0.0378858 0.262713
1963.21 0.0390065 0.0378172 0.51085
1963.31 0.0386031 0.0377503 0.367579
1963.41 0.0357153 0.0376851 -0.864731
1963.51 0.0371095 0.0376216 -0.223452
1963.61 0.0401252 0.0375596 1.11423
1963.71 0.0372058 0.0374993 -0.129143
1963.81 0.0369372 0.0374405 -0.223928
1963.91 0.0372014 0.0373832 -0.0802796
1964.01 0.0370027 0.0373273 -0.14352
1964.11 0.0363436 0.0372729 -0.410536
1964.21 0.0383752 0.0372198 0.508638
1964.31 0.0387041 0.0371681 0.676881
1964.41 0.0395271 0.0371178 1.04084
1964.51 0.0380818 0.0370686 0.446329
1964.61 0.0344595 0.0370208 -1.14387
1964.71 0.0350986 0.0369741 -0.842641
1964.81 0.0353731 0.0369287 -0.692398
1964.91 0.0391084 0.0368844 0.944739
1965.01 0.0376136 0.0368412 0.338552
1965.11 0.0353421 0.0367991 -0.653116
1965.21 0.034771 0.0367581 -0.892683
1965.31 0.0392942 0.0367182 1.12422
1965.41 0.0341202 0.0366792 -1.1549
1965.51 0.0353538 0.0366413 -0.589673
1965.61 0.03912 0.0366043 1.10052
1965.71 0.0366901 0.0365682 0.0541249
1965.81 0.0366324 0.0365331 0.0437329
1965.91 0.0358221 0.0364989 -0.300353
1966.01 0.0342967 0.0364655 -0.958874
1966.11 0.0356805 0.036433 -0.339911
1966.21 0.0385811 0.0364013 0.970586
1966.31 0.0349446 0.0363704 -0.638782
1966.41 0.0378999 0.0363403 0.678623
1966.51 0.0386696 0.036311 1.02191
1966.61 0.0394967 0.0362824 1.37984
1966.71 0.0367762 0.0362545 0.231923
1966.81 0.0368958 0.0362274 0.294422
1966.91 0.0349652 0.0362009 -0.555674
1967.01 0.0359024 0.0361751 -0.121904
1967.11 0.037482 0.03615 0.591856
1967.21 0.0362113 0.0361255 0.0379106
1967.31 0.0365968 0.0361016 0.221464
1967.41 0.0360799 0.0360783 0.000715317
1967.51 0.0356139 0.0360557 -0.196832
1967.61 0.0365208 0.0360336 0.216963
1967.71 0.0391225 0.036012 1.35731
1967.81 0.0343027 0.035991 -0.763327
1967.91 0.0371753 0.0359706 0.535776
1968.01 0.038033 0.0359506 0.913287
1968.11 0.0312567 0.0359312 -2.1668
1968.21 0.0346733 0.0359123 -0.563055
1968.31 0.0345469 0.0358938 -0.591509
1968.41 0.0340324 0.0358759 -0.82869
1968.51 0.037315 0.0358583 0.639182
1968.61 0.0364091 0.0358412 0.252389
1968.71 0.034941 0.0358246 -0.400311
1968.81 0.0337217 0.0358084 -0.949993
1968.91 0.0354743 0.0357926 -0.142639
1969.01 0.0362381 0.0357772 0.203738
1969.11 0.0376531 0.0357621 0.833568
1969.21 0.0338732 0.0357475 -0.847811
1969.31 0.0327372 0.0357332 -1.33285
1969.41 0.0315593 0.0357193 -1.89857
1969.51 0.0382423 0.0357058 1.12569
1969.61 0.0385295 0.0356926 1.23077
1969.71 0.0338096 0.0356797 -0.849158
1969.81 0.034764 0.0356672 -0.410999
1969.91 0.0344018 0.035655 -0.562042
