# Data from DA_120906_E1.h5 stim 3
# Ratiometric estimator
# Ratiometric estimator:
#    Time    Ca (est)    Ca (se)
  731.247 0.125722113 0.00495459678
  731.347 0.129665284 0.00510288025
  731.447 0.124046495 0.00491614495
  731.547 0.125899643 0.0049951995
  731.647 0.119489506 0.00479792678
  731.747 0.128407762 0.00504060981
  731.847 0.121365635 0.00484849886
  731.947 0.13046164 0.00508360532
  732.047 0.130292901 0.00511566074
  732.147 0.124683273 0.00495236217
  732.247 0.124604915 0.00496786462
  732.347 0.108159176 0.00452137862
  732.447 0.11592669 0.00474762299
  732.547 0.122803273 0.00491695601
  732.647 0.11717283 0.00475821529
  732.747 0.130554565 0.00516897678
  732.847 0.168863403 0.00620294637
  732.947 0.174442732 0.00631026144
  733.047 0.185952866 0.00672128108
  733.147 0.17516602 0.00644335476
  733.247 0.182335952 0.00673488451
  733.347 0.189432432 0.00698853425
  733.447 0.186197067 0.00676764999
  733.547 0.189191588 0.00689014094
  733.647 0.182572887 0.00662378348
  733.747 0.173722375 0.00648911612
  733.847 0.179883133 0.00675315945
  733.947 0.178555628 0.00665592146
  734.047 0.178742482 0.0065312483
  734.147 0.175155552 0.00638853055
  734.247 0.167645059 0.00620147739
  734.347 0.173456449 0.00639319585
  734.447 0.164374538 0.00600556042
  734.547 0.173817186 0.00645248055
  734.647 0.172162745 0.00650005058
  734.747 0.168266468 0.00622081287
  734.847 0.172598564 0.00635666961
  734.947 0.17220121 0.00629889333
  735.047 0.163112294 0.00610157969
  735.147 0.171146777 0.00631457879
  735.247 0.161648583 0.00605899108
  735.347 0.167432622 0.00624384735
  735.447 0.155349205 0.00590119519
  735.547 0.162764071 0.00600877602
  735.647 0.16458535 0.00610745331
  735.747 0.154870164 0.00588185601
  735.847 0.160231379 0.00606720941
  735.947 0.164429736 0.00607618924
  736.047 0.16870001 0.00618851414
  736.147 0.156001582 0.00586166232
  736.247 0.149829534 0.0056859557
  736.347 0.148791153 0.00558283726
  736.447 0.159191439 0.00592246011
  736.547 0.142634048 0.00548291741
  736.647 0.152912129 0.00581848156
  736.747 0.153694373 0.00576118106
  736.847 0.142639128 0.00548461702
  736.947 0.147524963 0.00557348552
  737.047 0.153360983 0.00577612715
  737.147 0.152959562 0.00581275194
  737.247 0.14867085 0.00572351919
  737.347 0.143679159 0.00555205505
  737.447 0.137786979 0.00531174138
  737.547 0.143939432 0.00548903125
  737.647 0.140140977 0.00532961974
  737.747 0.146804629 0.00557803995
  737.847 0.136365094 0.00528229553
  737.947 0.150936189 0.00574372125
  738.047 0.139093324 0.00537212316
  738.147 0.148740675 0.005649072
  738.247 0.145322077 0.00556856625
  738.347 0.144974546 0.00548673648
  738.447 0.153472497 0.00582915012
  738.547 0.145304109 0.00562405646
  738.647 0.144157553 0.00559214158
  738.747 0.137273773 0.00529236947
  738.847 0.142363641 0.00542800911
  738.947 0.131494606 0.00514790679
  739.047 0.137007519 0.00526794619
  739.147 0.138584658 0.00530948375
  739.247 0.151604873 0.00580816616
  739.347 0.132830835 0.00526714911
  739.447 0.143301846 0.00548349936
  739.547 0.138657547 0.0053285037
  739.647 0.131072503 0.00513313988
  739.747 0.139799241 0.00539577542
  739.847 0.135169569 0.00523271724
  739.947 0.136573481 0.00532408472
  740.047 0.139912499 0.00540025566
  740.147 0.142324209 0.00550112514
  740.247 0.139569365 0.00535966584
  740.347 0.130305419 0.0050841824
  740.447 0.134010434 0.00526644415
  740.547 0.135192898 0.00522906603
  740.647 0.137236723 0.00518932016
  740.747 0.133172814 0.00528018729
  740.847 0.138712531 0.00524241339
  740.947 0.136327769 0.00527547262
  741.047 0.134170043 0.00518790379
  741.147 0.131835194 0.00509503613
  741.247 0.134866076 0.00519479491
  741.347 0.130209947 0.00505191695
  741.447 0.131659825 0.00507168211
  741.547 0.134089503 0.00513028561
  741.647 0.12987344 0.00519808726
  741.747 0.12901903 0.00513370488
  741.847 0.134114169 0.00520002233
  741.947 0.138234922 0.00536896566
  742.047 0.133872957 0.00514678224
  742.147 0.144701775 0.00556111603
  742.247 0.136403359 0.00528987679
  742.347 0.130360923 0.00512707045
  742.447 0.13547441 0.00536234559
  742.547 0.1185985 0.00476499465
  742.647 0.136973423 0.00526413494
  742.747 0.130047307 0.0051063073
  742.847 0.1313018 0.00513420754
  742.947 0.131647299 0.0052056406
  743.047 0.141447992 0.00541596545
  743.147 0.134395789 0.00525069788
  743.247 0.149381836 0.0056703242
  743.347 0.126686972 0.00508276574
  743.447 0.132069854 0.00526294702
  743.547 0.138561392 0.00527228522
  743.647 0.130200569 0.00507617374
  743.747 0.140287712 0.00548759097
  743.847 0.129984075 0.00516528178
  743.947 0.140554591 0.00532722531
  744.047 0.14308643 0.00552110766
  744.147 0.139769961 0.00531046312
  744.247 0.132342282 0.0052161549
  744.347 0.132965247 0.0051590583
  744.447 0.136997379 0.00528354035
  744.547 0.13532978 0.00530006428
  744.647 0.136909965 0.00540560478
  744.747 0.139367295 0.00535599686
  744.847 0.138781915 0.00533273504
  744.947 0.124538228 0.00494674204
  745.047 0.137113507 0.00525102121
  745.147 0.131209157 0.00513764867
  745.247 0.133905508 0.00520900365
  745.347 0.131095073 0.00512850225
  745.447 0.124191343 0.00496932406
  745.547 0.13621981 0.00520505891
  745.647 0.135240298 0.00522733761
  745.747 0.121557197 0.0048747449
  745.847 0.126870956 0.00504908887
  745.947 0.128281366 0.00505451023
  746.047 0.124208212 0.00496674102
  746.147 0.129121862 0.00517688476
  746.247 0.133897652 0.00526790846
  746.347 0.133244269 0.00515923667
  746.447 0.140860636 0.0053732797
  746.547 0.127867423 0.00500882506
  746.647 0.132080344 0.00509935396
  746.747 0.137079615 0.00516745384
  746.847 0.137046613 0.00525271491
  746.947 0.132060192 0.0051257221
  747.047 0.136434475 0.00535793871
  747.147 0.128898406 0.00505707256
  747.247 0.133117719 0.00524740187
  747.347 0.12626853 0.00493826576
  747.447 0.131647101 0.00509209555
  747.547 0.136438839 0.00522597573
  747.647 0.127009656 0.00498716841
  747.747 0.125516937 0.00501279252
  747.847 0.126839978 0.0049637266
  747.947 0.137280498 0.00531565411
  748.047 0.13582857 0.00524897452
  748.147 0.131634125 0.00509525757
  748.247 0.130439488 0.00505853283
  748.347 0.130278615 0.00508556884
  748.447 0.130307614 0.00508894218
  748.547 0.125313774 0.00496402214
  748.647 0.138265072 0.00534316991
  748.747 0.122944709 0.0049411815
  748.847 0.129418218 0.005028598
  748.947 0.131378422 0.00514454468
  749.047 0.144460321 0.0054480167
  749.147 0.127785872 0.00506991859
  749.247 0.131311807 0.00512600001
  749.347 0.119765341 0.00477235399
  749.447 0.13311512 0.00513387025
  749.547 0.123227228 0.00496845353
  749.647 0.130004427 0.00507376121
  749.747 0.139966435 0.00531650021
  749.847 0.131265967 0.00511093991
  749.947 0.138067508 0.00524136091
  750.047 0.142126684 0.00540317597
  750.147 0.128878988 0.00495036732
  750.247 0.137138662 0.00532042365
  750.347 0.129544405 0.00507336808
  750.447 0.127937085 0.00507299613
  750.547 0.137042422 0.00538013806
  750.647 0.125537001 0.00498292904
  750.747 0.128446837 0.00504558544
  750.847 0.128768881 0.00509183175
  750.947 0.137115259 0.00528496239
  751.047 0.131381316 0.00512427438
  751.147 0.140151531 0.0053772979


