# τ vs mean κ linear regression for data set DA_120906_E1.h5
# Using stimulation: 1, 3, 4
# Best fit: tau = -13.6918 + 0.208884 kappa_Fura
# Covariance matrix:
# [ +5.13322e+00, -6.46311e-02  
#   -6.46311e-02, +8.20406e-04  ]
# Total sum of squares (TSS) = 74.8946
# chisq (Residual sum of squares, RSS) = 21.7103
# Probability of observing a larger of equal RSS per DOF under the null hypothesis: 3.17091e-06
# R squared (1-RSS/TSS) = 0.710122
# Estimated gamma/v with standard error: 4.78733 +/- 0.65645
# Estimates kappa_S with standard error (using error propagation): -66.5471 +/- 14.0865
# kappa_S confidence intervals based on parametric bootstrap
# 0.95 CI for kappa_S: [-69.7983,-60.9418]
# 0.99 CI for kappa_S: [-70.6262,-58.1578]


# The data
# κ_Fura  τ   τ_SE
74.6014 2.19606 0.245396
85.9616 3.05313 0.389237
105.563 11.9335 1.10399


# The fitted data
# Preticted values with lower and upper bounds of 0.95 CI
# κ_Fura  τ   τ_lwr  τ_upr
0 -13.6918 -18.1325 -9.25108
0.443363 -13.5992 -18.0151 -9.18326
0.886726 -13.5066 -17.8977 -9.11543
1.33009 -13.4139 -17.7803 -9.04761
1.77345 -13.3213 -17.6629 -8.97978
2.21681 -13.2287 -17.5455 -8.91195
2.66018 -13.1361 -17.4281 -8.84412
3.10354 -13.0435 -17.3107 -8.77629
3.5469 -12.9509 -17.1933 -8.70846
3.99026 -12.8583 -17.0759 -8.64063
4.43363 -12.7657 -16.9585 -8.5728
4.87699 -12.673 -16.8411 -8.50496
5.32035 -12.5804 -16.7238 -8.43712
5.76372 -12.4878 -16.6064 -8.36928
6.20708 -12.3952 -16.489 -8.30145
6.65044 -12.3026 -16.3716 -8.2336
7.0938 -12.21 -16.2542 -8.16576
7.53717 -12.1174 -16.1368 -8.09792
7.98053 -12.0248 -16.0195 -8.03007
8.42389 -11.9322 -15.9021 -7.96222
8.86726 -11.8395 -15.7847 -7.89438
9.31062 -11.7469 -15.6673 -7.82653
9.75398 -11.6543 -15.55 -7.75867
10.1973 -11.5617 -15.4326 -7.69082
10.6407 -11.4691 -15.3152 -7.62296
11.0841 -11.3765 -15.1979 -7.55511
11.5274 -11.2839 -15.0805 -7.48725
11.9708 -11.1913 -14.9631 -7.41939
12.4142 -11.0987 -14.8458 -7.35153
12.8575 -11.006 -14.7284 -7.28366
13.3009 -10.9134 -14.6111 -7.21579
13.7442 -10.8208 -14.4937 -7.14793
14.1876 -10.7282 -14.3764 -7.08006
14.631 -10.6356 -14.259 -7.01218
15.0743 -10.543 -14.1417 -6.94431
15.5177 -10.4504 -14.0243 -6.87643
15.9611 -10.3578 -13.907 -6.80855
16.4044 -10.2651 -13.7896 -6.74067
16.8478 -10.1725 -13.6723 -6.67279
17.2911 -10.0799 -13.5549 -6.6049
17.7345 -9.98731 -13.4376 -6.53702
18.1779 -9.8947 -13.3203 -6.46913
18.6212 -9.80209 -13.2029 -6.40123
19.0646 -9.70948 -13.0856 -6.33334
19.508 -9.61687 -12.9683 -6.26544
19.9513 -9.52425 -12.851 -6.19754
20.3947 -9.43164 -12.7336 -6.12964
20.838 -9.33903 -12.6163 -6.06173
21.2814 -9.24642 -12.499 -5.99382
21.7248 -9.15381 -12.3817 -5.92591
22.1681 -9.0612 -12.2644 -5.858
22.6115 -8.96858 -12.1471 -5.79008
23.0549 -8.87597 -12.0298 -5.72216
23.4982 -8.78336 -11.9125 -5.65423
23.9416 -8.69075 -11.7952 -5.58631
24.385 -8.59814 -11.6779 -5.51838
24.8283 -8.50553 -11.5606 -5.45044
25.2717 -8.41291 -11.4433 -5.38251
25.715 -8.3203 -11.326 -5.31457
26.1584 -8.22769 -11.2088 -5.24662
26.6018 -8.13508 -11.0915 -5.17867
27.0451 -8.04247 -10.9742 -5.11072
27.4885 -7.94986 -10.8569 -5.04277
27.9319 -7.85724 -10.7397 -4.97481
28.3752 -7.76463 -10.6224 -4.90684
28.8186 -7.67202 -10.5052 -4.83887
29.2619 -7.57941 -10.3879 -4.7709
29.7053 -7.4868 -10.2707 -4.70292
30.1487 -7.39419 -10.1534 -4.63494
30.592 -7.30158 -10.0362 -4.56695
31.0354 -7.20896 -9.91896 -4.49896
31.4788 -7.11635 -9.80174 -4.43097
31.9221 -7.02374 -9.68451 -4.36297
32.3655 -6.93113 -9.5673 -4.29496
32.8088 -6.83852 -9.45009 -4.22695
33.2522 -6.74591 -9.33288 -4.15893
33.6956 -6.65329 -9.21568 -4.09091
34.1389 -6.56068 -9.09849 -4.02288
34.5823 -6.46807 -8.9813 -3.95484
35.0257 -6.37546 -8.86412 -3.8868
35.469 -6.28285 -8.74694 -3.81875
35.9124 -6.19024 -8.62977 -3.7507
36.3557 -6.09762 -8.51261 -3.68264
36.7991 -6.00501 -8.39546 -3.61457
37.2425 -5.9124 -8.27831 -3.54649
37.6858 -5.81979 -8.16117 -3.47841
38.1292 -5.72718 -8.04404 -3.41032
38.5726 -5.63457 -7.92691 -3.34222
39.0159 -5.54195 -7.8098 -3.27411
39.4593 -5.44934 -7.69269 -3.206
39.9026 -5.35673 -7.57559 -3.13787
40.346 -5.26412 -7.4585 -3.06974
40.7894 -5.17151 -7.34142 -3.0016
41.2327 -5.0789 -7.22435 -2.93344
41.6761 -4.98628 -7.10729 -2.86528
42.1195 -4.89367 -6.99024 -2.79711
42.5628 -4.80106 -6.8732 -2.72892
43.0062 -4.70845 -6.75617 -2.66073
43.4496 -4.61584 -6.63915 -2.59252
43.8929 -4.52323 -6.52215 -2.52431
44.3363 -4.43062 -6.40516 -2.45607
44.7796 -4.338 -6.28818 -2.38783
45.223 -4.24539 -6.17121 -2.31957
45.6664 -4.15278 -6.05426 -2.2513
46.1097 -4.06017 -5.93732 -2.18302
46.5531 -3.96756 -5.8204 -2.11472
46.9965 -3.87495 -5.70349 -2.0464
47.4398 -3.78233 -5.5866 -1.97807
47.8832 -3.68972 -5.46972 -1.90972
48.3265 -3.59711 -5.35287 -1.84135
48.7699 -3.5045 -5.23603 -1.77297
49.2133 -3.41189 -5.11921 -1.70457
49.6566 -3.31928 -5.00241 -1.63614
50.1 -3.22666 -4.88563 -1.5677
50.5434 -3.13405 -4.76887 -1.49923
50.9867 -3.04144 -4.65214 -1.43074
51.4301 -2.94883 -4.53543 -1.36223
51.8734 -2.85622 -4.41874 -1.29369
52.3168 -2.76361 -4.30208 -1.22513
52.7602 -2.67099 -4.18545 -1.15654
53.2035 -2.57838 -4.06885 -1.08792
53.6469 -2.48577 -3.95227 -1.01927
54.0903 -2.39316 -3.83573 -0.950591
54.5336 -2.30055 -3.71922 -0.881878
54.977 -2.20794 -3.60274 -0.81313
55.4203 -2.11533 -3.48631 -0.744345
55.8637 -2.02271 -3.36991 -0.675522
56.3071 -1.9301 -3.25355 -0.606658
56.7504 -1.83749 -3.13723 -0.537752
57.1938 -1.74488 -3.02096 -0.4688
57.6372 -1.65227 -2.90473 -0.399801
58.0805 -1.55966 -2.78856 -0.330752
58.5239 -1.46704 -2.67244 -0.261649
58.9672 -1.37443 -2.55638 -0.192489
59.4106 -1.28182 -2.44037 -0.12327
59.854 -1.18921 -2.32443 -0.0539863
60.2973 -1.0966 -2.20856 0.0153647
60.7407 -1.00399 -2.09276 0.0847878
61.1841 -0.911374 -1.97704 0.154288
61.6274 -0.818763 -1.86139 0.223869
62.0708 -0.726151 -1.74584 0.293539
62.5141 -0.63354 -1.63038 0.363301
62.9575 -0.540928 -1.51502 0.433164
63.4009 -0.448316 -1.39977 0.503134
63.8442 -0.355705 -1.28463 0.573219
64.2876 -0.263093 -1.16961 0.643428
64.731 -0.170482 -1.05473 0.713769
65.1743 -0.0778699 -0.939994 0.784254
65.6177 0.0147417 -0.825411 0.854894
66.0611 0.107353 -0.710994 0.925701
66.5044 0.199965 -0.596759 0.996689
66.9478 0.292576 -0.482719 1.06787
67.3911 0.385188 -0.368893 1.13927
67.8345 0.4778 -0.255297 1.2109
68.2779 0.570411 -0.141953 1.28278
68.7212 0.663023 -0.0288833 1.35493
69.1646 0.755635 0.0838873 1.42738
69.608 0.848246 0.196331 1.50016
70.0513 0.940858 0.308416 1.5733
70.4947 1.03347 0.42011 1.64683
70.938 1.12608 0.531375 1.72079
71.3814 1.21869 0.642167 1.79522
71.8248 1.3113 0.752443 1.87017
72.2681 1.40392 0.862151 1.94568
72.7115 1.49653 0.971235 2.02182
73.1549 1.58914 1.07964 2.09864
73.5982 1.68175 1.18729 2.17621
74.0416 1.77436 1.29412 2.25461
74.4849 1.86697 1.40006 2.33389
74.9283 1.95959 1.50502 2.41415
75.3717 2.0522 1.60893 2.49547
75.815 2.14481 1.7117 2.57792
76.2584 2.23742 1.81325 2.66159
76.7018 2.33003 1.91351 2.74656
77.1451 2.42264 2.01239 2.83289
77.5885 2.51525 2.10984 2.92067
78.0318 2.60787 2.20581 3.00992
78.4752 2.70048 2.30025 3.1007
78.9186 2.79309 2.39315 3.19303
79.3619 2.8857 2.48451 3.2869
79.8053 2.97831 2.57433 3.3823
80.2487 3.07092 2.66265 3.4792
80.692 3.16354 2.74951 3.57756
81.1354 3.25615 2.83498 3.67731
81.5787 3.34876 2.91913 3.77839
82.0221 3.44137 3.00202 3.88072
82.4655 3.53398 3.08375 3.98422
82.9088 3.62659 3.16439 4.0888
83.3522 3.71921 3.24403 4.19438
83.7956 3.81182 3.32275 4.30089
84.2389 3.90443 3.40062 4.40824
84.6823 3.99704 3.47771 4.51637
85.1256 4.08965 3.5541 4.62521
85.569 4.18226 3.62984 4.73469
86.0124 4.27488 3.70499 4.84476
86.4557 4.36749 3.77961 4.95537
86.8991 4.4601 3.85374 5.06646
87.3425 4.55271 3.92742 5.178
87.7858 4.64532 4.0007 5.28994
88.2292 4.73793 4.07361 5.40226
88.6726 4.83055 4.14618 5.51491
89.1159 4.92316 4.21844 5.62787
89.5593 5.01577 4.29042 5.74112
90.0026 5.10838 4.36214 5.85462
90.446 5.20099 4.43362 5.96836
90.8894 5.2936 4.50488 6.08232
91.3327 5.38621 4.57594 6.19649
91.7761 5.47883 4.64681 6.31084
92.2195 5.57144 4.71751 6.42536
92.6628 5.66405 4.78805 6.54004
93.1062 5.75666 4.85845 6.65487
93.5495 5.84927 4.92871 6.76984
93.9929 5.94188 4.99884 6.88493
94.4363 6.0345 5.06885 7.00014
94.8796 6.12711 5.13875 7.11547
95.323 6.21972 5.20855 7.23089
95.7664 6.31233 5.27825 7.34641
96.2097 6.40494 5.34787 7.46202
96.6531 6.49755 5.41739 7.57771
97.0964 6.59017 5.48685 7.69349
97.5398 6.68278 5.55622 7.80933
97.9832 6.77539 5.62553 7.92525
98.4265 6.868 5.69477 8.04123
98.8699 6.96061 5.76396 8.15727
99.3133 7.05322 5.83308 8.27337
99.7566 7.14584 5.90215 8.38952
100.2 7.23845 5.97117 8.50573
100.643 7.33106 6.04013 8.62198
101.087 7.42367 6.10906 8.73828
101.53 7.51628 6.17794 8.85463
101.973 7.60889 6.24677 8.97101
102.417 7.7015 6.31557 9.08744
102.86 7.79412 6.38434 9.2039
103.304 7.88673 6.45306 9.32039
103.747 7.97934 6.52175 9.43693
104.19 8.07195 6.59041 9.55349
104.634 8.16456 6.65904 9.67008
105.077 8.25717 6.72765 9.7867
105.52 8.34979 6.79622 9.90335
105.964 8.4424 6.86477 10.02
106.407 8.53501 6.93329 10.1367
106.85 8.62762 7.00178 10.2535
107.294 8.72023 7.07026 10.3702
107.737 8.81284 7.13871 10.487
108.181 8.90546 7.20714 10.6038
108.624 8.99807 7.27555 10.7206
109.067 9.09068 7.34395 10.8374
109.511 9.18329 7.41232 10.9543
109.954 9.2759 7.48067 11.0711
110.397 9.36851 7.54901 11.188
