# Cellular [Fura] for dataset DA_120906_E1.h5

# Loading curve with 64 elements
#    Time   AMPLITUDE
    0.021 0.996112593
   30.021 0.939566778
   60.021 0.525998803
   90.021 1.20048937
  120.021 0.606239109
  270.021 21.071293
  330.021 28.049934
  390.021 32.2615117
  480.021 37.0545011
  540.021 41.4945276
  600.021 44.3447577
  660.021 45.057858
  750.021 49.1671056
  810.021 52.1500626
  870.021 53.4357955
  930.021 55.0047295
  990.021 56.5948091
 1080.021 62.0698412
 1140.021 59.4241767
 1200.021 67.4026119
 1260.021 66.6893228
 1320.021 68.3660619
 1380.021 67.4316872
 1440.021 69.3326272
 1500.021 72.258944
 1560.021 73.1019392
 1620.021 73.5271184
 1680.021 76.6070245
 1740.021 77.4650294
 1800.021 79.8913074
 1860.021 80.4002198
 1920.021 80.3482996
 1980.021 81.1330498
 2040.021 83.4873003
 2100.021 83.9528829
 2160.021 85.6736126
 2220.021 86.6888885
 2280.021 86.3766121
 2340.021 84.9743892
 2400.021 88.7066962
 2460.021 89.6742999
 2520.021 93.7415394
 2580.021 96.275245
 2640.021 95.1739704
 2700.021 94.6759141
 2760.021 97.7992444
 2820.021 96.2025567
 2880.021 98.7646769
 2940.021 96.8855433
 3000.021 97.6959704
 3060.021 96.7041058
 3120.021 97.4485471
 3180.021 99.0157819
 3240.021 96.694477
 3300.021 98.8346276
 3360.021 95.863093
 3420.021 96.6114047
 3480.021 95.8410978
 3540.021 95.6009432
 3600.021 98.6665949
 3660.021       100
 3720.021 99.0011498
 3780.021 97.5086801
 3840.021 96.2168112


# Stim 1 with 200 elements
#    Time   AMPLITUDE
  270.015 20.1581584
  270.115 20.1616512
  270.215 20.229997
  270.315 20.6571587
  270.415 20.3629127
  270.515 20.8211321
  270.615 20.5353822
  270.715 20.003153
  270.815 21.0803555
  270.915 21.0185232
  271.015 20.9718895
  271.115 19.7410032
  271.215 20.802724
  271.315 20.229525
  271.415 20.7667575
  271.515 20.3661224
  271.615 20.9788751
  271.715 20.2185746
  271.815 20.3394071
  271.915 20.5178237
  272.015 19.4799862
  272.115 21.2011879
  272.215 20.6469634
  272.315 20.4999821
  272.415 20.6479074
  272.515 20.7417414
  272.615 21.1294437
  272.715 20.2313186
  272.815 20.7798791
  272.915 20.6879332
  273.015 20.0758412
  273.115 20.9807631
  273.215 19.9451912
  273.315 20.0811277
  273.415 20.3982185
  273.515 20.8812651
  273.615 20.3416727
  273.715 19.8223763
  273.815 20.211589
  273.915 20.2350947
  274.015 20.365084
  274.115 21.1228356
  274.215 20.8436938
  274.315 20.8301945
  274.415 21.1309541
  274.515 20.9826511
  274.615 20.8999564
  274.715 20.5903232
  274.815 21.323814
  274.915 21.4555969
  275.015 21.2549017
  275.115 20.4364506
  275.215 19.704659
  275.315 20.4778924
  275.415 20.0087226
  275.515 20.6453586
  275.615 21.1098084
  275.715 21.2777466
  275.815  20.79942
  275.915 21.6450584
  276.015 21.1960903
  276.115 21.4121727
  276.215 20.386796
  276.315 21.373563
  276.415 21.2194072
  276.515 21.6456248
  276.615 21.4812738
  276.715 21.8351807
  276.815 21.3601581
  276.915 21.0213552
  277.015 21.1780598
  277.115 21.5067619
  277.215 20.5266974
  277.315 21.7303963
  277.415 20.9014668
  277.515 21.0888515
  277.615 21.0532626
  277.715 20.7457062
  277.815 21.0720482
  277.915 21.0502418
  278.015 21.6576137
  278.115 20.7338118
  278.215 20.9565022
  278.315 20.4480619
  278.415 21.0354209
  278.515 21.4234064
  278.615 21.5415956
  278.715 21.3191884
  278.815 21.6001239
  278.915 21.8854017
  279.015 20.8748459
  279.115 21.162295
  279.215 21.3838526
  279.315 21.5677445
  279.415 22.2776352
  279.515 21.6122071
  279.615 21.9253331
  279.715 21.0835651
  279.815 20.9261997
  279.915 21.8809649
  280.015 21.9275043
  280.115 21.1436981
  280.215 21.6742281
  280.315 20.6654659
  280.415 21.9919797
  280.515 21.7541852
  280.615 21.4519153
  280.715 21.6104135
  280.815 21.7306796
  280.915 21.6169271
  281.015 21.3131468
  281.115 21.9333571
  281.215 22.0877017
  281.315 21.8288559
  281.415 21.0292849
  281.515 21.6225911
  281.615 21.0458993
  281.715 20.9482894
  281.815 21.7101003
  281.915 22.1105466
  282.015 21.0119152
  282.115 21.947706
  282.215 21.0743139
  282.315 22.4851272
  282.415 21.3868734
  282.515 21.8077102
  282.615 22.4499159
  282.715 21.7578669
  282.815 21.8602912
  282.915 21.9014498
  283.015 21.4451185
  283.115 20.7047364
  283.215 22.0844921
  283.315 21.6768713
  283.415 21.3368413
  283.515 22.8135461
  283.615 21.4033935
  283.715 21.477309
  283.815 21.8492464
  283.915 22.0616472
  284.015 21.6401496
  284.115 21.3248524
  284.215 21.176455
  284.315 21.9763093
  284.415 21.5736918
  284.515 22.4764424
  284.615 21.9324131
  284.715 21.8136575
  284.815 21.4989267
  284.915 22.014447
  285.015 21.7393644
  285.115 21.2099672
  285.215 22.0176566
  285.315 21.8711473
  285.415 21.1792871
  285.515 21.942986
  285.615 20.9236509
  285.715 21.3377853
  285.815 22.8716023
  285.915 21.7758029
  286.015 21.752014
  286.115 22.3051057
  286.215 21.2503705
  286.315 21.5846422
  286.415 21.2392313
  286.515 21.5415956
  286.615 21.379227
  286.715 22.2957601
  286.815 22.4926793
  286.915 21.8466032
  287.015 21.994151
  287.115 21.6685641
  287.215 21.3551549
  287.315 21.4710786
  287.415 22.1957901
  287.515 21.1954295
  287.615 22.227131
  287.715 22.2211838
  287.815 22.2977425
  287.915 21.2439513
  288.015 22.0783561
  288.115 21.4972275
  288.215 22.0918553
  288.315 22.4381158
  288.415 22.0091606
  288.515 21.788547
  288.615 21.909757
  288.715 21.1948631
  288.815 21.8702033
  288.915 22.5240202
  289.015 22.3020849
  289.115 22.7839044
  289.215 21.7780685
  289.315 22.2458223
  289.415 21.9177811
  289.515 21.8834193
  289.615 22.0151078
  289.715 21.790435
  289.815 22.4718168
  289.915 21.5945542


# Stim 2 with 200 elements
#    Time   AMPLITUDE
  470.639 36.561448
  470.739 35.7198688
  470.839 36.2016883
  470.939 36.5037694
  471.039 35.9878714
  471.139 36.2489828
  471.239 36.3834089
  471.339 35.7537586
  471.439 35.8639238
  471.539 36.1336256
  471.639 36.2554021
  471.739 35.7508321
  471.839 35.6988175
  471.939 36.3547112
  472.039 35.8000147
  472.139 36.2536085
  472.239 36.3526344
  472.339 34.8643184
  472.439 35.8147412
  472.539 35.3851251
  472.639 34.5634644
  472.739 34.6181222
  472.839 35.2904416
  472.939 35.0837992
  473.039 35.9803194
  473.139 36.2094291
  473.239 35.0984313
  473.339 35.0720936
  473.439 36.1531665
  473.539 36.176861
  473.639 35.0199846
  473.739 35.295728
  473.839 35.4154277
  473.939 34.8349599
  474.039 35.4518662
  474.139 35.4884935
  474.239 35.5475882
  474.339 35.7133552
  474.439 35.4663095
  474.539 35.1840524
  474.639 35.9538873
  474.739 36.0539517
  474.839 35.9254728
  474.939 35.544001
  475.039 35.3821043
  475.139 35.6654942
  475.239 35.8385301
  475.339 35.1298666
  475.439 36.3313943
  475.539 36.6908709
  475.639 35.8086052
  475.739 35.5129432
  475.839 35.0662407
  475.939 35.9266056
  476.039 36.1729905
  476.139 36.3134583
  476.239 35.6897551
  476.339 34.7406539
  476.439 36.3662281
  476.539 36.4218299
  476.639 37.1352134
  476.739 35.6230141
  476.839 36.348292
  476.939 36.8441771
  477.039 34.6513512
  477.139 35.5203065
  477.239 36.4683693
  477.339 36.0138315
  477.439 36.8554107
  477.539 35.7390321
  477.639 36.1065327
  477.739 35.4719735
  477.839 36.2977878
  477.939 36.6462195
  478.039 36.5796673
  478.139 36.5125486
  478.239 36.1054943
  478.339 36.0683949
  478.439 35.2357838
  478.539 35.2793023
  478.639 35.6291501
  478.739 35.4698023
  478.839 36.3413064
  478.939 36.6577364
  479.039 35.4321365
  479.139 36.9936129
  479.239 35.5531578
  479.339 36.2101843
  479.439 36.2009331
  479.539 36.1923426
  479.639 36.8232202
  479.739 36.2169811
  479.839 36.387657
  479.939 36.4151275
  480.039 37.8929651
  480.139 38.0880906
  480.239 36.6375347
  480.339 36.7260823
  480.439 36.3815209
  480.539 36.3946426
  480.639 36.8353035
  480.739 35.6914543
  480.839 36.3993626
  480.939 36.6887941
  481.039 36.2166035
  481.139 35.6603022
  481.239 36.3198775
  481.339 35.8499525
  481.439 36.8719308
  481.539 36.3833145
  481.639 36.2877814
  481.739 36.8383243
  481.839 36.6278115
  481.939 36.7919737
  482.039 37.0798004
  482.139 38.0540121
  482.239 35.5947883
  482.339 36.455814
  482.439 36.6215811
  482.539  37.48997
  482.639 36.0383756
  482.739 37.2557627
  482.839 36.1526945
  482.939 35.9066871
  483.039 36.8449323
  483.139 36.4214523
  483.239 36.3472536
  483.339 36.8901501
  483.439 37.4349346
  483.539 37.5277301
  483.639 36.2901414
  483.739 36.8849581
  483.839 37.276814
  483.939 36.977376
  484.039 37.249249
  484.139 36.6943637
  484.239 37.6269449
  484.339 36.3924714
  484.439 36.8859021
  484.539 37.1254902
  484.639 36.3428168
  484.739 37.2148873
  484.839 36.817745
  484.939 36.7932953
  485.039 36.3955866
  485.139 37.245473
  485.239 37.1278502
  485.339 36.2296308
  485.439 36.1907378
  485.539 36.7647864
  485.639 37.6748059
  485.739 37.4021776
  485.839 37.4944068
  485.939 36.9908753
  486.039 36.348764
  486.139 36.2188691
  486.239 36.9245118
  486.339 37.2073353
  486.439 37.7504206
  486.539 38.2584833
  486.639 36.8026409
  486.739 37.2377322
  486.839 37.0836708
  486.939 36.1669489
  487.039 38.1605901
  487.139 36.8691932
  487.239 36.5822161
  487.339 36.7162646
  487.439 36.9767152
  487.539 37.5852199
  487.639 36.1545825
  487.739 37.2503818
  487.839 37.0268418
  487.939 37.4856275
  488.039 37.9869879
  488.139 37.4420146
  488.239 36.5391695
  488.339 36.4544924
  488.439 37.5807831
  488.539 37.4875156
  488.639 37.4327633
  488.739 38.0240872
  488.839 37.2118665
  488.939 37.3028684
  489.039 37.4426754
  489.139 37.9452629
  489.239 37.0049409
  489.339 37.0336386
  489.439 36.8628684
  489.539 36.5659792
  489.639 37.2466058
  489.739 37.0954709
  489.839 36.9638768
  489.939 37.1762776
  490.039 37.1828856
  490.139 37.3135357
  490.239 37.9020275
  490.339 37.5169685
  490.439 37.4854387
  490.539 36.6696308


# Stim 3 with 200 elements
#    Time   AMPLITUDE
  731.247 47.9529282
  731.347 47.8322845
  731.447 48.3193904
  731.547 48.361493
  731.647 47.1656292
  731.747 48.7733617
  731.847 48.3402529
  731.947 48.897687
  732.047 47.9809651
  732.147 48.2870111
  732.247 48.7710017
  732.347 48.795357
  732.447 49.369972
  732.547 48.2584078
  732.647 47.5114177
  732.747 48.1920443
  732.847 47.5832564
  732.947 49.1557776
  733.047 47.6122373
  733.147 47.4138078
  733.247 47.5592787
  733.347 47.2274614
  733.447 48.010418
  733.547 47.5644707
  733.647 46.8049254
  733.747 47.8568286
  733.847  47.15449
  733.947 48.2238572
  734.047 48.3115552
  734.147 47.4630847
  734.247 46.6069679
  734.347 48.0035268
  734.447 46.3853158
  734.547 47.8195405
  734.647 48.1101992
  734.747 48.312688
  734.847 48.1827931
  734.947 47.5755156
  735.047 48.8803173
  735.147 48.5656809
  735.247 48.3363825
  735.347 48.2140396
  735.447 48.6073115
  735.547 49.4743788
  735.647 47.3214842
  735.747 48.5880538
  735.847 48.6280796
  735.947 48.4445653
  736.047 47.5624883
  736.147 49.2636772
  736.247 47.699652
  736.347 47.2391671
  736.447 47.6047797
  736.547 47.8475774
  736.647 47.5906196
  736.747 46.6781458
  736.847 47.4590255
  736.947 48.1355929
  737.047 48.6855694
  737.147 47.3109114
  737.247 48.270019
  737.347 48.5524649
  737.447 47.2788152
  737.547 47.533413
  737.647 48.8357604
  737.747 47.7297658
  737.847 47.8641919
  737.947 48.384621
  738.047 47.7590299
  738.147 48.3878307
  738.247 48.1888347
  738.347 48.3540353
  738.447 48.7329584
  738.547 48.045063
  738.647  47.57325
  738.747 47.3710444
  738.847 49.4870284
  738.947 47.8758031
  739.047 48.0216517
  739.147 48.5553913
  739.247 47.0918081
  739.347 48.7504224
  739.447 47.4527951
  739.547 47.4968801
  739.647 48.8290579
  739.747 48.9883113
  739.847 48.1357817
  739.947 48.4452261
  740.047 48.2114908
  740.147 48.9804761
  740.247 49.0774253
  740.347 48.4471141
  740.447 47.6336662
  740.547 48.487895
  740.647 48.2792702
  740.747  47.89912
  740.847 48.0703623
  740.947 48.3640418
  741.047 47.962557
  741.147 48.9126023
  741.247 47.5928852
  741.347 48.839914
  741.447 48.4420165
  741.547 47.8821279
  741.647 48.1528682
  741.747 48.5259384
  741.847 48.8120659
  741.947 48.7452304
  742.047 48.2425485
  742.147 47.7964124
  742.247 48.3962323
  742.347 47.7460026
  742.447 48.9749065
  742.547 48.0045652
  742.647 48.852658
  742.747 48.9301607
  742.847 48.9767945
  742.947 49.3128598
  743.047 47.7507226
  743.147 47.5240674
  743.247 48.3124048
  743.347 47.5511603
  743.447 48.9783049
  743.547 48.0310917
  743.647 48.3536577
  743.747 48.1447497
  743.847 47.203295
  743.947 49.3381591
  744.047 48.1134088
  744.147 47.747041
  744.247 48.1593818
  744.347 47.7720571
  744.447 47.4914992
  744.547 48.5475561
  744.647 47.7741339
  744.747 48.5735162
  744.847 48.1211496
  744.947 47.7460026
  745.047 48.4001027
  745.147 47.9720915
  745.247 47.6684055
  745.347 48.3351553
  745.447 48.4578757
  745.547 49.3631752
  745.647 48.2688862
  745.747 48.0286373
  745.847 47.9353697
  745.947 48.6800942
  746.047 49.7409654
  746.147 49.1744689
  746.247 47.8969488
  746.347 47.9476418
  746.447 47.6314006
  746.547 48.0825399
  746.647 47.8644751
  746.747 49.2589572
  746.847 48.4805318
  746.947 47.5754212
  747.047 47.9001584
  747.147 49.1543616
  747.247 48.6530957
  747.347 48.2402829
  747.447 47.7607291
  747.547 48.6284572
  747.647 48.6407292
  747.747 47.8633423
  747.847 48.886831
  747.947 48.3412913
  748.047 49.115563
  748.147 49.462862
  748.247 49.2152498
  748.347 48.5707786
  748.447 49.4557819
  748.547 48.6202443
  748.647 49.0036042
  748.747 48.5006391
  748.847 48.8482212
  748.947 47.5640931
  749.047 48.2184764
  749.147 48.3588498
  749.247 48.8171635
  749.347 49.1453935
  749.447 48.9619736
  749.547  48.11794
  749.647 48.3400641
  749.747 48.8080067
  749.847 48.377069
  749.947 47.7936748
  750.047 48.2177212
  750.147 48.7641105
  750.247 48.8415188
  750.347 48.6210939
  750.447 48.8895686
  750.547 47.9402786
  750.647 47.5201026
  750.747 48.2329197
  750.847 48.6601757
  750.947 48.3598882
  751.047 49.3930057
  751.147 47.7669595


# Stim 4 with 200 elements
#    Time   AMPLITUDE
 1051.861 60.7808987
 1052.061 60.354209
 1052.261 60.3896092
 1052.461 60.9359984
 1052.661 60.7280345
 1052.861 61.2371356
 1053.061 60.7598474
 1053.261 60.3500554
 1053.461 59.4726041
 1053.661 60.4112268
 1053.861 60.8489613
 1054.061 59.6618768
 1054.261 58.9816278
 1054.461 60.1638035
 1054.661 60.7670218
 1054.861 60.9877298
 1055.061 58.7600702
 1055.261 59.8132006
 1055.461 59.5290555
 1055.661 59.4699609
 1055.861 59.354698
 1056.061 60.0835632
 1056.261 58.6576458
 1056.461 59.9794396
 1056.661 59.2577489
 1056.861 60.1629539
 1057.061 59.8740888
 1057.261 61.1597273
 1057.461 59.1759037
 1057.661 61.4561444
 1057.861 59.3497892
 1058.061 59.7705316
 1058.261 60.6580838
 1058.461 60.2558439
 1058.661 59.9860476
 1058.861 60.6721494
 1059.061 59.8491671
 1059.261 60.5258289
 1059.461 59.5187658
 1059.661 60.087528
 1059.861 60.1672019
 1060.061 59.8486951
 1060.261 59.7125698
 1060.461 60.4539902
 1060.661 59.9794396
 1060.861 58.9983367
 1061.061 60.9578993
 1061.261 59.4120934
 1061.461 60.2210101
 1061.661 61.2251467
 1061.861 59.9902012
 1062.061 61.4859749
 1062.261 60.4263309
 1062.461 59.6811345
 1062.661 59.7221042
 1062.861 60.7693818
 1063.061 60.0328702
 1063.261 60.1885364
 1063.461 61.241006
 1063.661 60.4858975
 1063.861 59.9608427
 1064.061 61.5750889
 1064.261 60.1406754
 1064.461 60.9215552
 1064.661 61.2406284
 1064.861 60.3845115
 1065.061 60.6106948
 1065.261 61.0925142
 1065.461 59.8807912
 1065.661 61.807125
 1065.861 61.6867645
 1066.061 60.4476654
 1066.261 60.7811819
 1066.461 61.0308708
 1066.661 58.7482701
 1066.861 61.5150502
 1067.061 60.7258632
 1067.261 60.5501842
 1067.461 60.4448334
 1067.661 61.8182642
 1067.861 60.3463738
 1068.061 60.2255413
 1068.261 60.4909951
 1068.461 62.3778695
 1068.661 60.5216753
 1068.861 61.0433317
 1069.061 60.1318018
 1069.261 61.0012291
 1069.461  61.45605
 1069.661 60.3307977
 1069.861 59.9257258
 1070.061 60.9532737
 1070.261 61.2151403
 1070.461 61.2933982
 1070.661 60.0123853
 1070.861 60.0260734
 1071.061 61.0753334
 1071.261 61.0099139
 1071.461 61.2938702
 1071.661 61.3909138
 1071.861 61.0066099
 1072.061 60.9500641
 1072.261 60.9982083
 1072.461 61.9106822
 1072.661 60.6369381
 1072.861 60.7998731
 1073.061 60.9620529
 1073.261 61.4223491
 1073.461 59.5742733
 1073.661 61.0093475
 1073.861 61.7921153
 1074.061 60.8221516
 1074.261 61.4795557
 1074.461 60.4148141
 1074.661 61.6146426
 1074.861 60.2328102
 1075.061 61.5803753
 1075.261 61.2175947
 1075.461 60.028339
 1075.661 61.9462711
 1075.861 61.1255544
 1076.061 60.8613278
 1076.261 61.6401307
 1076.461 61.2135355
 1076.661 60.9020143
 1076.861 61.5916089
 1077.061 61.7620016
 1077.261 61.3812849
 1077.461 60.9680946
 1077.661 59.3353459
 1077.861 60.8433917
 1078.061 60.135861
 1078.261 59.6428079
 1078.461 60.2135525
 1078.661 61.5400663
 1078.861 62.1659407
 1079.061 60.340521
 1079.261 60.9838594
 1079.461 60.2910552
 1079.661 60.9108879
 1079.861 62.0017785
 1080.061 62.2498626
 1080.261 60.134917
 1080.461 61.3115231
 1080.661 60.8449965
 1080.861 60.9215552
 1081.061 60.1703171
 1081.261 60.4897679
 1081.461 60.9843314
 1081.661 60.8006283
 1081.861 60.1967492
 1082.061 61.0414436
 1082.261 61.4721925
 1082.461 61.9086053
 1082.661 60.7494633
 1082.861 60.9057903
 1083.061 60.3444858
 1083.261 61.7737072
 1083.461 60.3726171
 1083.661 60.4870303
 1083.861 61.8833061
 1084.061 60.4627694
 1084.261 61.1573673
 1084.461 61.4047906
 1084.661 61.0962903
 1084.861 59.8515271
 1085.061 61.0468245
 1085.261 62.0999549
 1085.461 59.7290898
 1085.661 60.0798816
 1085.861 62.4405514
 1086.061 61.1795514
 1086.261 61.5851897
 1086.461 61.3795857
 1086.661 60.9265584
 1086.861 61.1616153
 1087.061 60.9563889
 1087.261 61.6272923
 1087.461 60.3149385
 1087.661 62.0596459
 1087.861 61.1545353
 1088.061 61.0640997
 1088.261 61.6508924
 1088.461 60.7836363
 1088.661 60.1584227
 1088.861 60.981877
 1089.061 62.7646278
 1089.261 62.0932525
 1089.461 60.9234432
 1089.661 61.4608644
 1089.861 61.1834218
 1090.061 61.5145782
 1090.261 60.3402378
 1090.461 61.5411991
 1090.661 60.9675282
 1090.861 61.7612464
 1091.061 61.5650824
 1091.261 61.8786804
 1091.461 62.1177021
 1091.661 62.0032889


