# τ vs min κ linear regression for data set DA_120906_E1.h5
# Using stimulation: 1, 3, 4
# Best fit: tau = -9.42271 + 0.165536 kappa_Fura
# Covariance matrix:
# [ +3.25022e+00, -4.35833e-02  
#   -4.35833e-02, +5.92004e-04  ]
# Total sum of squares (TSS) = 74.8946
# chisq (Residual sum of squares, RSS) = 28.6076
# Probability of observing a larger of equal RSS per DOF under the null hypothesis: 8.86332e-08
# R squared (1-RSS/TSS) = 0.618028
# Estimated gamma/v with standard error: 6.04099 +/- 0.88793
# Estimates kappa_S with standard error (using error propagation): -57.9226 +/- 13.7337
# kappa_S confidence intervals based on parametric bootstrap
# 0.95 CI for kappa_S: [-62.3143,-50.5641]
# 0.99 CI for kappa_S: [-63.3537,-46.825]


# The data
# κ_Fura  τ   τ_SE
68.4628 2.19606 0.245396
83.0767 3.05313 0.389237
101.923 11.9335 1.10399


# The fitted data
# Preticted values with lower and upper bounds of 0.95 CI
# κ_Fura  τ   τ_lwr  τ_upr
0 -9.42271 -12.9563 -5.88915
0.428076 -9.35185 -12.8651 -5.83857
0.856151 -9.28099 -12.774 -5.78799
1.28423 -9.21013 -12.6828 -5.73741
1.7123 -9.13927 -12.5917 -5.68683
2.14038 -9.0684 -12.5006 -5.63624
2.56845 -8.99754 -12.4094 -5.58565
2.99653 -8.92668 -12.3183 -5.53506
3.42461 -8.85582 -12.2272 -5.48447
3.85268 -8.78496 -12.136 -5.43388
4.28076 -8.7141 -12.0449 -5.38329
4.70883 -8.64323 -11.9538 -5.33269
5.13691 -8.57237 -11.8627 -5.28209
5.56498 -8.50151 -11.7715 -5.23149
5.99306 -8.43065 -11.6804 -5.18089
6.42114 -8.35979 -11.5893 -5.13029
6.84921 -8.28892 -11.4982 -5.07968
7.27729 -8.21806 -11.407 -5.02908
7.70536 -8.1472 -11.3159 -4.97847
8.13344 -8.07634 -11.2248 -4.92786
8.56151 -8.00548 -11.1337 -4.87724
8.98959 -7.93462 -11.0426 -4.82663
9.41767 -7.86375 -10.9515 -4.77601
9.84574 -7.79289 -10.8604 -4.72539
10.2738 -7.72203 -10.7693 -4.67476
10.7019 -7.65117 -10.6782 -4.62414
11.13 -7.58031 -10.5871 -4.57351
11.558 -7.50944 -10.496 -4.52288
11.9861 -7.43858 -10.4049 -4.47225
12.4142 -7.36772 -10.3138 -4.42162
12.8423 -7.29686 -10.2227 -4.37098
13.2703 -7.226 -10.1317 -4.32034
13.6984 -7.15514 -10.0406 -4.26969
14.1265 -7.08427 -9.9495 -4.21905
14.5546 -7.01341 -9.85842 -4.1684
14.9827 -6.94255 -9.76735 -4.11775
15.4107 -6.87169 -9.67628 -4.06709
15.8388 -6.80083 -9.58522 -4.01644
16.2669 -6.72996 -9.49415 -3.96578
16.695 -6.6591 -9.40309 -3.91511
17.123 -6.58824 -9.31204 -3.86445
17.5511 -6.51738 -9.22098 -3.81378
17.9792 -6.44652 -9.12993 -3.7631
18.4073 -6.37566 -9.03889 -3.71243
18.8353 -6.30479 -8.94784 -3.66175
19.2634 -6.23393 -8.8568 -3.61106
19.6915 -6.16307 -8.76577 -3.56037
20.1196 -6.09221 -8.67474 -3.50968
20.5476 -6.02135 -8.58371 -3.45899
20.9757 -5.95048 -8.49268 -3.40829
21.4038 -5.87962 -8.40166 -3.35758
21.8319 -5.80876 -8.31065 -3.30688
22.2599 -5.7379 -8.21964 -3.25616
22.688 -5.66704 -8.12863 -3.20545
23.1161 -5.59618 -8.03762 -3.15473
23.5442 -5.52531 -7.94663 -3.104
23.9722 -5.45445 -7.85563 -3.05327
24.4003 -5.38359 -7.76464 -3.00254
24.8284 -5.31273 -7.67366 -2.9518
25.2565 -5.24187 -7.58268 -2.90105
25.6845 -5.17101 -7.49171 -2.8503
26.1126 -5.10014 -7.40074 -2.79955
26.5407 -5.02928 -7.30978 -2.74879
26.9688 -4.95842 -7.21882 -2.69802
27.3968 -4.88756 -7.12787 -2.64725
27.8249 -4.8167 -7.03692 -2.59647
28.253 -4.74583 -6.94598 -2.54569
28.6811 -4.67497 -6.85505 -2.4949
29.1091 -4.60411 -6.76412 -2.4441
29.5372 -4.53325 -6.6732 -2.39329
29.9653 -4.46239 -6.58229 -2.34248
30.3934 -4.39153 -6.49138 -2.29167
30.8215 -4.32066 -6.40048 -2.24084
31.2495 -4.2498 -6.30959 -2.19001
31.6776 -4.17894 -6.21871 -2.13917
32.1057 -4.10808 -6.12783 -2.08832
32.5338 -4.03722 -6.03696 -2.03747
32.9618 -3.96635 -5.9461 -1.9866
33.3899 -3.89549 -5.85525 -1.93573
33.818 -3.82463 -5.76441 -1.88485
34.2461 -3.75377 -5.67358 -1.83396
34.6741 -3.68291 -5.58275 -1.78306
35.1022 -3.61205 -5.49194 -1.73215
35.5303 -3.54118 -5.40113 -1.68123
35.9584 -3.47032 -5.31034 -1.6303
36.3864 -3.39946 -5.21956 -1.57936
36.8145 -3.3286 -5.12879 -1.52841
37.2426 -3.25774 -5.03803 -1.47745
37.6707 -3.18687 -4.94728 -1.42647
38.0987 -3.11601 -4.85654 -1.37549
38.5268 -3.04515 -4.76582 -1.32449
38.9549 -2.97429 -4.67511 -1.27347
39.383 -2.90343 -4.58441 -1.22245
39.811 -2.83257 -4.49372 -1.17141
40.2391 -2.7617 -4.40306 -1.12035
40.6672 -2.69084 -4.3124 -1.06928
41.0953 -2.61998 -4.22176 -1.0182
41.5233 -2.54912 -4.13114 -0.967094
41.9514 -2.47826 -4.04054 -0.915975
42.3795 -2.40739 -3.94995 -0.864839
42.8076 -2.33653 -3.85938 -0.813684
43.2356 -2.26567 -3.76883 -0.762511
43.6637 -2.19481 -3.6783 -0.711318
44.0918 -2.12395 -3.58779 -0.660105
44.5199 -2.05309 -3.4973 -0.608871
44.948 -1.98222 -3.40683 -0.557614
45.376 -1.91136 -3.31639 -0.506335
45.8041 -1.8405 -3.22597 -0.455031
46.2322 -1.76964 -3.13557 -0.403702
46.6603 -1.69878 -3.04521 -0.352347
47.0883 -1.62791 -2.95486 -0.300965
47.5164 -1.55705 -2.86455 -0.249555
47.9445 -1.48619 -2.77427 -0.198114
48.3726 -1.41533 -2.68402 -0.146642
48.8006 -1.34447 -2.5938 -0.095138
49.2287 -1.27361 -2.50361 -0.0435995
49.6568 -1.20274 -2.41346 0.00797483
50.0849 -1.13188 -2.32335 0.0595867
50.5129 -1.06102 -2.23328 0.111238
50.941 -0.990158 -2.14325 0.162931
51.3691 -0.919297 -2.05326 0.214667
51.7972 -0.848435 -1.96332 0.266449
52.2252 -0.777573 -1.87342 0.318279
52.6533 -0.706711 -1.78358 0.370159
53.0814 -0.635849 -1.69379 0.422093
53.5095 -0.564987 -1.60406 0.474083
53.9375 -0.494126 -1.51438 0.526133
54.3656 -0.423264 -1.42477 0.578246
54.7937 -0.352402 -1.33523 0.630424
55.2218 -0.28154 -1.24575 0.682673
55.6498 -0.210678 -1.15635 0.734997
56.0779 -0.139817 -1.06703 0.787399
56.506 -0.0689548 -0.977794 0.839885
56.9341 0.00190701 -0.888645 0.892459
57.3621 0.0727688 -0.799591 0.945128
57.7902 0.143631 -0.710636 0.997898
58.2183 0.214492 -0.621789 1.05077
58.6464 0.285354 -0.533056 1.10376
59.0744 0.356216 -0.444444 1.15688
59.5025 0.427078 -0.355962 1.21012
59.9306 0.49794 -0.267619 1.2635
60.3587 0.568801 -0.179425 1.31703
60.7868 0.639663 -0.0913895 1.37072
61.2148 0.710525 -0.00352487 1.42458
61.6429 0.781387 0.0841566 1.47862
62.071 0.852249 0.171641 1.53286
62.4991 0.923111 0.258915 1.58731
62.9271 0.993972 0.345961 1.64198
63.3552 1.06483 0.432762 1.69691
63.7833 1.1357 0.519298 1.75209
64.2114 1.20656 0.605551 1.80757
64.6394 1.27742 0.691496 1.86334
65.0675 1.34828 0.777109 1.91945
65.4956 1.41914 0.862365 1.97592
65.9237 1.49001 0.947235 2.03278
66.3517 1.56087 1.03169 2.09005
66.7798 1.63173 1.11569 2.14777
67.2079 1.70259 1.19921 2.20597
67.636 1.77345 1.2822 2.2647
68.064 1.84431 1.36464 2.32399
68.4921 1.91518 1.44647 2.38389
68.9202 1.98604 1.52765 2.44443
69.3483 2.0569 1.60814 2.50566
69.7763 2.12776 1.68789 2.56763
70.2044 2.19862 1.76686 2.63039
70.6325 2.26948 1.845 2.69397
71.0606 2.34035 1.92227 2.75842
71.4886 2.41121 1.99863 2.82378
71.9167 2.48207 2.07404 2.8901
72.3448 2.55293 2.14847 2.95739
72.7729 2.62379 2.2219 3.02569
73.2009 2.69466 2.2943 3.09501
73.629 2.76552 2.36566 3.16538
74.0571 2.83638 2.43598 3.23678
74.4852 2.90724 2.50526 3.30922
74.9133 2.9781 2.57352 3.38269
75.3413 3.04896 2.64077 3.45716
75.7694 3.11983 2.70704 3.53262
76.1975 3.19069 2.77236 3.60901
76.6256 3.26155 2.83678 3.68632
77.0536 3.33241 2.90032 3.7645
77.4817 3.40327 2.96304 3.8435
77.9098 3.47414 3.02498 3.92329
78.3379 3.545 3.08619 4.00381
78.7659 3.61586 3.1467 4.08502
79.194 3.68672 3.20657 4.16687
79.6221 3.75758 3.26583 4.24933
80.0502 3.82844 3.32454 4.33235
80.4782 3.89931 3.38272 4.41589
80.9063 3.97017 3.44043 4.49991
81.3344 4.04103 3.49768 4.58438
81.7625 4.11189 3.55452 4.66927
82.1905 4.18275 3.61097 4.75454
82.6186 4.25362 3.66706 4.84017
83.0467 4.32448 3.72283 4.92613
83.4748 4.39534 3.77829 5.01239
83.9028 4.4662 3.83346 5.09894
84.3309 4.53706 3.88837 5.18575
84.759 4.60792 3.94304 5.27281
85.1871 4.67879 3.99748 5.36009
85.6151 4.74965 4.05171 5.44758
86.0432 4.82051 4.10575 5.53527
86.4713 4.89137 4.1596 5.62314
86.8994 4.96223 4.21328 5.71119
87.3274 5.0331 4.2668 5.79939
87.7555 5.10396 4.32018 5.88774
88.1836 5.17482 4.37341 5.97622
88.6117 5.24568 4.42652 6.06484
89.0397 5.31654 4.47951 6.15358
89.4678 5.3874 4.53238 6.24243
89.8959 5.45827 4.58514 6.33139
90.324 5.52913 4.63781 6.42045
90.7521 5.59999 4.69038 6.5096
91.1801 5.67085 4.74286 6.59884
91.6082 5.74171 4.79526 6.68817
92.0363 5.81258 4.84758 6.77757
92.4644 5.88344 4.89983 6.86705
92.8924 5.9543 4.952 6.9566
93.3205 6.02516 5.00411 7.04621
93.7486 6.09602 5.05616 7.13589
94.1767 6.16688 5.10815 7.22562
94.6047 6.23775 5.16008 7.31541
95.0328 6.30861 5.21196 7.40526
95.4609 6.37947 5.26378 7.49516
95.889 6.45033 5.31556 7.5851
96.317 6.52119 5.3673 7.67509
96.7451 6.59206 5.41899 7.76512
97.1732 6.66292 5.47064 7.8552
97.6013 6.73378 5.52225 7.94531
98.0293 6.80464 5.57382 8.03546
98.4574 6.8755 5.62536 8.12565
98.8855 6.94636 5.67686 8.21587
99.3136 7.01723 5.72833 8.30612
99.7416 7.08809 5.77977 8.3964
100.17 7.15895 5.83118 8.48672
100.598 7.22981 5.88256 8.57706
101.026 7.30067 5.93392 8.66743
101.454 7.37154 5.98524 8.75783
101.882 7.4424 6.03655 8.84825
102.31 7.51326 6.08782 8.93869
102.738 7.58412 6.13908 9.02916
103.166 7.65498 6.19031 9.11965
103.594 7.72584 6.24153 9.21016
104.022 7.79671 6.29272 9.30069
104.45 7.86757 6.34389 9.39125
104.879 7.93843 6.39504 9.48182
105.307 8.00929 6.44618 9.5724
105.735 8.08015 6.4973 9.66301
106.163 8.15102 6.5484 9.75363
106.591 8.22188 6.59948 9.84427
