# τ vs max κ linear regression for data set DA_120906_E1.h5
# Using stimulation: 1, 3, 4
# Best fit: tau = -17.8818 + 0.248863 kappa_Fura
# Covariance matrix:
# [ +7.21813e+00, -8.65053e-02  
#   -8.65053e-02, +1.04273e-03  ]
# Total sum of squares (TSS) = 74.8946
# chisq (Residual sum of squares, RSS) = 15.4997
# Probability of observing a larger of equal RSS per DOF under the null hypothesis: 8.25195e-05
# R squared (1-RSS/TSS) = 0.793047
# Estimated gamma/v with standard error: 4.01827 +/- 0.521392
# Estimates kappa_S with standard error (using error propagation): -72.8537 +/- 14.2644
# kappa_S confidence intervals based on parametric bootstrap
# 0.95 CI for kappa_S: [-75.5726,-68.6405]
# 0.99 CI for kappa_S: [-76.2269,-66.7985]


# The data
# κ_Fura  τ   τ_SE
79.4662 2.19606 0.245396
88.5279 3.05313 0.389237
108.891 11.9335 1.10399


# The fitted data
# Preticted values with lower and upper bounds of 0.95 CI
# κ_Fura  τ   τ_lwr  τ_upr
0 -17.8818 -23.1476 -12.6159
0.457341 -17.7679 -23.0049 -12.531
0.914683 -17.6541 -22.8623 -12.446
1.37202 -17.5403 -22.7196 -12.361
1.82937 -17.4265 -22.5769 -12.2761
2.28671 -17.3127 -22.4342 -12.1911
2.74405 -17.1989 -22.2916 -12.1062
3.20139 -17.085 -22.1489 -12.0212
3.65873 -16.9712 -22.0062 -11.9362
4.11607 -16.8574 -21.8635 -11.8513
4.57341 -16.7436 -21.7209 -11.7663
5.03075 -16.6298 -21.5782 -11.6814
5.4881 -16.516 -21.4355 -11.5964
5.94544 -16.4022 -21.2929 -11.5114
6.40278 -16.2883 -21.1502 -11.4265
6.86012 -16.1745 -21.0076 -11.3415
7.31746 -16.0607 -20.8649 -11.2565
7.7748 -15.9469 -20.7222 -11.1716
8.23214 -15.8331 -20.5796 -11.0866
8.68949 -15.7193 -20.4369 -11.0016
9.14683 -15.6054 -20.2943 -10.9166
9.60417 -15.4916 -20.1516 -10.8317
10.0615 -15.3778 -20.009 -10.7467
10.5189 -15.264 -19.8663 -10.6617
10.9762 -15.1502 -19.7236 -10.5767
11.4335 -15.0364 -19.581 -10.4917
11.8909 -14.9226 -19.4384 -10.4068
12.3482 -14.8087 -19.2957 -10.3218
12.8056 -14.6949 -19.1531 -10.2368
13.2629 -14.5811 -19.0104 -10.1518
13.7202 -14.4673 -18.8678 -10.0668
14.1776 -14.3535 -18.7251 -9.98182
14.6349 -14.2397 -18.5825 -9.89683
15.0923 -14.1258 -18.4399 -9.81183
15.5496 -14.012 -18.2972 -9.72684
16.0069 -13.8982 -18.1546 -9.64184
16.4643 -13.7844 -18.012 -9.55684
16.9216 -13.6706 -17.8693 -9.47184
17.379 -13.5568 -17.7267 -9.38684
17.8363 -13.443 -17.5841 -9.30184
18.2937 -13.3291 -17.4414 -9.21683
18.751 -13.2153 -17.2988 -9.13182
19.2083 -13.1015 -17.1562 -9.04681
19.6657 -12.9877 -17.0136 -8.9618
20.123 -12.8739 -16.871 -8.87679
20.5804 -12.7601 -16.7284 -8.79177
21.0377 -12.6462 -16.5857 -8.70675
21.495 -12.5324 -16.4431 -8.62173
21.9524 -12.4186 -16.3005 -8.53671
22.4097 -12.3048 -16.1579 -8.45168
22.8671 -12.191 -16.0153 -8.36666
23.3244 -12.0772 -15.8727 -8.28163
23.7818 -11.9634 -15.7301 -8.19659
24.2391 -11.8495 -15.5875 -8.11156
24.6964 -11.7357 -15.4449 -8.02652
25.1538 -11.6219 -15.3023 -7.94148
25.6111 -11.5081 -15.1597 -7.85644
26.0685 -11.3943 -15.0172 -7.77139
26.5258 -11.2805 -14.8746 -7.68635
26.9831 -11.1666 -14.732 -7.60129
27.4405 -11.0528 -14.5894 -7.51624
27.8978 -10.939 -14.4468 -7.43118
28.3552 -10.8252 -14.3043 -7.34612
28.8125 -10.7114 -14.1617 -7.26106
29.2698 -10.5976 -14.0191 -7.17599
29.7272 -10.4838 -13.8766 -7.09092
30.1845 -10.3699 -13.734 -7.00585
30.6419 -10.2561 -13.5915 -6.92077
31.0992 -10.1423 -13.4489 -6.83569
31.5566 -10.0285 -13.3064 -6.75061
32.0139 -9.91467 -13.1638 -6.66552
32.4712 -9.80086 -13.0213 -6.58043
32.9286 -9.68704 -12.8788 -6.49533
33.3859 -9.57323 -12.7362 -6.41023
33.8433 -9.45941 -12.5937 -6.32513
34.3006 -9.3456 -12.4512 -6.24002
34.7579 -9.23178 -12.3087 -6.15491
35.2153 -9.11796 -12.1661 -6.06979
35.6726 -9.00415 -12.0236 -5.98467
36.13 -8.89033 -11.8811 -5.89954
36.5873 -8.77652 -11.7386 -5.81441
37.0446 -8.6627 -11.5961 -5.72927
37.502 -8.54889 -11.4536 -5.64413
37.9593 -8.43507 -11.3112 -5.55898
38.4167 -8.32126 -11.1687 -5.47383
38.874 -8.20744 -11.0262 -5.38867
39.3314 -8.09363 -10.8837 -5.3035
39.7887 -7.97981 -10.7413 -5.21833
40.246 -7.86599 -10.5988 -5.13315
40.7034 -7.75218 -10.4564 -5.04797
41.1607 -7.63836 -10.314 -4.96277
41.6181 -7.52455 -10.1715 -4.87758
42.0754 -7.41073 -10.0291 -4.79237
42.5327 -7.29692 -9.88668 -4.70716
42.9901 -7.1831 -9.74427 -4.62194
43.4474 -7.06929 -9.60186 -4.53671
43.9048 -6.95547 -9.45947 -4.45147
44.3621 -6.84165 -9.31709 -4.36622
44.8195 -6.72784 -9.17471 -4.28097
45.2768 -6.61402 -9.03234 -4.19571
45.7341 -6.50021 -8.88998 -4.11043
46.1915 -6.38639 -8.74764 -4.02515
46.6488 -6.27258 -8.6053 -3.93986
47.1062 -6.15876 -8.46297 -3.85455
47.5635 -6.04495 -8.32065 -3.76924
48.0208 -5.93113 -8.17835 -3.68391
48.4782 -5.81732 -8.03606 -3.59858
48.9355 -5.7035 -7.89377 -3.51323
49.3929 -5.58968 -7.75151 -3.42786
49.8502 -5.47587 -7.60925 -3.34249
50.3075 -5.36205 -7.46701 -3.2571
50.7649 -5.24824 -7.32478 -3.17169
51.2222 -5.13442 -7.18257 -3.08627
51.6796 -5.02061 -7.04038 -3.00084
52.1369 -4.90679 -6.8982 -2.91539
52.5943 -4.79298 -6.75603 -2.82992
53.0516 -4.67916 -6.61389 -2.74443
53.5089 -4.56535 -6.47176 -2.65893
53.9663 -4.45153 -6.32965 -2.57341
54.4236 -4.33771 -6.18757 -2.48786
54.881 -4.2239 -6.0455 -2.4023
55.3383 -4.11008 -5.90346 -2.31671
55.7956 -3.99627 -5.76144 -2.2311
56.253 -3.88245 -5.61944 -2.14547
56.7103 -3.76864 -5.47747 -2.05981
57.1677 -3.65482 -5.33552 -1.97412
57.625 -3.54101 -5.19361 -1.8884
58.0824 -3.42719 -5.05172 -1.80266
58.5397 -3.31337 -4.90987 -1.71688
58.997 -3.19956 -4.76805 -1.63107
59.4544 -3.08574 -4.62626 -1.54523
59.9117 -2.97193 -4.48451 -1.45935
60.3691 -2.85811 -4.3428 -1.37343
60.8264 -2.7443 -4.20113 -1.28747
61.2837 -2.63048 -4.0595 -1.20146
61.7411 -2.51667 -3.91792 -1.11542
62.1984 -2.40285 -3.77639 -1.02932
62.6558 -2.28904 -3.6349 -0.943167
63.1131 -2.17522 -3.49348 -0.856962
63.5704 -2.0614 -3.35211 -0.770699
64.0278 -1.94759 -3.21081 -0.684373
64.4851 -1.83377 -3.06957 -0.597981
64.9425 -1.71996 -2.9284 -0.511517
65.3998 -1.60614 -2.78731 -0.424978
65.8572 -1.49233 -2.6463 -0.338358
66.3145 -1.37851 -2.50537 -0.25165
66.7718 -1.2647 -2.36454 -0.164848
67.2292 -1.15088 -2.22382 -0.0779462
67.6865 -1.03707 -2.0832 0.00906451
68.1439 -0.92325 -1.94269 0.0961923
68.6012 -0.809434 -1.80232 0.183447
69.0585 -0.695619 -1.66208 0.270838
69.5159 -0.581803 -1.52198 0.358378
69.9732 -0.467988 -1.38205 0.446079
70.4306 -0.354173 -1.2423 0.533955
70.8879 -0.240357 -1.10274 0.622023
71.3453 -0.126542 -0.963384 0.7103
71.8026 -0.0127261 -0.824259 0.798806
72.2599 0.101089 -0.685384 0.887563
72.7173 0.214905 -0.546786 0.976595
73.1746 0.32872 -0.40849 1.06593
73.632 0.442536 -0.27053 1.1556
74.0893 0.556351 -0.132939 1.24564
74.5466 0.670167 0.00424192 1.33609
75.004 0.783982 0.140969 1.427
75.4613 0.897798 0.277192 1.5184
75.9187 1.01161 0.412853 1.61037
76.376 1.12543 0.54789 1.70297
76.8333 1.23924 0.682231 1.79626
77.2907 1.35306 0.815796 1.89032
77.748 1.46688 0.948497 1.98525
78.2054 1.58069 1.08023 2.08115
78.6627 1.69451 1.2109 2.17811
79.1201 1.80832 1.34039 2.27626
79.5774 1.92214 1.46856 2.37571
80.0347 2.03595 1.5953 2.4766
80.4921 2.14977 1.72048 2.57906
80.9494 2.26358 1.84396 2.68321
81.4068 2.3774 1.96563 2.78917
81.8641 2.49121 2.08538 2.89705
82.3214 2.60503 2.20313 3.00693
82.7788 2.71885 2.31882 3.11887
83.2361 2.83266 2.43242 3.2329
83.6935 2.94648 2.54393 3.34902
84.1508 3.06029 2.6534 3.46719
84.6081 3.17411 2.76087 3.58734
85.0655 3.28792 2.86645 3.7094
85.5228 3.40174 2.97024 3.83324
85.9802 3.51555 3.07236 3.95874
86.4375 3.62937 3.17295 4.08579
86.8949 3.74318 3.27212 4.21425
87.3522 3.857 3.37002 4.34398
87.8095 3.97082 3.46675 4.47488
88.2669 4.08463 3.56244 4.60683
88.7242 4.19845 3.65718 4.73971
89.1816 4.31226 3.75108 4.87344
89.6389 4.42608 3.84422 5.00793
90.0962 4.53989 3.93668 5.14311
90.5536 4.65371 4.02853 5.27889
91.0109 4.76752 4.11983 5.41522
91.4683 4.88134 4.21063 5.55204
91.9256 4.99515 4.301 5.68931
92.383 5.10897 4.39096 5.82698
92.8403 5.22279 4.48056 5.96502
93.2976 5.3366 4.56983 6.10338
93.755 5.45042 4.6588 6.24203
94.2123 5.56423 4.7475 6.38096
94.6697 5.67805 4.83596 6.52013
95.127 5.79186 4.92419 6.65953
95.5843 5.90568 5.01222 6.79914
96.0417 6.01949 5.10006 6.93893
96.499 6.13331 5.18773 7.07889
96.9564 6.24713 5.27523 7.21902
97.4137 6.36094 5.3626 7.35928
97.871 6.47476 5.44982 7.49969
98.3284 6.58857 5.53693 7.64022
98.7857 6.70239 5.62391 7.78086
99.2431 6.8162 5.7108 7.92161
99.7004 6.93002 5.79758 8.06246
100.158 7.04383 5.88427 8.2034
100.615 7.15765 5.97087 8.34443
101.072 7.27146 6.05739 8.48554
101.53 7.38528 6.14384 8.62672
101.987 7.4991 6.23022 8.76797
102.444 7.61291 6.31653 8.90929
102.902 7.72673 6.40278 9.05067
103.359 7.84054 6.48898 9.19211
103.816 7.95436 6.57512 9.3336
104.274 8.06817 6.6612 9.47514
104.731 8.18199 6.74724 9.61673
105.189 8.2958 6.83324 9.75837
105.646 8.40962 6.91919 9.90005
106.103 8.52343 7.0051 10.0418
106.561 8.63725 7.09097 10.1835
107.018 8.75107 7.17681 10.3253
107.475 8.86488 7.26261 10.4672
107.933 8.9787 7.34838 10.609
108.39 9.09251 7.43412 10.7509
108.847 9.20633 7.51983 10.8928
109.305 9.32014 7.60551 11.0348
109.762 9.43396 7.69117 11.1768
110.219 9.54777 7.7768 11.3188
110.677 9.66159 7.8624 11.4608
111.134 9.77541 7.94798 11.6028
111.591 9.88922 8.03354 11.7449
112.049 10.003 8.11908 11.887
112.506 10.1169 8.2046 12.0291
112.963 10.2307 8.2901 12.1712
113.421 10.3445 8.37559 12.3134
113.878 10.4583 8.46105 12.4555
