# Data from DA_130531_E4.h5 stim 1
# Ratiometric estimator
# Ratiometric estimator:
#    Time    Ca (est)    Ca (se)
  310.015 0.0807130979 0.00742506557
  310.115 0.0816159647 0.00730318937
  310.215 0.0761645752 0.00734379158
  310.315 0.0939843303 0.00796889835
  310.415 0.0877406454 0.00750098456
  310.515 0.0873674066 0.00756174171
  310.615 0.0876621434 0.00756034309
  310.715 0.085009208 0.0073464412
  310.815 0.0778756783 0.00715229345
  310.915 0.0900296765 0.00763703753
  311.015 0.0783793697 0.00716003239
  311.115 0.0824257163 0.00743008576
  311.215 0.0855820662 0.00742948453
  311.315 0.0911813764 0.0076293474
  311.415 0.0934481404 0.00766469211
  311.515 0.0686153696 0.00698127247
  311.615 0.10007883 0.00811080092
  311.715 0.133193572 0.00934178397
  311.815 0.164971105 0.0104903253
  311.915 0.187040288 0.0115515709
  312.015 0.189392715 0.0119669809
  312.115 0.211190258 0.0131252173
  312.215 0.242941461 0.0142765063
  312.315 0.231530418 0.0138999986
  312.415 0.209579413 0.0128928604
  312.515 0.19236211 0.0120856808
  312.615 0.198247144 0.012413573
  312.715 0.195400509 0.0118416877
  312.815 0.182465723 0.0113821074
  312.915 0.172090575 0.0108851658
  313.015 0.166488923 0.0109545195
  313.115 0.154665501 0.0101624221
  313.215 0.166163097 0.0107272472
  313.315 0.154509825 0.0102518537
  313.415 0.140183133 0.00978332613
  313.515 0.139821396 0.0097647788
  313.615 0.142216835 0.00971436152
  313.715 0.142459565 0.00948627216
  313.815 0.152413147 0.00995510549
  313.915 0.141330798 0.00972418496
  314.015 0.14689713 0.0100149989
  314.115 0.14907372 0.0099067725
  314.215 0.147185958 0.0100572363
  314.315 0.132898849 0.00945287389
  314.415 0.14457088 0.0097983036
  314.515 0.127710086 0.00925508625
  314.615 0.12970284 0.00936911729
  314.715 0.118072237 0.00856769045
  314.815 0.119855412 0.00875429851
  314.915 0.110370014 0.00835415642
  315.015 0.114054463 0.00854156655
  315.115 0.121259043 0.00886279311
  315.215 0.116781656 0.00857170129
  315.315 0.121522459 0.00885340915
  315.415 0.116302244 0.00877313253
  315.515 0.127348548 0.00892127603
  315.615 0.113083939 0.00854485178
  315.715 0.10901724 0.00840027637
  315.815 0.106933958 0.00828567205
  315.915 0.104168065 0.00826413722
  316.015 0.105682548 0.00822787486
  316.115 0.100511207 0.0079450494
  316.215 0.113061269 0.00869172942
  316.315 0.101586339 0.0083064739
  316.415 0.0971379132 0.00776035218
  316.515 0.102049166 0.0080161139
  316.615 0.0887965224 0.00760611697
  316.715 0.0970915822 0.0080423239
  316.815 0.0858534205 0.00756476558
  316.915 0.0918203623 0.00777999412
  317.015 0.106168738 0.00831367168
  317.115 0.0934118902 0.00780724335
  317.215 0.0863886466 0.00754897749
  317.315 0.0995986184 0.00801759223
  317.415 0.0877434438 0.0076206146
  317.515 0.107792022 0.00819761129
  317.615 0.0998124173 0.0078736738
  317.715 0.0834198517 0.00739705319
  317.815 0.0970671037 0.00801049477
  317.915 0.0953120744 0.007770317
  318.015 0.0956146042 0.0078846244
  318.115 0.0888745982 0.0076862524
  318.215 0.0898595006 0.00767615456
  318.315 0.0826977303 0.00727853605
  318.415 0.0850264682 0.00737417012
  318.515 0.0782841629 0.00735761383
  318.615 0.0806985654 0.00734572385
  318.715 0.10436871 0.00817644781
  318.815 0.084018627 0.00740236455
  318.915 0.0995278703 0.00797394153
  319.015 0.0822215481 0.00738048481
  319.115 0.0947189534 0.00765897335
  319.215 0.0706650917 0.00701029911
  319.315 0.0865777121 0.00743509089
  319.415 0.0743731148 0.00703872988
  319.515 0.0884893639 0.00752396409
  319.615 0.0777803201 0.00714141352
  319.715 0.088418544 0.00762193815
  319.815 0.0827106681 0.0073948023
  319.915 0.088368456 0.00754437129
  320.015 0.0892808401 0.00759349852
  320.115 0.0918148736 0.00747542138
  320.215 0.0861426796 0.00723654644
  320.315 0.0852332791 0.00736903145
  320.415 0.0778263977 0.00726443024
  320.515 0.0764393197 0.00717363049
  320.615 0.0813207315 0.00729583411
  320.715 0.0835123131 0.00737737192
  320.815 0.0922795674 0.00758474495
  320.915 0.0975937153 0.00782590842
  321.015 0.0732319839 0.00716403904
  321.115 0.0671806475 0.00678391827
  321.215 0.0907826889 0.00792158893
  321.315 0.0654932329 0.00678434242
  321.415 0.0901385733 0.007683746
  321.515 0.0827884504 0.00717005709
  321.615 0.0625102609 0.00665257606
  321.715 0.0708219801 0.00705111027
  321.815 0.0730686625 0.00695639159
  321.915 0.0733479134 0.00694779513
  322.015 0.0670929884 0.00679945046
  322.115 0.0776974304 0.00719617385
  322.215 0.0931914941 0.00772194982
  322.315 0.0762877655 0.00710598291
  322.415 0.0733002845 0.0070135897
  322.515 0.0746930203 0.00711538418
  322.615 0.0895648312 0.00761062449
  322.715 0.0616093408 0.00659393148
  322.815 0.0804791134 0.00728102552
  322.915 0.075142989 0.00694119928
  323.015 0.0901360234 0.00771611063
  323.115 0.0860870291 0.00720620823
  323.215 0.0738250864 0.0070160819
  323.315 0.0841751555 0.00750448496
  323.415 0.0730233936 0.00713397146
  323.515 0.0849091043 0.00742040218
  323.615 0.0805967443 0.00705173954
  323.715 0.0839698874 0.00730620503
  323.815 0.0759260722 0.00694721645
  323.915 0.0736767322 0.0069230194
  324.015 0.0682550143 0.00678334873
  324.115 0.0832168116 0.00729436203
  324.215 0.0775149429 0.00718857613
  324.315 0.0728040994 0.00696513046
  324.415 0.0742124835 0.00698912426
  324.515 0.0765885661 0.00696813162
  324.615 0.0699915534 0.00702039581
  324.715 0.0785723807 0.0071350454
  324.815 0.0741297004 0.00718917093
  324.915 0.0804174317 0.00730399401
  325.015 0.0829188151 0.00737514417
  325.115 0.0726415514 0.00685082551
  325.215 0.0786387001 0.00714044411
  325.315 0.0828727255 0.00725798187
  325.415 0.071930684 0.00684235773
  325.515 0.0715932377 0.00681548343
  325.615 0.0816307638 0.00712844014
  325.715 0.0932932104 0.0074140297
  325.815 0.075263092 0.00723734734
  325.915 0.0797175768 0.00716531229
  326.015 0.0772061688 0.00731934898
  326.115 0.0768239913 0.00698903728
  326.215 0.0626586883 0.00661028077
  326.315 0.0726637823 0.00692572509
  326.415 0.0864119234 0.00742528149
  326.515 0.0741495105 0.00710534709
  326.615 0.0757878707 0.00715813297
  326.715 0.0846475494 0.00722421371
  326.815 0.076888796 0.00716509503
  326.915 0.079574257 0.00719203817
  327.015 0.0747849412 0.00708974631
  327.115 0.0816352091 0.00720988529
  327.215 0.0866206515 0.00739038575
  327.315 0.0869237481 0.00723395769
  327.415 0.0802597485 0.00716306761
  327.515 0.0749932408 0.00688821035
  327.615 0.100874055 0.00786473122
  327.715 0.0742959936 0.00694722586
  327.815 0.0786554813 0.00704159208
  327.915 0.0654763877 0.00673467368
  328.015 0.0866910854 0.00731305151
  328.115 0.072592731 0.0069284125
  328.215 0.0766969404 0.00694167744
  328.315 0.0795050171 0.00724882989
  328.415 0.0788626452 0.00703342077
  328.515 0.083988889 0.00722174374
  328.615 0.0677298394 0.00677524208
  328.715 0.0721513259 0.00680440912
  328.815 0.0794889004 0.00697738101
  328.915 0.0779567982 0.00698122632
  329.015 0.0637319214 0.0066523366
  329.115 0.0612499423 0.00656812687
  329.215 0.0819508716 0.00717350295
  329.315 0.0824089474 0.00716332471
  329.415 0.068089088 0.00675471254
  329.515 0.066799171 0.00667838056
  329.615 0.0832529049 0.00716199866
  329.715 0.0638429737 0.00651694886
  329.815 0.081444275 0.0071229379
  329.915 0.0782003754 0.00704463399


