# Data from DA_130531_E4.h5 stim 2
# Ratiometric estimator
# Ratiometric estimator:
#    Time    Ca (est)    Ca (se)
  663.015 0.0929131111 0.00555845503
  663.115 0.0968155361 0.00558150202
  663.215 0.104627951 0.00579586458
  663.315 0.0906956449 0.00543657879
  663.415 0.0980432824 0.00561368153
  663.515 0.0974112091 0.00559294851
  663.615 0.0989493159 0.0056409388
  663.715 0.0994066963 0.00573934184
  663.815 0.0919353738 0.00544789189
  663.915 0.0896852778 0.00546814295
  664.015 0.0901301599 0.00544176738
  664.115 0.0949709651 0.00558012655
  664.215 0.0918952513 0.00548153288
  664.315 0.0859512231 0.00541809761
  664.415 0.092641422 0.00545327237
  664.515 0.0933803805 0.00562128831
  664.615 0.119162411 0.00622623348
  664.715 0.137814702 0.00662403763
  664.815 0.14893131 0.00713943773
  664.915 0.161001486 0.00742969318
  665.015 0.177908679 0.00809682486
  665.115 0.180772668 0.00817171879
  665.215 0.178869441 0.00797720305
  665.315 0.188580041 0.00838649256
  665.415 0.201847717 0.00875013253
  665.515 0.213813635 0.00919988488
  665.615 0.195413029 0.00860467643
  665.715 0.191965049 0.00846687468
  665.815 0.187584585 0.00829115364
  665.915 0.196741104 0.0086100694
  666.015 0.197863326 0.00855306087
  666.115 0.185975107 0.00830406043
  666.215 0.176725374 0.00791781601
  666.315 0.164866066 0.0076796485
  666.415 0.173685149 0.00799969874
  666.515 0.167694591 0.00767566264
  666.615 0.173221642 0.00798109533
  666.715 0.15892409 0.00729820639
  666.815 0.16181955 0.00752129537
  666.915 0.149440718 0.00723715375
  667.015 0.169826653 0.00763490889
  667.115 0.151184377 0.0070743081
  667.215 0.165888148 0.00769409568
  667.315 0.158081123 0.00733127293
  667.415 0.151236632 0.00722793336
  667.515 0.148404586 0.00717553547
  667.615 0.142521454 0.00694354692
  667.715 0.147376721 0.00692958563
  667.815 0.154694242 0.00724973888
  667.915 0.144827508 0.00695905427
  668.015 0.142889902 0.00691342641
  668.115 0.142818905 0.00683042948
  668.215 0.129690284 0.00649427373
  668.315 0.143161737 0.00687723315
  668.415 0.143682957 0.00698908679
  668.515 0.133245329 0.00664108871
  668.615 0.129482935 0.00654060626
  668.715 0.130098426 0.00651180199
  668.815 0.138848338 0.00672095639
  668.915 0.142569054 0.00700093119
  669.015 0.130036994 0.00656337576
  669.115 0.119691917 0.00622734322
  669.215 0.122615192 0.00634671926
  669.315 0.122762333 0.00636631555
  669.415 0.125345615 0.00640016646
  669.515 0.117773164 0.00627638109
  669.615 0.128937242 0.0064280419
  669.715 0.1149453 0.00616411892
  669.815 0.136246813 0.00665462323
  669.915 0.128953843 0.00649036043
  670.015 0.12016098 0.00630513895
  670.115 0.127394344 0.00643122352
  670.215 0.114590551 0.00615790409
  670.315 0.131015562 0.00659879122
  670.415 0.114531109 0.00614884109
  670.515 0.116815307 0.00602587205
  670.615 0.114353713 0.00604176186
  670.715 0.109015863 0.00593707013
  670.815 0.109058712 0.00590878882
  670.915 0.110802079 0.00597104702
  671.015 0.10727112 0.00593948442
  671.115 0.105692877 0.0059378505
  671.215 0.102792142 0.00581673996
  671.315 0.118283295 0.00610693525
  671.415 0.109612331 0.0059791725
  671.515 0.112925671 0.00604595181
  671.615 0.107373636 0.00600894206
  671.715 0.118350316 0.00613520536
  671.815 0.0989687442 0.00570561659
  671.915 0.0993280245 0.00573589388
  672.015 0.110095688 0.00600500596
  672.115 0.104024612 0.00581126039
  672.215 0.113956713 0.00611367326
  672.315 0.101816574 0.00577361989
  672.415 0.0970503571 0.00563864251
  672.515 0.0990800676 0.00571549998
  672.615 0.109641837 0.00587199085
  672.715 0.109115269 0.00595828435
  672.815 0.10733833 0.00587771462
  672.915 0.115135187 0.00602646269
  673.015 0.105984564 0.00582543988
  673.115 0.10596977 0.00584541574
  673.215 0.0912961991 0.00540319514
  673.315 0.0985223953 0.00560552707
  673.415 0.0894264381 0.00546376018
  673.515 0.102421661 0.00573477351
  673.615 0.0934498478 0.0054849112
  673.715 0.0943905282 0.00561052598
  673.815 0.101676357 0.00573054958
  673.915 0.102725621 0.00582526298
  674.015 0.0974171391 0.00567994269
  674.115 0.0917201329 0.00550698477
  674.215 0.105137399 0.00594528224
  674.315 0.0900414152 0.00546033177
  674.415 0.0944588057 0.00552498646
  674.515 0.0903329088 0.00538107017
  674.615 0.0946655113 0.00560360365
  674.715 0.0948398912 0.00559607509
  674.815 0.091986002 0.00544533954
  674.915 0.096346419 0.00560482262
  675.015 0.0834252282 0.00523310647
  675.115 0.0872287677 0.005480319
  675.215 0.0974765615 0.00561548121
  675.315 0.0979575241 0.00555470019
  675.415 0.0969212422 0.00552561616
  675.515 0.085327767 0.00533838321
  675.615 0.0985822865 0.0057375327
  675.715 0.0845370731 0.00531068342
  675.815 0.0909078056 0.00546775954
  675.915 0.103679695 0.00572832975
  676.015 0.0875254788 0.00541856244
  676.115 0.102642197 0.00570819319
  676.215 0.087759056 0.00537396945
  676.315 0.0828101628 0.00530325415
  676.415 0.0905206933 0.00545473815
  676.515 0.0888196886 0.00546293255
  676.615 0.0869873573 0.00526233283
  676.715 0.0982634334 0.00556457157
  676.815 0.0866168481 0.00530793958
  676.915 0.0922602705 0.00549830637
  677.015 0.0830373574 0.00521607335
  677.115 0.0926914274 0.0054494322
  677.215 0.0892593509 0.00534271924
  677.315 0.0899129535 0.0053806694
  677.415 0.0900364042 0.00538722171
  677.515 0.0873876935 0.00534076577
  677.615 0.0918474283 0.00554177059
  677.715 0.0948284453 0.00547442172
  677.815 0.0878354789 0.00543980056
  677.915 0.0929524383 0.00565709421
  678.015 0.082052748 0.00528605873
  678.115 0.0873642794 0.00538110583
  678.215 0.0845045265 0.00518814679
  678.315 0.0872263797 0.00533945732
  678.415 0.0912369271 0.00542240335
  678.515 0.0874364717 0.00524198581
  678.615 0.0788631622 0.00522172107
  678.715 0.0931477901 0.00543974311
  678.815 0.0939856751 0.00563414273
  678.915 0.0974373604 0.00557104641
  679.015 0.0818531139 0.00535329603
  679.115 0.084547167 0.00516738034
  679.215 0.0902942811 0.00536202307
  679.315 0.0893265211 0.00537619893
  679.415 0.0887235871 0.00537578911
  679.515 0.0864993858 0.00539552027
  679.615 0.0799548339 0.00516832396
  679.715 0.0831662388 0.00532433889
  679.815 0.0860686204 0.00531807306
  679.915 0.0862875115 0.00535550072
  680.015 0.0919054498 0.00546650585
  680.115 0.0859401039 0.00532446765
  680.215 0.0965227969 0.00550915682
  680.315 0.0916287096 0.00543322762
  680.415 0.0951118089 0.00563948606
  680.515 0.0792614744 0.00514889778
  680.615 0.0871043182 0.00537499613
  680.715 0.0826811588 0.00524555205
  680.815 0.081622228 0.00522352258
  680.915 0.0856943402 0.0053322506
  681.015 0.0840151872 0.00527875796
  681.115 0.0840281448 0.00528529772
  681.215 0.0887521768 0.00536780721
  681.315 0.0807766311 0.00527116521
  681.415 0.101337306 0.00575424617
  681.515 0.0853365974 0.00525897537
  681.615 0.0797237605 0.00515103087
  681.715 0.0832381321 0.00524474124
  681.815 0.0865295915 0.00536516575
  681.915 0.0878428434 0.00527690861
  682.015 0.0855029636 0.00539810732
  682.115 0.0824741132 0.00531227795
  682.215 0.0820461706 0.00519907909
  682.315 0.085180758 0.00541529191
  682.415 0.0832396978 0.00524012554
  682.515 0.0784088483 0.00513154699
  682.615 0.0846375184 0.00529278795
  682.715 0.0865899577 0.00528748435
  682.815 0.0820427676 0.00522758539
  682.915 0.0940901594 0.00550967713


