# Data from DA_130531_E4.h5 stim 4
# Ratiometric estimator mono-exponential fit
# Fitted model Ca = baseline+delta*exp(-(t-t0)/tau)
# nobs = 156
# number of degrees of freedom = 153
# baseline length = 7
# fit started from point 51
# estimated baseline 0.0856666 and standard error 0.000819338
# estimated delta 0.0545574 and standard error 0.00173281
# estimated tau 3.64483 and standard error 0.250615
# residual sum of squares: 202.466
# RSS per degree of freedom: 1.32331
# Probability of observing a larger of equal RSS per DOF under the null hypothesis: 0.00456268
# WARNING: THE FIT IS NOT GOOD!

# rss per degree of freedom: 1.32331

# Time    Ca  Prediction  Residual
1492.02 0.098985 0.0856666 2.82106
1492.12 0.093692 0.0856666 1.73549
1492.21 0.0942154 0.0856666 1.82471
1492.31 0.0904364 0.0856666 1.0502
1492.41 0.0875845 0.0856666 0.424033
1492.51 0.0969765 0.0856666 2.43419
1492.61 0.0961321 0.0856666 2.24315

1497.11 0.13749 0.140224 -0.487214
1497.21 0.138529 0.138748 -0.0386489
1497.31 0.126374 0.137311 -2.0393
1497.41 0.132183 0.135913 -0.665338
1497.51 0.13277 0.134553 -0.324316
1497.61 0.132471 0.13323 -0.135787
1497.71 0.126334 0.131943 -1.03559
1497.81 0.133036 0.130691 0.422865
1497.91 0.132131 0.129472 0.480929
1498.01 0.127854 0.128287 -0.0789286
1498.11 0.123598 0.127133 -0.666538
1498.21 0.123598 0.126011 -0.456507
1498.31 0.119878 0.124919 -0.959791
1498.41 0.118493 0.123857 -1.0404
1498.51 0.133822 0.122823 1.9822
1498.61 0.127689 0.121818 1.08563
1498.71 0.125677 0.12084 0.896205
1498.81 0.119974 0.119888 0.0165281
1498.91 0.115665 0.118961 -0.644234
1499.01 0.116527 0.11806 -0.296997
1499.11 0.124863 0.117184 1.42565
1499.21 0.116282 0.116331 -0.009369
1499.31 0.117377 0.115501 0.358025
1499.41 0.118168 0.114694 0.660296
1499.51 0.121789 0.113908 1.5196
1499.61 0.106711 0.113144 -1.30128
1499.71 0.122102 0.1124 1.83129
1499.81 0.111033 0.111677 -0.128767
1499.91 0.114777 0.110973 0.745804
1500.01 0.112482 0.110288 0.429406
1500.11 0.108742 0.109621 -0.175151
1500.21 0.111372 0.108973 0.47321
1500.31 0.10509 0.108342 -0.658912
1500.41 0.112415 0.107729 0.924509
1500.51 0.113736 0.107132 1.28588
1500.61 0.112064 0.106551 1.08392
1500.71 0.116082 0.105986 1.94794
1500.81 0.0976519 0.105436 -1.63885
1500.91 0.112079 0.104901 1.41685
1501.01 0.100642 0.10438 -0.780425
1501.11 0.108367 0.103874 0.912141
1501.21 0.102092 0.103381 -0.265098
1501.31 0.102887 0.102902 -0.00296541
1501.41 0.103585 0.102435 0.238998
1501.51 0.110922 0.101981 1.7738
1501.61 0.0986765 0.10154 -0.60829
1501.71 0.102838 0.10111 0.352517
1501.81 0.0995448 0.100692 -0.244212
1501.91 0.0959592 0.100286 -0.916397
1502.01 0.109834 0.09989 2.0009
1502.11 0.0999872 0.099505 0.102349
1502.21 0.0987093 0.0991305 -0.0892596
1502.31 0.101146 0.0987662 0.497607
1502.41 0.0969124 0.0984116 -0.315942
1502.51 0.115388 0.0980667 3.40215
1502.61 0.104964 0.0977311 1.47624
1502.71 0.100344 0.0974046 0.614754
1502.81 0.100556 0.097087 0.725712
1502.91 0.102907 0.0967779 1.24398
1503.01 0.0954435 0.0964772 -0.221065
1503.11 0.0920693 0.0961846 -0.887472
1503.21 0.0936132 0.0959 -0.482926
1503.31 0.0993259 0.095623 0.782002
1503.41 0.0899712 0.0953536 -1.17322
1503.51 0.0966323 0.0950914 0.331728
1503.61 0.0940004 0.0948363 -0.179782
1503.71 0.0936389 0.0945882 -0.203975
1503.81 0.0922806 0.0943467 -0.451523
1503.91 0.0920872 0.0941118 -0.442195
1504.01 0.0877554 0.0938833 -1.35986
1504.11 0.0930767 0.0936609 -0.125312
1504.21 0.0900873 0.0934446 -0.724433
1504.31 0.0937533 0.0932341 0.112625
1504.41 0.0928034 0.0930293 -0.0494443
1504.51 0.088657 0.09283 -0.920265
1504.61 0.0829104 0.0926361 -2.16449
1504.71 0.0889059 0.0924475 -0.780666
1504.81 0.0927486 0.092264 0.105749
1504.91 0.0814492 0.0920855 -2.48396
1505.01 0.0872869 0.0919118 -1.01632
1505.11 0.0819015 0.0917427 -2.26269
1505.21 0.0852509 0.0915783 -1.417
1505.31 0.0985507 0.0914183 1.50287
1505.41 0.087445 0.0912627 -0.830741
1505.51 0.0921054 0.0911112 0.211562
1505.61 0.102136 0.0909639 2.35775
1505.71 0.0800092 0.0908205 -2.50614
1505.81 0.0887734 0.090681 -0.426341
1505.91 0.0935388 0.0905453 0.650167
1506.01 0.0815289 0.0904133 -2.04
1506.11 0.0866844 0.0902848 -0.808823
1506.21 0.0845331 0.0901598 -1.26948
1506.31 0.0897362 0.0900382 -0.0672815
1506.41 0.0854558 0.0899199 -1.00312
1506.51 0.0944279 0.0898048 0.998686
1506.61 0.0921322 0.0896928 0.523037
1506.71 0.0820695 0.0895839 -1.72057
1506.81 0.0870724 0.0894779 -0.536028
1506.91 0.0855737 0.0893747 -0.832661
1507.01 0.0922847 0.0892744 0.64829
1507.11 0.0833982 0.0891767 -1.30899
1507.21 0.0876101 0.0890817 -0.329554
1507.31 0.0853086 0.0889893 -0.830837
1507.41 0.0884214 0.0888994 -0.106047
1507.51 0.0877909 0.0888119 -0.233031
1507.61 0.0939583 0.0887268 1.13648
1507.71 0.0925967 0.088644 0.867834
1507.81 0.0861222 0.0885634 -0.534361
1507.91 0.0892695 0.088485 0.17431
1508.01 0.0904728 0.0884087 0.446485
1508.11 0.0847647 0.0883345 -0.812536
1508.21 0.0862288 0.0882623 -0.456761
1508.31 0.0865309 0.0881921 -0.369779
1508.41 0.0937248 0.0881237 1.21282
1508.51 0.0824561 0.0880572 -1.26554
1508.61 0.0859354 0.0879925 -0.457801
1508.71 0.0833226 0.0879296 -1.03339
1508.81 0.0990711 0.0878683 2.37778
1508.91 0.0947315 0.0878087 1.48374
1509.01 0.0861329 0.0877508 -0.359996
1509.11 0.0909713 0.0876944 0.715584
1509.21 0.0832892 0.0876395 -0.984685
1509.31 0.0908064 0.0875861 0.706655
1509.41 0.0860745 0.0875342 -0.32569
1509.51 0.0894857 0.0874836 0.443492
1509.61 0.074386 0.0874344 -3.09755
1509.71 0.0857431 0.0873866 -0.368924
1509.81 0.0939718 0.08734 1.44015
1509.91 0.0994061 0.0872948 2.56665
1510.01 0.0846743 0.0872507 -0.580834
1510.11 0.0892747 0.0872078 0.461537
1510.21 0.0873007 0.0871661 0.0295562
1510.31 0.0845684 0.0871255 -0.570385
1510.41 0.0853753 0.0870861 -0.383492
1510.51 0.0877329 0.0870476 0.152538
1510.61 0.0864596 0.0870103 -0.122891
1510.71 0.081553 0.0869739 -1.24344
1510.81 0.0852583 0.0869385 -0.380561
1510.91 0.0854711 0.0869041 -0.324165
1511.01 0.0811621 0.0868706 -1.31266
1511.11 0.0849804 0.086838 -0.417477
1511.21 0.0968884 0.0868063 2.15616
1511.31 0.0919021 0.0867755 1.09263
1511.41 0.0890152 0.0867455 0.503661
1511.51 0.078133 0.0867163 -2.00667
1511.61 0.0875558 0.0866879 0.192064
1511.71 0.0823355 0.0866602 -0.984197
1511.81 0.0855295 0.0866333 -0.246989
1511.91 0.086105 0.0866072 -0.111755
