# Data from DA_130531_E4.h5 stim 4
# Ratiometric estimator
# Ratiometric estimator:
#    Time    Ca (est)    Ca (se)
 1492.015 0.0989850258 0.00472105932
 1492.115 0.0936919873 0.00462426489
 1492.215 0.0942153871 0.00468498836
 1492.315 0.0904363661 0.00454172513
 1492.415 0.0875845442 0.0045230233
 1492.515 0.096976533 0.00464627315
 1492.615 0.0961321002 0.0046655229
 1492.715 0.0877113409 0.00451565892
 1492.815 0.0933342622 0.00459329448
 1492.915 0.0953198369 0.00465406345
 1493.015 0.0945995529 0.0046928211
 1493.115 0.0949395674 0.00467721615
 1493.215 0.0915974912 0.00462724482
 1493.315 0.0873106952 0.00454524207
 1493.415 0.0910734236 0.00454809608
 1493.515 0.0890172026 0.00457239175
 1493.615 0.109753532 0.00501171368
 1493.715 0.122621345 0.00520309281
 1493.815 0.122685423 0.00532735061
 1493.915 0.140953212 0.00569377404
 1494.015 0.153921229 0.00615571637
 1494.115 0.16893362 0.00652703625
 1494.215 0.166190166 0.00637612881
 1494.315 0.172696792 0.00661554983
 1494.415 0.162206605 0.00633247285
 1494.515 0.183080811 0.00691326179
 1494.615 0.157557064 0.00629617166
 1494.715 0.172803163 0.0065301331
 1494.815 0.167507081 0.00641012027
 1494.915 0.176010819 0.00669134199
 1495.015 0.165025169 0.00636392613
 1495.115 0.165738239 0.00638467093
 1495.215 0.166841868 0.0064033236
 1495.315 0.16457957 0.00638797681
 1495.415 0.157571134 0.00622734298
 1495.515 0.16849148 0.00641627313
 1495.615 0.161347304 0.00634196864
 1495.715 0.153499712 0.00601199357
 1495.815 0.148345001 0.00588563644
 1495.915 0.149906549 0.00603289854
 1496.015 0.158119456 0.00618294938
 1496.115 0.1535856 0.00607688251
 1496.215 0.142619138 0.00588480922
 1496.315 0.160432519 0.00616900157
 1496.415 0.148740668 0.00597132286
 1496.515 0.142803753 0.00581945627
 1496.615 0.150325294 0.0060317635
 1496.715 0.144613345 0.00571938197
 1496.815 0.142158297 0.00572963104
 1496.915 0.146380799 0.00582678137
 1497.015 0.147160366 0.00591077601
 1497.115 0.137490498 0.00561051486
 1497.215 0.138529282 0.00564677887
 1497.315 0.126373875 0.00536315774
 1497.415 0.132183401 0.005606066
 1497.515 0.132769826 0.00549978946
 1497.615 0.132471213 0.00559144959
 1497.715 0.126334388 0.00541606187
 1497.815 0.133036147 0.00554623169
 1497.915 0.132131387 0.00552896814
 1498.015 0.127854088 0.00548264352
 1498.115 0.12359758 0.00530473638
 1498.215 0.123597975 0.00528621124
 1498.315 0.119878265 0.00525223985
 1498.415 0.118492917 0.00515582579
 1498.515 0.133822301 0.00554881146
 1498.615 0.127689169 0.00540817699
 1498.715 0.125677435 0.00539822879
 1498.815 0.119973585 0.00520080671
 1498.915 0.115665436 0.00511624559
 1499.015 0.116527379 0.00516184909
 1499.115 0.124863141 0.00538657716
 1499.215 0.116281811 0.0052290303
 1499.315 0.117377399 0.00524116034
 1499.415 0.11816802 0.00526203204
 1499.515 0.121789337 0.00518648741
 1499.615 0.10671071 0.00494354654
 1499.715 0.12210238 0.00529809298
 1499.815 0.111033422 0.00499458057
 1499.915 0.114777188 0.00510125932
 1500.015 0.112481753 0.00510930468
 1500.115 0.108742114 0.00502049223
 1500.215 0.111371578 0.00506838248
 1500.315 0.105089901 0.00493619276
 1500.415 0.112414865 0.00506876961
 1500.515 0.113736309 0.00513628058
 1500.615 0.112064344 0.00508668676
 1500.715 0.116082299 0.00518329948
 1500.815 0.0976518919 0.00474953605
 1500.915 0.11207919 0.00506655287
 1501.015 0.100641814 0.00479009764
 1501.115 0.108367238 0.00492638567
 1501.215 0.102092212 0.00486132626
 1501.315 0.10288727 0.00481080279
 1501.415 0.103584548 0.00480943387
 1501.515 0.110921919 0.00504036391
 1501.615 0.0986764841 0.00470710574
 1501.715 0.102838116 0.00490166827
 1501.815 0.0995447541 0.0046987366
 1501.915 0.0959591794 0.0047211213
 1502.015 0.109833692 0.0049696389
 1502.115 0.0999871981 0.00471095506
 1502.215 0.098709287 0.00471926957
 1502.315 0.101145696 0.00478197558
 1502.415 0.0969123809 0.00474534857
 1502.515 0.115387511 0.00509112441
 1502.615 0.104963817 0.0048993891
 1502.715 0.10034382 0.00478108297
 1502.815 0.100556013 0.00478020663
 1502.915 0.102907047 0.00492706406
 1503.015 0.0954435499 0.00467571623
 1503.115 0.0920693286 0.00463709076
 1503.215 0.0936131613 0.00473531868
 1503.315 0.0993258806 0.00473510316
 1503.415 0.0899712353 0.00458765036
 1503.515 0.096632253 0.00464490065
 1503.615 0.0940004152 0.00464969082
 1503.715 0.0936389369 0.00465375009
 1503.815 0.092280599 0.00457593473
 1503.915 0.0920872054 0.00457857136
 1504.015 0.0877554074 0.00450625822
 1504.115 0.0930766564 0.00466237713
 1504.215 0.0900873436 0.0046342623
 1504.315 0.0937533386 0.00461066776
 1504.415 0.092803428 0.00456745448
 1504.515 0.0886570393 0.00453452686
 1504.615 0.0829103667 0.00449334362
 1504.715 0.0889058842 0.00453669252
 1504.815 0.0927486052 0.00458245077
 1504.915 0.0814491938 0.00428197792
 1505.015 0.0872868579 0.00455062464
 1505.115 0.0819014932 0.00434936226
 1505.215 0.085250934 0.00446531549
 1505.315 0.0985507091 0.0047458517
 1505.415 0.0874449902 0.00459549305
 1505.515 0.0921053912 0.00469925637
 1505.615 0.102136487 0.00473867875
 1505.715 0.0800092018 0.0043139314
 1505.815 0.0887734387 0.00447431023
 1505.915 0.0935388276 0.00460421589
 1506.015 0.0815288515 0.00435510764
 1506.115 0.0866843633 0.00445148405
 1506.215 0.0845330984 0.00443231903
 1506.315 0.0897361682 0.00448969901
 1506.415 0.0854558453 0.00445020606
 1506.515 0.0944279111 0.00462916904
 1506.615 0.0921321995 0.00466385482
 1506.715 0.0820694908 0.00436736614
 1506.815 0.0870724176 0.00448752755
 1506.915 0.085573686 0.00456491736
 1507.015 0.0922846862 0.00464348692
 1507.115 0.083398199 0.00441449361
 1507.215 0.0876101383 0.00446540073
 1507.315 0.085308615 0.0044301016
 1507.415 0.0884214084 0.00450721465
 1507.515 0.0877908968 0.00438139721
 1507.615 0.0939582915 0.00460325198
 1507.715 0.0925966775 0.0045546946
 1507.815 0.086122153 0.00456850461
 1507.915 0.0892694675 0.00450049018
 1508.015 0.0904727681 0.00462289805
 1508.115 0.0847647093 0.00439340186
 1508.215 0.0862288233 0.00445195718
 1508.315 0.0865309003 0.00449228927
 1508.415 0.0937247585 0.00461820362
 1508.515 0.0824560659 0.00442588238
 1508.615 0.0859354068 0.00449346004
 1508.715 0.0833226054 0.00445811117
 1508.815 0.099071082 0.00471142384
 1508.915 0.0947315246 0.00466575398
 1509.015 0.0861328605 0.00449424944
 1509.115 0.0909712817 0.00457935275
 1509.215 0.0832891863 0.0044179682
 1509.315 0.0908064069 0.00455711375
 1509.415 0.0860745154 0.00448168393
 1509.515 0.0894857033 0.00451438072
 1509.615 0.0743859946 0.00421250835
 1509.715 0.085743106 0.00445482363
 1509.815 0.0939717878 0.00460488524
 1509.915 0.0994061203 0.00471875077
 1510.015 0.0846742623 0.00443575503
 1510.115 0.0892746922 0.00447821855
 1510.215 0.0873006566 0.00455191085
 1510.315 0.0845684198 0.00448314517
 1510.415 0.0853753106 0.00446096422
 1510.515 0.0877328591 0.00449211726
 1510.615 0.0864596222 0.00448075782
 1510.715 0.081553021 0.00435959586
 1510.815 0.08525832 0.00441507257
 1510.915 0.0854711414 0.00442046829
 1511.015 0.0811620911 0.00434883319
 1511.115 0.0849804049 0.00444964375
 1511.215 0.0968884046 0.00467594112
 1511.315 0.0919021341 0.00469204171
 1511.415 0.0890152469 0.0045065423
 1511.515 0.07813304 0.00427736156
 1511.615 0.0875557633 0.00451875132
 1511.715 0.0823355478 0.00439412599
 1511.815 0.085529521 0.00446912416
 1511.915 0.0861049734 0.00449385578


