# Data from DA_130531_E4.h5 stim 3
# Ratiometric estimator
# Ratiometric estimator:
#    Time    Ca (est)    Ca (se)
 1116.015 0.0742215156 0.0044904842
 1116.115 0.0873840447 0.00483146657
 1116.215 0.0780457569 0.00458322007
 1116.315 0.0842041372 0.00473184379
 1116.415 0.081014777 0.00461675586
 1116.515 0.0783481216 0.0046100213
 1116.615 0.08129825 0.0046154266
 1116.715 0.083760481 0.00470670828
 1116.815 0.0799687639 0.0046477258
 1116.915 0.0877885141 0.00480602443
 1117.015 0.0787561132 0.00468090124
 1117.115 0.0870449276 0.00481587547
 1117.215 0.0820496481 0.00466809256
 1117.315 0.0892658811 0.00480894246
 1117.415 0.0841735125 0.00468888982
 1117.515 0.0851207321 0.0048274638
 1117.615 0.0890732717 0.00486113794
 1117.715 0.109540591 0.005277012
 1117.815 0.118251194 0.00561797583
 1117.915 0.137993996 0.00603079382
 1118.015 0.149832436 0.00646412223
 1118.115 0.16050061 0.00675733869
 1118.215 0.165142339 0.00680595009
 1118.315 0.170348846 0.00698384552
 1118.415 0.156895237 0.00668270417
 1118.515 0.173247592 0.00706553027
 1118.615 0.168312885 0.00703325417
 1118.715 0.164031626 0.00676528929
 1118.815 0.157387998 0.00653235141
 1118.915 0.157312152 0.00666820053
 1119.015 0.164651398 0.00673705839
 1119.115 0.163004158 0.00672849351
 1119.215 0.172602511 0.00696252728
 1119.315 0.159330706 0.00658855375
 1119.415 0.16113021 0.00672736206
 1119.515 0.149565095 0.00637607767
 1119.615 0.151079405 0.00640405267
 1119.715 0.160595112 0.00666844879
 1119.815 0.142933394 0.0061540574
 1119.915 0.149567791 0.00632976586
 1120.015 0.163113507 0.00671627998
 1120.115 0.148218935 0.00629271577
 1120.215 0.154068035 0.00650095491
 1120.315 0.14853028 0.00627238703
 1120.415 0.137052522 0.00606969935
 1120.515 0.140490119 0.00620788655
 1120.615 0.130966272 0.00594404089
 1120.715 0.13168434 0.00588551375
 1120.815 0.13973975 0.00604439049
 1120.915 0.132162957 0.00594154594
 1121.015 0.140480751 0.00606919963
 1121.115 0.135867503 0.00592431739
 1121.215 0.123406379 0.00566772536
 1121.315 0.129036368 0.00580313543
 1121.415 0.121575073 0.00570389227
 1121.515 0.122880912 0.00566408646
 1121.615 0.12189283 0.00567668455
 1121.715 0.135025075 0.00594819681
 1121.815 0.121137151 0.00561259831
 1121.915 0.119628632 0.00565834696
 1122.015 0.124808562 0.00582866416
 1122.115 0.124551744 0.00574421999
 1122.215 0.117211727 0.00556802503
 1122.315 0.120337858 0.00556103475
 1122.415 0.11889579 0.00551767222
 1122.515 0.118977152 0.00558376461
 1122.615 0.120902731 0.00565638349
 1122.715 0.104652266 0.00525448838
 1122.815 0.113740473 0.00543250151
 1122.915 0.110525477 0.00532512373
 1123.015 0.101136494 0.00518344179
 1123.115 0.113414501 0.00541135586
 1123.215 0.11099654 0.00545240607
 1123.315 0.110314789 0.00539700413
 1123.415 0.107812974 0.00537572802
 1123.515 0.102056443 0.00509836369
 1123.615 0.113497059 0.00541553341
 1123.715 0.0905262304 0.0049591261
 1123.815 0.116134554 0.00546855809
 1123.915 0.104770729 0.00520498628
 1124.015 0.103459429 0.00520873738
 1124.115 0.108773696 0.00535996715
 1124.215 0.112716623 0.0054381024
 1124.315 0.101817435 0.00511286481
 1124.415 0.100559257 0.00516802473
 1124.515 0.106884711 0.00527997941
 1124.615 0.106136445 0.00528324675
 1124.715 0.101973518 0.00519181396
 1124.815 0.105415568 0.00527017632
 1124.915 0.099072895 0.00507130354
 1125.015 0.105882388 0.00522407268
 1125.115 0.0966794096 0.00495313139
 1125.215 0.0998769839 0.00515454642
 1125.315 0.0971641858 0.00503888576
 1125.415 0.0851790164 0.00470565297
 1125.515 0.10702003 0.00531878761
 1125.615 0.099189247 0.00498084919
 1125.715 0.100880499 0.00519098482
 1125.815 0.0913207759 0.00489168885
 1125.915 0.0904059098 0.00489135059
 1126.015 0.0936214481 0.00494034967
 1126.115 0.106065036 0.00518368621
 1126.215 0.0954658677 0.0049375494
 1126.315 0.0938398989 0.00488036468
 1126.415 0.0906810094 0.00492466634
 1126.515 0.093315375 0.00490056326
 1126.615 0.0938342059 0.0049195881
 1126.715 0.0803024541 0.00470290876
 1126.815 0.0932549666 0.00490714348
 1126.915 0.0962510328 0.00505724001
 1127.015 0.0973709475 0.00508684377
 1127.115 0.0787083873 0.00459690691
 1127.215 0.087170067 0.0049548948
 1127.315 0.0852446025 0.00474853014
 1127.415 0.0820152474 0.00473537468
 1127.515 0.0912604014 0.00491990604
 1127.615 0.0869079813 0.00481380572
 1127.715 0.0887823089 0.00490226956
 1127.815 0.0906077367 0.00483248871
 1127.915 0.0910607573 0.00490404127
 1128.015 0.0893299291 0.00485114925
 1128.115 0.0855986037 0.00484037058
 1128.215 0.0881882134 0.00481199727
 1128.315 0.0840522456 0.00469464942
 1128.415 0.0907919732 0.00489797062
 1128.515 0.088736186 0.00487105438
 1128.615 0.0798555909 0.00469056616
 1128.715 0.0803168191 0.00458788196
 1128.815 0.0901933267 0.00482804247
 1128.915 0.0876715388 0.00474688565
 1129.015 0.0850647491 0.00481301144
 1129.115 0.0814279915 0.00463141453
 1129.215 0.0870751465 0.00479943948
 1129.315 0.0935522944 0.00496424735
 1129.415 0.0916010288 0.00490140159
 1129.515 0.0793378577 0.00468178398
 1129.615 0.0931712853 0.00487596765
 1129.715 0.0873427477 0.00476908125
 1129.815 0.0896331796 0.00484743135
 1129.915 0.0793734075 0.00462180994
 1130.015 0.0889751042 0.00477460653
 1130.115 0.0823237259 0.0046657631
 1130.215 0.0913854848 0.00488217344
 1130.315 0.0871863848 0.00474109998
 1130.415 0.0901231966 0.00483778018
 1130.515 0.0797701599 0.00461918593
 1130.615 0.0800788816 0.00468143866
 1130.715 0.0952457348 0.00500281112
 1130.815 0.0907637295 0.00490667733
 1130.915 0.0868033094 0.00492412537
 1131.015 0.0892980511 0.00490919159
 1131.115 0.0871503872 0.00479324808
 1131.215 0.0782700685 0.00457898115
 1131.315 0.0870229599 0.00478058859
 1131.415 0.0834321853 0.00473283154
 1131.515 0.0866229937 0.00467199749
 1131.615 0.076681892 0.00457360569
 1131.715 0.0835618955 0.00469584906
 1131.815 0.0822115639 0.00476606029
 1131.915 0.0781695426 0.00461110921
 1132.015 0.0846341778 0.00475544865
 1132.115 0.0851242514 0.0046931354
 1132.215 0.0773392982 0.00452555936
 1132.315 0.0822618964 0.00469485056
 1132.415 0.0718766729 0.00447445718
 1132.515 0.0785055654 0.00463597518
 1132.615 0.082977848 0.0046663764
 1132.715 0.0768896152 0.00454005295
 1132.815 0.0714589359 0.00441704551
 1132.915 0.0769153287 0.00455453286
 1133.015 0.0817165983 0.00468543646
 1133.115 0.0960534233 0.00496222687
 1133.215 0.0764147734 0.00458098585
 1133.315 0.0839771312 0.00472987157
 1133.415 0.0770730363 0.00462681552
 1133.515 0.0800146467 0.00463123397
 1133.615 0.0784604483 0.00460566812
 1133.715 0.0810217945 0.0046252279
 1133.815 0.0919813328 0.00484041743
 1133.915 0.0789907348 0.00460700886
 1134.015 0.0843060569 0.00472657265
 1134.115 0.0746678427 0.00443979898
 1134.215 0.087745228 0.00478518653
 1134.315 0.0823810263 0.00473329872
 1134.415 0.0855004638 0.00476125448
 1134.515 0.0839594652 0.00467307506
 1134.615 0.08509458 0.00477577282
 1134.715 0.0774800898 0.00456377191
 1134.815 0.0774315744 0.00460145994
 1134.915 0.0751277445 0.00446741448
 1135.015 0.0711202244 0.00447107673
 1135.115 0.0766953391 0.00454752467
 1135.215 0.0845416094 0.00473313763
 1135.315 0.0841194696 0.00476978025
 1135.415 0.0770973707 0.00458308302
 1135.515 0.0753189886 0.00451436715
 1135.615 0.0749528988 0.00455587482
 1135.715 0.0804720682 0.00460511767
 1135.815 0.0823872954 0.00469567301
 1135.915 0.0789391813 0.00466637661


