# τ vs min κ linear regression for data set DA_130531_E4.h5
# Using stimulation: 1, 2, 3
# Best fit: tau = 0.823424 + 0.0149037 kappa_Fura
# Covariance matrix:
# [ +2.50118e-01, -1.46281e-03  
#   -1.46281e-03, +9.11692e-06  ]
# Total sum of squares (TSS) = 24.4199
# chisq (Residual sum of squares, RSS) = 0.0565167
# Probability of observing a larger of equal RSS per DOF under the null hypothesis: 0.812089
# R squared (1-RSS/TSS) = 0.997686
# Estimated gamma/v with standard error: 67.0976 +/- 13.5937
# Estimates kappa_S with standard error (using error propagation): 54.2497 +/- 35.3743
# kappa_S confidence intervals based on parametric bootstrap
# 0.95 CI for kappa_S: [-8.99834,197.852]
# 0.99 CI for kappa_S: [-23.1872,295.771]


# The data
# κ_Fura  τ   τ_SE
121.862 2.62972 0.175262
186.798 3.64248 0.20858
230.001 4.19953 0.32695


# The fitted data
# Preticted values with lower and upper bounds of 0.95 CI
# κ_Fura  τ   τ_lwr  τ_upr
-68.8122 -0.20213 -1.58056 1.1763
-67.5709 -0.183631 -1.55483 1.18757
-66.3297 -0.165132 -1.52911 1.19884
-65.0884 -0.146632 -1.50338 1.21011
-63.8471 -0.128133 -1.47765 1.22139
-62.6059 -0.109634 -1.45193 1.23266
-61.3646 -0.0911347 -1.42621 1.24394
-60.1234 -0.0726355 -1.40049 1.25522
-58.8821 -0.0541363 -1.37477 1.26649
-57.6409 -0.0356371 -1.34905 1.27777
-56.3996 -0.0171379 -1.32333 1.28905
-55.1584 0.00136133 -1.29761 1.30034
-53.9171 0.0198605 -1.2719 1.31162
-52.6759 0.0383598 -1.24619 1.32291
-51.4346 0.056859 -1.22048 1.33419
-50.1934 0.0753582 -1.19477 1.34548
-48.9521 0.0938574 -1.16906 1.35677
-47.7109 0.112357 -1.14335 1.36806
-46.4696 0.130856 -1.11765 1.37936
-45.2284 0.149355 -1.09194 1.39065
-43.9871 0.167854 -1.06624 1.40195
-42.7459 0.186353 -1.04054 1.41325
-41.5046 0.204853 -1.01484 1.42455
-40.2634 0.223352 -0.989147 1.43585
-39.0221 0.241851 -0.963452 1.44715
-37.7809 0.26035 -0.937759 1.45846
-36.5396 0.278849 -0.912068 1.46977
-35.2983 0.297349 -0.886379 1.48108
-34.0571 0.315848 -0.860692 1.49239
-32.8158 0.334347 -0.835007 1.5037
-31.5746 0.352846 -0.809323 1.51502
-30.3333 0.371346 -0.783642 1.52633
-29.0921 0.389845 -0.757963 1.53765
-27.8508 0.408344 -0.732286 1.54897
-26.6096 0.426843 -0.706611 1.5603
-25.3683 0.445342 -0.680938 1.57162
-24.1271 0.463842 -0.655268 1.58295
-22.8858 0.482341 -0.6296 1.59428
-21.6446 0.50084 -0.603934 1.60561
-20.4033 0.519339 -0.57827 1.61695
-19.1621 0.537838 -0.552609 1.62829
-17.9208 0.556338 -0.526951 1.63963
-16.6796 0.574837 -0.501295 1.65097
-15.4383 0.593336 -0.475641 1.66231
-14.1971 0.611835 -0.44999 1.67366
-12.9558 0.630334 -0.424342 1.68501
-11.7146 0.648834 -0.398696 1.69636
-10.4733 0.667333 -0.373054 1.70772
-9.23206 0.685832 -0.347414 1.71908
-7.9908 0.704331 -0.321777 1.73044
-6.74955 0.722831 -0.296143 1.7418
-5.5083 0.74133 -0.270512 1.75317
-4.26705 0.759829 -0.244884 1.76454
-3.02579 0.778328 -0.219259 1.77592
-1.78454 0.796827 -0.193637 1.78729
-0.54329 0.815327 -0.168019 1.79867
0.697962 0.833826 -0.142404 1.81006
1.93921 0.852325 -0.116793 1.82144
3.18047 0.870824 -0.0911846 1.83283
4.42172 0.889323 -0.0655802 1.84423
5.66297 0.907823 -0.0399794 1.85562
6.90422 0.926322 -0.0143825 1.86703
8.14547 0.944821 0.0112107 1.87843
9.38673 0.96332 0.0367999 1.88984
10.628 0.98182 0.0623851 1.90125
11.8692 1.00032 0.0879662 1.91267
13.1105 1.01882 0.113543 1.92409
14.3517 1.03732 0.139116 1.93552
15.593 1.05582 0.164684 1.94695
16.8342 1.07432 0.190248 1.95838
18.0755 1.09281 0.215807 1.96982
19.3167 1.11131 0.241361 1.98127
20.558 1.12981 0.26691 1.99272
21.7992 1.14831 0.292455 2.00417
23.0405 1.16681 0.317994 2.01563
24.2818 1.18531 0.343528 2.02709
25.523 1.20381 0.369057 2.03856
26.7643 1.22231 0.39458 2.05004
28.0055 1.24081 0.420098 2.06152
29.2468 1.25931 0.44561 2.07301
30.488 1.27781 0.471116 2.0845
31.7293 1.29631 0.496616 2.096
32.9705 1.31481 0.52211 2.1075
34.2118 1.3333 0.547597 2.11901
35.453 1.3518 0.573077 2.13053
36.6943 1.3703 0.598551 2.14205
37.9355 1.3888 0.624018 2.15359
39.1768 1.4073 0.649478 2.16512
40.418 1.4258 0.67493 2.17667
41.6593 1.4443 0.700375 2.18822
42.9005 1.4628 0.725812 2.19979
44.1418 1.4813 0.751242 2.21135
45.383 1.4998 0.776663 2.22293
46.6243 1.5183 0.802075 2.23452
47.8655 1.5368 0.827479 2.24611
49.1068 1.5553 0.852874 2.25772
50.348 1.57379 0.878259 2.26933
51.5893 1.59229 0.903635 2.28095
52.8305 1.61079 0.929002 2.29258
54.0718 1.62929 0.954358 2.30423
55.3131 1.64779 0.979704 2.31588
56.5543 1.66629 1.00504 2.32754
57.7956 1.68479 1.03036 2.33922
59.0368 1.70329 1.05568 2.3509
60.2781 1.72179 1.08098 2.3626
61.5193 1.74029 1.10627 2.37431
62.7606 1.75879 1.13154 2.38603
64.0018 1.77729 1.15681 2.39777
65.2431 1.79578 1.18206 2.40951
66.4843 1.81428 1.20729 2.42128
67.7256 1.83278 1.23251 2.43305
68.9668 1.85128 1.25772 2.44484
70.2081 1.86978 1.28291 2.45665
71.4493 1.88828 1.30809 2.46847
72.6906 1.90678 1.33325 2.48031
73.9318 1.92528 1.35839 2.49217
75.1731 1.94378 1.38352 2.50404
76.4143 1.96228 1.40862 2.51593
77.6556 1.98078 1.43371 2.52784
78.8968 1.99928 1.45878 2.53977
80.1381 2.01778 1.48383 2.55172
81.3793 2.03627 1.50886 2.56369
82.6206 2.05477 1.53386 2.57569
83.8619 2.07327 1.55884 2.5877
85.1031 2.09177 1.5838 2.59974
86.3444 2.11027 1.60874 2.6118
87.5856 2.12877 1.63365 2.62389
88.8269 2.14727 1.65853 2.63601
90.0681 2.16577 1.68339 2.64815
91.3094 2.18427 1.70822 2.66032
92.5506 2.20277 1.73302 2.67252
93.7919 2.22127 1.75778 2.68475
95.0331 2.23977 1.78252 2.69701
96.2744 2.25827 1.80722 2.70931
97.5156 2.27676 1.83189 2.72164
98.7569 2.29526 1.85652 2.73401
99.9981 2.31376 1.88111 2.74642
101.239 2.33226 1.90566 2.75886
102.481 2.35076 1.93018 2.77135
103.722 2.36926 1.95465 2.78388
104.963 2.38776 1.97907 2.79645
106.204 2.40626 2.00345 2.80907
107.446 2.42476 2.02778 2.82174
108.687 2.44326 2.05205 2.83446
109.928 2.46176 2.07628 2.84723
111.169 2.48026 2.10045 2.86006
112.411 2.49875 2.12456 2.87295
113.652 2.51725 2.14861 2.8859
114.893 2.53575 2.17259 2.89891
116.134 2.55425 2.19651 2.91199
117.376 2.57275 2.22036 2.92514
118.617 2.59125 2.24414 2.93837
119.858 2.60975 2.26784 2.95166
121.099 2.62825 2.29146 2.96504
122.341 2.64675 2.31499 2.9785
123.582 2.66525 2.33844 2.99205
124.823 2.68375 2.3618 3.0057
126.064 2.70225 2.38506 3.01943
127.306 2.72075 2.40822 3.03327
128.547 2.73924 2.43128 3.04721
129.788 2.75774 2.45422 3.06126
131.029 2.77624 2.47706 3.07543
132.271 2.79474 2.49977 3.08971
133.512 2.81324 2.52236 3.10412
134.753 2.83174 2.54482 3.11866
135.994 2.85024 2.56714 3.13334
137.236 2.86874 2.58933 3.14815
138.477 2.88724 2.61136 3.16311
139.718 2.90574 2.63325 3.17823
140.959 2.92424 2.65498 3.1935
142.201 2.94274 2.67654 3.20893
143.442 2.96124 2.69793 3.22454
144.683 2.97973 2.71915 3.24032
145.924 2.99823 2.74019 3.25628
147.166 3.01673 2.76104 3.27242
148.407 3.03523 2.7817 3.28876
149.648 3.05373 2.80217 3.30529
150.889 3.07223 2.82243 3.32203
152.131 3.09073 2.84249 3.33896
153.372 3.10923 2.86235 3.35611
154.613 3.12773 2.88198 3.37347
155.854 3.14623 2.90141 3.39105
157.096 3.16473 2.92061 3.40884
158.337 3.18323 2.9396 3.42685
159.578 3.20172 2.95837 3.44508
160.819 3.22022 2.97691 3.46354
162.061 3.23872 2.99523 3.48221
163.302 3.25722 3.01333 3.50111
164.543 3.27572 3.03122 3.52023
165.784 3.29422 3.04888 3.53956
167.026 3.31272 3.06632 3.55912
168.267 3.33122 3.08356 3.57888
169.508 3.34972 3.10058 3.59886
170.749 3.36822 3.1174 3.61904
171.991 3.38672 3.13401 3.63942
173.232 3.40522 3.15043 3.66001
174.473 3.42372 3.16665 3.68078
175.715 3.44221 3.18268 3.70175
176.956 3.46071 3.19853 3.72289
178.197 3.47921 3.21421 3.74422
179.438 3.49771 3.22971 3.76571
180.68 3.51621 3.24505 3.78737
181.921 3.53471 3.26023 3.8092
183.162 3.55321 3.27525 3.83117
184.403 3.57171 3.29012 3.8533
185.645 3.59021 3.30485 3.87556
186.886 3.60871 3.31945 3.89797
188.127 3.62721 3.33391 3.92051
189.368 3.64571 3.34824 3.94317
190.61 3.66421 3.36245 3.96596
191.851 3.6827 3.37655 3.98886
193.092 3.7012 3.39054 4.01187
194.333 3.7197 3.40442 4.03499
195.575 3.7382 3.41819 4.05821
196.816 3.7567 3.43187 4.08153
198.057 3.7752 3.44546 4.10494
199.298 3.7937 3.45896 4.12844
200.54 3.8122 3.47237 4.15203
201.781 3.8307 3.4857 4.1757
203.022 3.8492 3.49895 4.19944
204.263 3.8677 3.51213 4.22326
205.505 3.8862 3.52524 4.24715
206.746 3.90469 3.53828 4.27111
207.987 3.92319 3.55125 4.29514
209.228 3.94169 3.56416 4.31922
210.47 3.96019 3.57702 4.34337
211.711 3.97869 3.58981 4.36757
212.952 3.99719 3.60256 4.39183
214.193 4.01569 3.61525 4.41613
215.435 4.03419 3.62789 4.44049
216.676 4.05269 3.64048 4.4649
217.917 4.07119 3.65303 4.48935
219.158 4.08969 3.66553 4.51385
220.4 4.10819 3.67799 4.53838
221.641 4.12669 3.69041 4.56296
222.882 4.14518 3.70279 4.58758
224.123 4.16368 3.71514 4.61223
225.365 4.18218 3.72745 4.63692
226.606 4.20068 3.73973 4.66164
227.847 4.21918 3.75197 4.68639
229.088 4.23768 3.76418 4.71118
230.33 4.25618 3.77637 4.73599
231.571 4.27468 3.78852 4.76084
232.812 4.29318 3.80065 4.78571
234.053 4.31168 3.81274 4.81061
235.295 4.33018 3.82482 4.83554
236.536 4.34868 3.83687 4.86049
237.777 4.36718 3.84889 4.88546
239.018 4.38567 3.86089 4.91046
240.26 4.40417 3.87287 4.93547
