# τ vs mean κ linear regression for data set DA_130531_E4.h5
# Using stimulation: 1, 2, 3
# Best fit: tau = 0.717382 + 0.0147024 kappa_Fura
# Covariance matrix:
# [ +2.71289e-01, -1.50642e-03  
#   -1.50642e-03, +8.86861e-06  ]
# Total sum of squares (TSS) = 24.4199
# chisq (Residual sum of squares, RSS) = 0.0463479
# Probability of observing a larger of equal RSS per DOF under the null hypothesis: 0.829545
# R squared (1-RSS/TSS) = 0.998102
# Estimated gamma/v with standard error: 68.0162 +/- 13.7769
# Estimates kappa_S with standard error (using error propagation): 47.7936 +/- 36.7793
# kappa_S confidence intervals based on parametric bootstrap
# 0.95 CI for kappa_S: [-16.024,196.038]
# 0.99 CI for kappa_S: [-28.2767,300.604]


# The data
# κ_Fura  τ   τ_SE
130.672 2.62972 0.175262
196.799 3.64248 0.20858
240.044 4.19953 0.32695


# The fitted data
# Preticted values with lower and upper bounds of 0.95 CI
# κ_Fura  τ   τ_lwr  τ_upr
-60.742 -0.17567 -1.54349 1.19215
-59.4908 -0.157275 -1.5179 1.20336
-58.2397 -0.13888 -1.49233 1.21457
-56.9885 -0.120485 -1.46675 1.22578
-55.7374 -0.10209 -1.44117 1.23699
-54.4862 -0.0836952 -1.41559 1.2482
-53.2351 -0.0653003 -1.39002 1.25942
-51.9839 -0.0469054 -1.36445 1.27064
-50.7328 -0.0285105 -1.33888 1.28186
-49.4816 -0.0101155 -1.31331 1.29308
-48.2305 0.00827938 -1.28774 1.3043
-46.9793 0.0266743 -1.26217 1.31552
-45.7281 0.0450692 -1.2366 1.32674
-44.477 0.0634641 -1.21104 1.33797
-43.2258 0.081859 -1.18548 1.3492
-41.9747 0.100254 -1.15992 1.36042
-40.7235 0.118649 -1.13436 1.37165
-39.4724 0.137044 -1.1088 1.38289
-38.2212 0.155439 -1.08324 1.39412
-36.9701 0.173834 -1.05769 1.40535
-35.7189 0.192229 -1.03213 1.41659
-34.4678 0.210623 -1.00658 1.42783
-33.2166 0.229018 -0.981034 1.43907
-31.9655 0.247413 -0.955486 1.45031
-30.7143 0.265808 -0.92994 1.46156
-29.4632 0.284203 -0.904396 1.4728
-28.212 0.302598 -0.878854 1.48405
-26.9609 0.320993 -0.853313 1.4953
-25.7097 0.339388 -0.827775 1.50655
-24.4585 0.357783 -0.802239 1.5178
-23.2074 0.376178 -0.776704 1.52906
-21.9562 0.394573 -0.751172 1.54032
-20.7051 0.412968 -0.725642 1.55158
-19.4539 0.431362 -0.700114 1.56284
-18.2028 0.449757 -0.674588 1.5741
-16.9516 0.468152 -0.649064 1.58537
-15.7005 0.486547 -0.623543 1.59664
-14.4493 0.504942 -0.598024 1.60791
-13.1982 0.523337 -0.572507 1.61918
-11.947 0.541732 -0.546993 1.63046
-10.6959 0.560127 -0.521481 1.64173
-9.44471 0.578522 -0.495972 1.65302
-8.19356 0.596917 -0.470465 1.6643
-6.94241 0.615312 -0.444961 1.67558
-5.69126 0.633707 -0.419459 1.68687
-4.4401 0.652101 -0.39396 1.69816
-3.18895 0.670496 -0.368464 1.70946
-1.9378 0.688891 -0.342971 1.72075
-0.686646 0.707286 -0.31748 1.73205
0.564507 0.725681 -0.291993 1.74336
1.81566 0.744076 -0.266508 1.75466
3.06681 0.762471 -0.241027 1.76597
4.31797 0.780866 -0.215548 1.77728
5.56912 0.799261 -0.190073 1.78859
6.82027 0.817656 -0.164601 1.79991
8.07142 0.836051 -0.139133 1.81123
9.32258 0.854446 -0.113668 1.82256
10.5737 0.872841 -0.0882061 1.83389
11.8249 0.891235 -0.062748 1.84522
13.076 0.90963 -0.0372935 1.85655
14.3272 0.928025 -0.0118427 1.86789
15.5783 0.94642 0.0136042 1.87924
16.8295 0.964815 0.0390473 1.89058
18.0806 0.98321 0.0644863 1.90193
19.3318 1.0016 0.0899213 1.91329
20.583 1.02 0.115352 1.92465
21.8341 1.03839 0.140779 1.93601
23.0853 1.05679 0.166201 1.94738
24.3364 1.07518 0.191619 1.95875
25.5876 1.09358 0.217032 1.97013
26.8387 1.11197 0.24244 1.98151
28.0899 1.13037 0.267844 1.99289
29.341 1.14876 0.293243 2.00429
30.5922 1.16716 0.318636 2.01568
31.8433 1.18555 0.344025 2.02708
33.0945 1.20395 0.369408 2.03849
34.3456 1.22234 0.394786 2.0499
35.5968 1.24074 0.420158 2.06132
36.8479 1.25913 0.445525 2.07274
38.0991 1.27753 0.470885 2.08417
39.3502 1.29592 0.49624 2.09561
40.6014 1.31432 0.521589 2.10705
41.8525 1.33271 0.546931 2.1185
43.1037 1.35111 0.572266 2.12995
44.3549 1.3695 0.597595 2.14141
45.606 1.3879 0.622917 2.15288
46.8572 1.40629 0.648232 2.16435
48.1083 1.42469 0.67354 2.17584
49.3595 1.44308 0.698841 2.18733
50.6106 1.46148 0.724133 2.19882
51.8618 1.47987 0.749418 2.21033
53.1129 1.49827 0.774695 2.22184
54.3641 1.51666 0.799963 2.23336
55.6152 1.53506 0.825223 2.24489
56.8664 1.55345 0.850474 2.25643
58.1175 1.57185 0.875716 2.26798
59.3687 1.59024 0.900948 2.27954
60.6198 1.60864 0.926171 2.2911
61.871 1.62703 0.951384 2.30268
63.1221 1.64543 0.976587 2.31427
64.3733 1.66382 1.00178 2.32587
65.6245 1.68222 1.02696 2.33747
66.8756 1.70061 1.05213 2.34909
68.1268 1.71901 1.07729 2.36072
69.3779 1.7374 1.10244 2.37237
70.6291 1.7558 1.12757 2.38402
71.8802 1.77419 1.15269 2.39569
73.1314 1.79259 1.1778 2.40737
74.3825 1.81098 1.20289 2.41907
75.6337 1.82938 1.22797 2.43078
76.8848 1.84777 1.25304 2.4425
78.136 1.86617 1.27809 2.45424
79.3871 1.88456 1.30313 2.46599
80.6383 1.90296 1.32815 2.47776
81.8894 1.92135 1.35315 2.48955
83.1406 1.93975 1.37814 2.50136
84.3917 1.95814 1.4031 2.51318
85.6429 1.97654 1.42805 2.52502
86.894 1.99493 1.45298 2.53688
88.1452 2.01333 1.47789 2.54876
89.3964 2.03172 1.50278 2.56066
90.6475 2.05012 1.52765 2.57258
91.8987 2.06851 1.5525 2.58452
93.1498 2.08691 1.57732 2.59649
94.401 2.1053 1.60212 2.60848
95.6521 2.12369 1.6269 2.62049
96.9033 2.14209 1.65165 2.63253
98.1544 2.16048 1.67637 2.6446
99.4056 2.17888 1.70106 2.6567
100.657 2.19727 1.72573 2.66882
101.908 2.21567 1.75036 2.68098
103.159 2.23406 1.77497 2.69316
104.41 2.25246 1.79954 2.70538
105.661 2.27085 1.82408 2.71763
106.912 2.28925 1.84858 2.72992
108.164 2.30764 1.87304 2.74225
109.415 2.32604 1.89747 2.75461
110.666 2.34443 1.92186 2.76701
111.917 2.36283 1.9462 2.77946
113.168 2.38122 1.9705 2.79195
114.419 2.39962 1.99476 2.80448
115.671 2.41801 2.01896 2.81706
116.922 2.43641 2.04312 2.82969
118.173 2.4548 2.06723 2.84238
119.424 2.4732 2.09128 2.85512
120.675 2.49159 2.11528 2.86791
121.926 2.50999 2.13921 2.88076
123.177 2.52838 2.16309 2.89368
124.429 2.54678 2.1869 2.90666
125.68 2.56517 2.21064 2.91971
126.931 2.58357 2.23431 2.93283
128.182 2.60196 2.25791 2.94602
129.433 2.62036 2.28142 2.95929
130.684 2.63875 2.30486 2.97264
131.936 2.65715 2.32822 2.98608
133.187 2.67554 2.35148 2.99961
134.438 2.69394 2.37465 3.01322
135.689 2.71233 2.39773 3.02694
136.94 2.73073 2.4207 3.04075
138.191 2.74912 2.44357 3.05468
139.442 2.76752 2.46632 3.06871
140.694 2.78591 2.48896 3.08286
141.945 2.80431 2.51148 3.09713
143.196 2.8227 2.53388 3.11152
144.447 2.8411 2.55614 3.12605
145.698 2.85949 2.57827 3.14071
146.949 2.87789 2.60026 3.15552
148.201 2.89628 2.62209 3.17047
149.452 2.91468 2.64378 3.18557
150.703 2.93307 2.6653 3.20084
151.954 2.95147 2.68667 3.21627
153.205 2.96986 2.70786 3.23187
154.456 2.98826 2.72887 3.24764
155.707 3.00665 2.74971 3.26359
156.959 3.02505 2.77036 3.27974
158.21 3.04344 2.79081 3.29607
159.461 3.06184 2.81108 3.3126
160.712 3.08023 2.83114 3.32932
161.963 3.09863 2.851 3.34626
163.214 3.11702 2.87064 3.3634
164.466 3.13542 2.89008 3.38075
165.717 3.15381 2.90931 3.39831
166.968 3.17221 2.92832 3.41609
168.219 3.1906 2.94711 3.43409
169.47 3.209 2.96568 3.45231
170.721 3.22739 2.98403 3.47075
171.972 3.24578 3.00217 3.4894
173.224 3.26418 3.02009 3.50827
174.475 3.28257 3.03778 3.52736
175.726 3.30097 3.05527 3.54667
176.977 3.31936 3.07254 3.56619
178.228 3.33776 3.0896 3.58592
179.479 3.35615 3.10646 3.60585
180.731 3.37455 3.12311 3.62599
181.982 3.39294 3.13956 3.64633
183.233 3.41134 3.15582 3.66686
184.484 3.42973 3.17189 3.68758
185.735 3.44813 3.18778 3.70848
186.986 3.46652 3.20348 3.72956
188.237 3.48492 3.21902 3.75082
189.489 3.50331 3.23438 3.77224
190.74 3.52171 3.24959 3.79383
191.991 3.5401 3.26463 3.81557
193.242 3.5585 3.27953 3.83747
194.493 3.57689 3.29428 3.85951
195.744 3.59529 3.30889 3.88169
196.995 3.61368 3.32337 3.904
198.247 3.63208 3.33771 3.92644
199.498 3.65047 3.35194 3.94901
200.749 3.66887 3.36604 3.9717
202 3.68726 3.38003 3.99449
203.251 3.70566 3.39391 4.0174
204.502 3.72405 3.40769 4.04041
205.754 3.74245 3.42137 4.06353
207.005 3.76084 3.43495 4.08673
208.256 3.77924 3.44844 4.11003
209.507 3.79763 3.46185 4.13342
210.758 3.81603 3.47517 4.15689
212.009 3.83442 3.48841 4.18044
213.26 3.85282 3.50157 4.20406
214.512 3.87121 3.51467 4.22776
215.763 3.88961 3.52769 4.25153
217.014 3.908 3.54064 4.27536
218.265 3.9264 3.55354 4.29926
219.516 3.94479 3.56637 4.32322
220.767 3.96319 3.57914 4.34723
222.019 3.98158 3.59186 4.37131
223.27 3.99998 3.60452 4.39543
224.521 4.01837 3.61713 4.41961
225.772 4.03677 3.6297 4.44384
227.023 4.05516 3.64221 4.46811
228.274 4.07356 3.65469 4.49243
229.525 4.09195 3.66712 4.51679
230.777 4.11035 3.6795 4.54119
232.028 4.12874 3.69185 4.56563
233.279 4.14714 3.70416 4.59011
234.53 4.16553 3.71644 4.61462
235.781 4.18393 3.72868 4.63918
237.032 4.20232 3.74088 4.66376
238.284 4.22072 3.75306 4.68838
239.535 4.23911 3.7652 4.71302
240.786 4.25751 3.77731 4.7377
242.037 4.2759 3.7894 4.7624
243.288 4.2943 3.80145 4.78714
244.539 4.31269 3.81349 4.81189
245.79 4.33108 3.82549 4.83668
247.042 4.34948 3.83747 4.86149
248.293 4.36787 3.84943 4.88632
249.544 4.38627 3.86136 4.91117
250.795 4.40466 3.87328 4.93605
