# τ vs max κ linear regression for data set DA_130531_E4.h5
# Using stimulation: 1, 2, 3
# Best fit: tau = 0.622586 + 0.0146306 kappa_Fura
# Covariance matrix:
# [ +2.91289e-01, -1.55712e-03  
#   -1.55712e-03, +8.78873e-06  ]
# Total sum of squares (TSS) = 24.4199
# chisq (Residual sum of squares, RSS) = 0.0645045
# Probability of observing a larger of equal RSS per DOF under the null hypothesis: 0.799513
# R squared (1-RSS/TSS) = 0.997359
# Estimated gamma/v with standard error: 68.3501 +/- 13.8497
# Estimates kappa_S with standard error (using error propagation): 41.5538 +/- 37.8837
# kappa_S confidence intervals based on parametric bootstrap
# 0.95 CI for kappa_S: [-23.387,181.447]
# 0.99 CI for kappa_S: [-36.3989,273.048]


# The data
# κ_Fura  τ   τ_SE
137.917 2.62972 0.175262
203.844 3.64248 0.20858
248.251 4.19953 0.32695


# The fitted data
# Preticted values with lower and upper bounds of 0.95 CI
# κ_Fura  τ   τ_lwr  τ_upr
-52.9422 -0.151989 -1.51104 1.20707
-51.6878 -0.133636 -1.48552 1.21825
-50.4334 -0.115283 -1.46 1.22943
-49.179 -0.09693 -1.43448 1.24062
-47.9245 -0.0785771 -1.40896 1.2518
-46.6701 -0.0602241 -1.38344 1.26299
-45.4157 -0.0418712 -1.35792 1.27418
-44.1613 -0.0235183 -1.33241 1.28537
-42.9068 -0.00516536 -1.30689 1.29656
-41.6524 0.0131876 -1.28138 1.30776
-40.398 0.0315405 -1.25587 1.31895
-39.1436 0.0498934 -1.23036 1.33015
-37.8891 0.0682463 -1.20485 1.34134
-36.6347 0.0865993 -1.17934 1.35254
-35.3803 0.104952 -1.15384 1.36374
-34.1259 0.123305 -1.12834 1.37495
-32.8715 0.141658 -1.10283 1.38615
-31.617 0.160011 -1.07733 1.39736
-30.3626 0.178364 -1.05183 1.40856
-29.1082 0.196717 -1.02634 1.41977
-27.8538 0.21507 -1.00084 1.43098
-26.5993 0.233423 -0.975349 1.44219
-25.3449 0.251776 -0.949857 1.45341
-24.0905 0.270129 -0.924367 1.46462
-22.8361 0.288481 -0.898879 1.47584
-21.5816 0.306834 -0.873393 1.48706
-20.3272 0.325187 -0.847908 1.49828
-19.0728 0.34354 -0.822426 1.50951
-17.8184 0.361893 -0.796946 1.52073
-16.5639 0.380246 -0.771467 1.53196
-15.3095 0.398599 -0.745991 1.54319
-14.0551 0.416952 -0.720517 1.55442
-12.8007 0.435305 -0.695045 1.56565
-11.5462 0.453658 -0.669575 1.57689
-10.2918 0.472011 -0.644107 1.58813
-9.03739 0.490364 -0.618642 1.59937
-7.78296 0.508717 -0.593178 1.61061
-6.52854 0.52707 -0.567718 1.62186
-5.27411 0.545422 -0.542259 1.6331
-4.01969 0.563775 -0.516803 1.64435
-2.76527 0.582128 -0.49135 1.65561
-1.51084 0.600481 -0.465899 1.66686
-0.256417 0.618834 -0.440451 1.67812
0.998007 0.637187 -0.415005 1.68938
2.25243 0.65554 -0.389562 1.70064
3.50686 0.673893 -0.364122 1.71191
4.76128 0.692246 -0.338685 1.72318
6.01571 0.710599 -0.31325 1.73445
7.27013 0.728952 -0.287818 1.74572
8.52455 0.747305 -0.26239 1.757
9.77898 0.765658 -0.236964 1.76828
11.0334 0.784011 -0.211542 1.77956
12.2878 0.802363 -0.186123 1.79085
13.5423 0.820716 -0.160707 1.80214
14.7967 0.839069 -0.135294 1.81343
16.0511 0.857422 -0.109885 1.82473
17.3055 0.875775 -0.0844791 1.83603
18.5599 0.894128 -0.0590769 1.84733
19.8144 0.912481 -0.0336783 1.85864
21.0688 0.930834 -0.00828344 1.86995
22.3232 0.949187 0.0171076 1.88127
23.5776 0.96754 0.0424948 1.89258
24.8321 0.985893 0.067878 1.90391
26.0865 1.00425 0.0932572 1.91523
27.3409 1.0226 0.118632 1.92656
28.5953 1.04095 0.144003 1.9379
29.8498 1.0593 0.169369 1.94924
31.1042 1.07766 0.194731 1.96058
32.3586 1.09601 0.220089 1.97193
33.613 1.11436 0.245441 1.98329
34.8675 1.13272 0.270789 1.99464
36.1219 1.15107 0.296132 2.00601
37.3763 1.16942 0.32147 2.01737
38.6307 1.18777 0.346803 2.02875
39.8852 1.20613 0.37213 2.04013
41.1396 1.22448 0.397452 2.05151
42.394 1.24283 0.422769 2.0629
43.6484 1.26119 0.44808 2.07429
44.9029 1.27954 0.473384 2.08569
46.1573 1.29789 0.498683 2.0971
47.4117 1.31625 0.523976 2.10851
48.6661 1.3346 0.549263 2.11993
49.9206 1.35295 0.574543 2.13136
51.175 1.3713 0.599816 2.14279
52.4294 1.38966 0.625082 2.15423
53.6838 1.40801 0.650342 2.16568
54.9383 1.42636 0.675594 2.17713
56.1927 1.44472 0.700839 2.18859
57.4471 1.46307 0.726076 2.20006
58.7015 1.48142 0.751305 2.21154
59.956 1.49977 0.776526 2.22302
61.2104 1.51813 0.801739 2.23452
62.4648 1.53648 0.826943 2.24602
63.7192 1.55483 0.852139 2.25753
64.9737 1.57319 0.877325 2.26905
66.2281 1.59154 0.902502 2.28058
67.4825 1.60989 0.92767 2.29211
68.7369 1.62825 0.952827 2.30366
69.9914 1.6466 0.977975 2.31522
71.2458 1.66495 1.00311 2.32679
72.5002 1.6833 1.02824 2.33837
73.7546 1.70166 1.05335 2.34996
75.009 1.72001 1.07846 2.36156
76.2635 1.73836 1.10355 2.37318
77.5179 1.75672 1.12863 2.38481
78.7723 1.77507 1.15369 2.39644
80.0267 1.79342 1.17875 2.4081
81.2812 1.81177 1.20379 2.41976
82.5356 1.83013 1.22881 2.43144
83.79 1.84848 1.25382 2.44314
85.0444 1.86683 1.27882 2.45485
86.2989 1.88519 1.3038 2.46657
87.5533 1.90354 1.32876 2.47831
88.8077 1.92189 1.35371 2.49007
90.0621 1.94024 1.37864 2.50185
91.3166 1.9586 1.40356 2.51364
92.571 1.97695 1.42845 2.52545
93.8254 1.9953 1.45333 2.53728
95.0798 2.01366 1.47818 2.54913
96.3343 2.03201 1.50302 2.561
97.5887 2.05036 1.52783 2.57289
98.8431 2.06872 1.55263 2.5848
100.098 2.08707 1.5774 2.59674
101.352 2.10542 1.60214 2.6087
102.606 2.12377 1.62686 2.62069
103.861 2.14213 1.65156 2.6327
105.115 2.16048 1.67623 2.64473
106.37 2.17883 1.70087 2.6568
107.624 2.19719 1.72548 2.66889
108.879 2.21554 1.75006 2.68102
110.133 2.23389 1.77461 2.69317
111.387 2.25224 1.79913 2.70536
112.642 2.2706 1.82362 2.71758
113.896 2.28895 1.84807 2.72984
115.151 2.3073 1.87248 2.74213
116.405 2.32566 1.89685 2.75446
117.659 2.34401 1.92119 2.76683
118.914 2.36236 1.94548 2.77924
120.168 2.38072 1.96973 2.7917
121.423 2.39907 1.99394 2.8042
122.677 2.41742 2.01809 2.81675
123.932 2.43577 2.0422 2.82935
125.186 2.45413 2.06626 2.842
126.44 2.47248 2.09026 2.8547
127.695 2.49083 2.1142 2.86746
128.949 2.50919 2.13809 2.88028
130.204 2.52754 2.16192 2.89316
131.458 2.54589 2.18568 2.90611
132.713 2.56424 2.20937 2.91912
133.967 2.5826 2.23299 2.9322
135.221 2.60095 2.25654 2.94536
136.476 2.6193 2.28002 2.95859
137.73 2.63766 2.30341 2.9719
138.985 2.65601 2.32672 2.9853
140.239 2.67436 2.34994 2.99879
141.494 2.69271 2.37306 3.01237
142.748 2.71107 2.3961 3.02604
144.002 2.72942 2.41903 3.03981
145.257 2.74777 2.44185 3.0537
146.511 2.76613 2.46457 3.06769
147.766 2.78448 2.48717 3.08179
149.02 2.80283 2.50965 3.09601
150.275 2.82119 2.53201 3.11036
151.529 2.83954 2.55423 3.12484
152.783 2.85789 2.57632 3.13946
154.038 2.87624 2.59827 3.15421
155.292 2.8946 2.62008 3.16912
156.547 2.91295 2.64173 3.18417
157.801 2.9313 2.66322 3.19938
159.055 2.94966 2.68456 3.21476
160.31 2.96801 2.70572 3.2303
161.564 2.98636 2.7267 3.24602
162.819 3.00471 2.74751 3.26192
164.073 3.02307 2.76814 3.278
165.328 3.04142 2.78857 3.29427
166.582 3.05977 2.80881 3.31074
167.836 3.07813 2.82885 3.3274
169.091 3.09648 2.84869 3.34427
170.345 3.11483 2.86832 3.36135
171.6 3.13319 2.88774 3.37863
172.854 3.15154 2.90694 3.39613
174.109 3.16989 2.92594 3.41384
175.363 3.18824 2.94471 3.43177
176.617 3.2066 2.96327 3.44992
177.872 3.22495 2.98161 3.46829
179.126 3.2433 2.99973 3.48687
180.381 3.26166 3.01764 3.50567
181.635 3.28001 3.03533 3.52469
182.89 3.29836 3.0528 3.54392
184.144 3.31671 3.07006 3.56337
185.398 3.33507 3.08711 3.58302
186.653 3.35342 3.10396 3.60288
187.907 3.37177 3.1206 3.62294
189.162 3.39013 3.13705 3.64321
190.416 3.40848 3.1533 3.66366
191.671 3.42683 3.16936 3.68431
192.925 3.44518 3.18523 3.70514
194.179 3.46354 3.20093 3.72614
195.434 3.48189 3.21646 3.74733
196.688 3.50024 3.23181 3.76867
197.943 3.5186 3.24701 3.79019
199.197 3.53695 3.26204 3.81186
200.451 3.5553 3.27693 3.83368
201.706 3.57366 3.29167 3.85564
202.96 3.59201 3.30627 3.87775
204.215 3.61036 3.32073 3.89999
205.469 3.62871 3.33506 3.92236
206.724 3.64707 3.34927 3.94486
207.978 3.66542 3.36337 3.96747
209.232 3.68377 3.37734 3.9902
210.487 3.70213 3.39121 4.01304
211.741 3.72048 3.40497 4.03598
212.996 3.73883 3.41864 4.05903
214.25 3.75718 3.43221 4.08216
215.505 3.77554 3.44568 4.10539
216.759 3.79389 3.45907 4.12871
218.013 3.81224 3.47237 4.15211
219.268 3.8306 3.4856 4.1756
220.522 3.84895 3.49874 4.19915
221.777 3.8673 3.51182 4.22279
223.031 3.88566 3.52482 4.24649
224.286 3.90401 3.53776 4.27026
225.54 3.92236 3.55063 4.29409
226.794 3.94071 3.56345 4.31798
228.049 3.95907 3.5762 4.34193
229.303 3.97742 3.5889 4.36594
230.558 3.99577 3.60154 4.39001
231.812 4.01413 3.61413 4.41412
233.067 4.03248 3.62668 4.43828
234.321 4.05083 3.63917 4.46249
235.575 4.06918 3.65162 4.48675
236.83 4.08754 3.66403 4.51104
238.084 4.10589 3.6764 4.53538
239.339 4.12424 3.68872 4.55976
240.593 4.1426 3.70101 4.58418
241.847 4.16095 3.71327 4.60863
243.102 4.1793 3.72548 4.63312
244.356 4.19765 3.73767 4.65764
245.611 4.21601 3.74982 4.6822
246.865 4.23436 3.76194 4.70678
248.12 4.25271 3.77403 4.7314
249.374 4.27107 3.78609 4.75604
250.628 4.28942 3.79812 4.78072
251.883 4.30777 3.81013 4.80541
253.137 4.32613 3.82211 4.83014
254.392 4.34448 3.83407 4.85489
255.646 4.36283 3.846 4.87966
256.901 4.38118 3.85791 4.90445
258.155 4.39954 3.8698 4.92927
259.409 4.41789 3.88167 4.95411
