# Cellular [Fura] for dataset DA_130531_E4.h5

# Loading curve with 104 elements
#    Time   AMPLITUDE
    0.021 1.44676905
   30.021 2.13777421
   60.021 10.3628697
   90.021 15.4979432
  120.021 24.3757773
  150.021 29.5240969
  180.021 35.2052042
  420.021 78.7517753
  450.021 79.8416355
  480.021 85.4270765
  510.021 87.2013187
  540.021 88.4317347
  720.021 100.609321
  750.021 104.415368
  780.021 104.649383
  810.021 105.026897
  840.021 109.411358
  870.021 110.000809
  900.021 107.98225
  930.021 107.449462
 1170.021 117.416421
 1200.021 115.789357
 1230.021 119.285593
 1260.021 119.028766
 1290.021 121.898756
 1320.021 119.504154
 1350.021 123.144625
 1380.021 121.741274
 1530.021 128.133992
 1560.021 129.884685
 1590.021 135.969799
 1620.021 133.113791
 1650.021 138.963419
 1680.021 137.136192
 1710.021 139.012724
 1740.021 138.394572
 1770.021 140.664807
 1800.021 139.433655
 1830.021 144.439211
 1860.021 144.435532
 1890.021 147.794891
 1920.021 145.18688
 1950.021 148.319584
 1980.021 148.605847
 2010.021 150.41762
 2040.021 148.328415
 2070.021 153.932989
 2100.021 155.119252
 2130.021 154.894068
 2160.021 157.02154
 2190.021 158.719249
 2220.021 164.348844
 2250.021 164.094224
 2280.021 163.554813
 2310.021 167.474188
 2340.021 165.076643
 2370.021 165.434288
 2400.021 168.30575
 2430.021 171.905747
 2460.021 171.004276
 2490.021 173.669686
 2520.021 175.549161
 2550.021 180.465674
 2580.021 176.10329
 2610.021 177.162243
 2640.021 182.065509
 2670.021 180.696009
 2700.021 180.640817
 2730.021 184.220209
 2760.021 178.740737
 2790.021 187.106388
 2820.021 182.682189
 2850.021 183.281943
 2880.021 187.492733
 2910.021 185.96428
 2940.021 184.181207
 2970.021 185.392489
 3000.021 187.284475
 3030.021 190.20009
 3060.021 186.491916
 3090.021 187.908514
 3120.021 190.119877
 3150.021 191.169263
 3180.021 191.826417
 3210.021 192.294446
 3240.021 192.121511
 3270.021 194.481525
 3300.021 192.774985
 3330.021 195.174002
 3360.021 193.972286
 3390.021 194.16877
 3420.021 194.293136
 3450.021 195.845138
 3480.021 196.140968
 3510.021 198.291252
 3540.021 195.486758
 3570.021 197.277189
 3600.021 197.124123
 3630.021 198.85642
 3660.021 198.415619
 3690.021       200
 3720.021 199.442192
 3750.021 198.998447
 3780.021 198.138186


# Stim 1 with 200 elements
#    Time   AMPLITUDE
  310.015 60.4956987
  310.115 60.3198199
  310.215 61.8085349
  310.315 59.9805724
  310.415 60.7392799
  310.515 62.3751739
  310.615 62.3773815
  310.715 62.3523611
  310.815 61.9387883
  310.915 62.9293026
  311.015 63.2207169
  311.115 62.3280766
  311.215 61.7047737
  311.315 62.2169565
  311.415 62.5223528
  311.515 60.8128693
  311.615 61.6804892
  311.715 61.8298759
  311.815 61.4943079
  311.915 61.6149946
  312.015 61.4943079
  312.115 58.2365019
  312.215 63.0095151
  312.315 61.5818793
  312.415 62.6246422
  312.515 61.9211268
  312.615 62.0322469
  312.715 62.6334729
  312.815 62.1441029
  312.915 60.2668354
  313.015 64.6711654
  313.115 62.150726
  313.215 62.6724753
  313.315 60.3014225
  313.415 61.8423861
  313.515 62.2581666
  313.615 60.7709233
  313.715 61.3302033
  313.815 60.8901383
  313.915 62.6378883
  314.015 62.2015027
  314.115 59.2409982
  314.215 61.507554
  314.315 60.2293048
  314.415 62.4053455
  314.515 62.9793434
  314.615 62.9925895
  314.715 63.5651156
  314.815 65.8243125
  314.915 61.0903016
  315.015 61.2043653
  315.115 64.0949599
  315.215 61.9660164
  315.315 62.4436121
  315.415 62.0101701
  315.515 61.8085349
  315.615 61.3522802
  315.715 63.0345355
  315.815 60.9357637
  315.915 64.2171184
  316.015 62.2758281
  316.115 61.4398516
  316.215 61.2705959
  316.315 61.0903016
  316.415 59.7936551
  316.515 61.6355996
  316.615 58.4984804
  316.715 62.143367
  316.815 61.9983957
  316.915 63.7248048
  317.015 61.1484373
  317.115 61.7835145
  317.215 62.5451655
  317.315 61.885068
  317.415 59.2527725
  317.515 61.7724761
  317.615 63.2074708
  317.715 62.4340454
  317.815 62.4001943
  317.915 62.080816
  318.015 62.8122953
  318.115 63.0058356
  318.215 61.0770555
  318.315 61.8894833
  318.415 62.227259
  318.515 61.7003584
  318.615 60.4831885
  318.715 63.339196
  318.815 59.7075554
  318.915 61.8350271
  319.015 62.3192459
  319.115 61.4111517
  319.215 61.9505626
  319.315 61.3986415
  319.415 62.5716578
  319.515 60.7952079
  319.615 63.4834313
  319.715 63.5540772
  319.815 62.3648713
  319.915 59.3307773
  320.015 64.3974126
  320.115 61.388339
  320.215 63.038215
  320.315 63.4642981
  320.415 62.486294
  320.515 62.9388692
  320.615 61.1557963
  320.715 63.7763174
  320.815 63.3715753
  320.915 64.5990478
  321.015  62.45833
  321.115 65.4880086
  321.215 61.556123
  321.315 62.3214535
  321.415 61.4670797
  321.515 60.4581681
  321.615 62.8652798
  321.715 62.297169
  321.815 61.4714951
  321.915 62.3898917
  322.015 63.6843306
  322.115 61.7091891
  322.215 62.4958606
  322.315 61.9277499
  322.415 62.6768907
  322.515 61.7562864
  322.615 63.0374791
  322.715 62.1360081
  322.815 64.751378
  322.915 63.7682226
  323.015 60.2064921
  323.115 61.6466381
  323.215 62.1499901
  323.315 62.1124594
  323.415 61.6687149
  323.515 62.7534238
  323.615 64.3620896
  323.715 64.1185085
  323.815 60.8607025
  323.915 65.1127023
  324.015 62.6592292
  324.115 64.2244773
  324.215 63.555549
  324.315 62.1426311
  324.415 63.7130305
  324.515 64.2509695
  324.615 62.968305
  324.715 61.5480282
  324.815 63.3553856
  324.915 66.205506
  325.015 62.7409135
  325.115 65.0339615
  325.215 62.702647
  325.315 64.282613
  325.415 64.1994569
  325.515 63.1669966
  325.615  63.08752
  325.715 60.5037935
  325.815 62.4693684
  325.915 64.1383776
  326.015 62.9138488
  326.115 64.0979034
  326.215 65.023659
  326.315 62.7512161
  326.415 62.7210444
  326.515 62.6871932
  326.615 63.6637255
  326.715 63.8786068
  326.815 62.4907093
  326.915 63.8329813
  327.015 63.5717387
  327.115 65.2017455
  327.215  65.32464
  327.315 64.8146649
  327.415 62.4870299
  327.515 62.171331
  327.615 65.4445908
  327.715 65.6050159
  327.815 63.4488443
  327.915 66.058327
  328.015 62.5201451
  328.115 65.1097587
  328.215 64.2046082
  328.315 64.1965133
  328.415 64.7668318
  328.515 63.8182634
  328.615 64.7476985
  328.715 64.4916071
  328.815 65.1502329
  328.915 64.3304462
  329.015 64.2171184
  329.115 63.5121312
  329.215 64.891198
  329.315 64.2185902
  329.415 62.1139312
  329.515 63.7593919
  329.615 61.7503992
  329.715 64.5313454
  329.815 63.3046089
  329.915 64.2539131


# Stim 2 with 200 elements
#    Time   AMPLITUDE
  663.015 99.1309083
  663.115 98.6790689
  663.215 98.8770246
  663.315 98.3140652
  663.415 98.0925608
  663.515 98.2441552
  663.615 99.6305808
  663.715 99.8255929
  663.815 98.9704833
  663.915 100.944153
  664.015 101.733768
  664.115 100.336304
  664.215 98.0874096
  664.315 101.707276
  664.415 100.200163
  664.515 100.276696
  664.615 97.2985304
  664.715 96.6031099
  664.815 99.0558471
  664.915 95.3822605
  665.015 99.1735902
  665.115 98.0763712
  665.215 97.154295
  665.315 95.7472643
  665.415 97.6355702
  665.515 98.7040894
  665.615 98.5480797
  665.715 98.1514324
  665.815 98.1639426
  665.915 98.1735093
  666.015 98.8851195
  666.115 94.5308303
  666.215 98.3817675
  666.315 100.086836
  666.415 96.2587112
  666.515 99.8403108
  666.615 99.1088315
  666.715 98.336142
  666.815 97.469258
  666.915 98.9417834
  667.015 98.5789873
  667.115 97.5737551
  667.215 96.1608372
  667.315 100.396647
  667.415 97.8173362
  667.515 97.0807056
  667.615 99.9551104
  667.715 97.419953
  667.815 99.6622243
  667.915 98.5274746
  668.015 98.3354061
  668.115 98.1161095
  668.215 97.9490614
  668.315 97.7054802
  668.415 94.0458757
  668.515 97.2264127
  668.615 98.1021275
  668.715 100.110384
  668.815 99.4399841
  668.915 99.0131652
  669.015 99.8520852
  669.115 97.7923158
  669.215 96.7377786
  669.315 99.7240395
  669.415 99.8844645
  669.515 97.7709748
  669.615 99.3803766
  669.715 97.8629617
  669.815 100.306868
  669.915 97.6333625
  670.015 97.5009015
  670.115 100.886753
  670.215 100.014718
  670.315 97.4935425
  670.415 99.5378581
  670.515 98.2515141
  670.615 100.659362
  670.715 99.7851187
  670.815 97.7599364
  670.915 99.4252662
  671.015 98.1367145
  671.115 98.0682763
  671.215 98.5532309
  671.315 97.0645159
  671.415 99.2854462
  671.515 95.5103062
  671.615 99.3980381
  671.715 99.8484057
  671.815 100.22592
  671.915 100.541619
  672.015 99.0742444
  672.115 98.8991015
  672.215 98.1867554
  672.315 98.3972213
  672.415 99.6806217
  672.515 100.013246
  672.615 102.62788
  672.715 98.7372046
  672.815 99.5216684
  672.915 100.017661
  673.015 99.2501233
  673.115 95.3138223
  673.215 98.503926
  673.315 98.9675397
  673.415 99.7946854
  673.515  99.44072
  673.615 97.4125941
  673.715 99.6254296
  673.815 101.639573
  673.915 98.3538035
  674.015 97.4964861
  674.115 99.7004908
  674.215 100.352494
  674.315 99.6629602
  674.415 97.0880645
  674.515 99.0506958
  674.615 97.0365519
  674.715 97.8813591
  674.815 96.8201988
  674.915 98.3648419
  675.015 100.11112
  675.115 99.8837286
  675.215 101.653555
  675.315 101.557889
  675.415 98.4399032
  675.515 100.251676
  675.615 101.413654
  675.715 102.596973
  675.815 98.168358
  675.915 96.3919081
  676.015 99.4466072
  676.115 98.3758803
  676.215 100.298037
  676.315 98.2264937
  676.415 98.9064604
  676.515 100.027964
  676.615 99.5864272
  676.715 99.5341786
  676.815 100.113328
  676.915 101.476941
  677.015 101.284872
  677.115 99.2457079
  677.215 99.2435002
  677.315 100.404006
  677.415 97.7231417
  677.515 101.178167
  677.615 99.0587906
  677.715 101.089124
  677.815 98.1933784
  677.915 99.1654954
  678.015 97.6694214
  678.115 98.685692
  678.215 98.8004916
  678.315 99.1419467
  678.415 97.2433383
  678.515 100.326001
  678.615 98.8277197
  678.715 100.131725
  678.815 98.5760437
  678.915 100.597547
  679.015 97.7150468
  679.115 98.8851195
  679.215 99.2663129
  679.315 97.8636976
  679.415 100.675551
  679.515 97.3161919
  679.615 99.6710551
  679.715 100.693213
  679.815 97.6274754
  679.915 99.8388391
  680.015 96.0946066
  680.115 99.9565822
  680.215 99.1456262
  680.315 100.618152
  680.415 101.627799
  680.515 100.013982
  680.615 98.9712192
  680.715 98.9616525
  680.815 100.716026
  680.915 97.9924792
  681.015 99.1596082
  681.115 100.075797
  681.215 100.512919
  681.315 101.619704
  681.415 97.3448918
  681.515 100.36574
  681.615 101.700653
  681.715 101.883891
  681.815 98.9241219
  681.915 101.574815
  682.015 97.0946876
  682.115 98.5995923
  682.215 101.228944
  682.315 98.1367145
  682.415 98.4259212
  682.515 99.5731811
  682.615 97.2212615
  682.715 97.0726107
  682.815 101.725673
  682.915 99.1117751


# Stim 3 with 200 elements
#    Time   AMPLITUDE
 1116.015 119.915519
 1116.115 115.088786
 1116.215 116.960902
 1116.315 118.409879
 1116.415 117.041114
 1116.515 119.650597
 1116.615 117.483387
 1116.715 115.225662
 1116.815 115.832775
 1116.915 115.974067
 1117.015 117.490746
 1117.115 118.150844
 1117.215 118.59606
 1117.315 117.650435
 1117.415 115.612743
 1117.515 116.026316
 1117.615  117.4488
 1117.715 116.097697
 1117.815 115.118221
 1117.915 115.600233
 1118.015 113.594919
 1118.115 114.659023
 1118.215 116.799741
 1118.315 114.803259
 1118.415 113.426399
 1118.515 116.200723
 1118.615 114.756161
 1118.715 114.221166
 1118.815 119.129584
 1118.915 116.467852
 1119.015 112.964993
 1119.115 115.201378
 1119.215 115.899006
 1119.315 114.79222
 1119.415 114.509637
 1119.515 114.888622
 1119.615 113.146759
 1119.715 117.187557
 1119.815 116.048392
 1119.915 114.097535
 1120.015 114.02321
 1120.115 116.796061
 1120.215 115.185188
 1120.315 117.204483
 1120.415 114.829751
 1120.515 114.717895
 1120.615 116.495816
 1120.715 116.019693
 1120.815 116.022636
 1120.915 113.010619
 1121.015 117.125742
 1121.115 114.046759
 1121.215 115.496471
 1121.315 113.933431
 1121.415 115.617894
 1121.515 117.108081
 1121.615 115.419938
 1121.715 118.351743
 1121.815 116.497288
 1121.915 113.055509
 1122.015 115.172678
 1122.115 114.740707
 1122.215 112.669164
 1122.315 113.533104
 1122.415 111.557963
 1122.515 115.246267
 1122.615 115.769488
 1122.715 113.885598
 1122.815 120.102437
 1122.915 116.004239
 1123.015 115.829096
 1123.115 118.123616
 1123.215 116.425171
 1123.315 114.157143
 1123.415 114.732613
 1123.515 118.088293
 1123.615 113.99451
 1123.715 119.070712
 1123.815 117.314867
 1123.915 115.934329
 1124.015 115.453054
 1124.115 115.113806
 1124.215 118.517319
 1124.315 118.158203
 1124.415 115.692219
 1124.515 115.790829
 1124.615 115.512661
 1124.715 116.410453
 1124.815 116.67979
 1124.915 117.38257
 1125.015 115.297044
 1125.115 115.137355
 1125.215 116.91822
 1125.315 115.531058
 1125.415 117.857958
 1125.515 114.140953
 1125.615 117.505464
 1125.715 117.030812
 1125.815 116.420019
 1125.915 118.145692
 1126.015 114.875376
 1126.115 118.368669
 1126.215 117.468669
 1126.315 116.333184
 1126.415 116.817402
 1126.515 117.055832
 1126.615 116.565726
 1126.715 116.42885
 1126.815 118.050762
 1126.915 117.818219
 1127.015 115.368426
 1127.115 117.429667
 1127.215 118.18911
 1127.315 115.038745
 1127.415 116.249292
 1127.515 116.09181
 1127.615 116.918956
 1127.715 117.710043
 1127.815 117.825578
 1127.915 116.704075
 1128.015 115.361803
 1128.115 116.166136
 1128.215 116.928523
 1128.315 115.438336
 1128.415 116.143323
 1128.515 115.943159
 1128.615 114.848148
 1128.715 116.067526
 1128.815 117.044058
 1128.915 116.470796
 1129.015 119.860327
 1129.115 115.401541
 1129.215 116.068997
 1129.315 117.161801
 1129.415 116.495816
 1129.515 116.055015
 1129.615 119.187719
 1129.715 113.918713
 1129.815 114.938663
 1129.915 116.314786
 1130.015 115.761393
 1130.115 115.297044
 1130.215 117.821163
 1130.315 115.216095
 1130.415 116.621654
 1130.515 115.720919
 1130.615 117.083796
 1130.715 115.531794
 1130.815 114.781918
 1130.915 118.014703
 1131.015 115.870306
 1131.115 116.725416
 1131.215 116.099905
 1131.315 114.965155
 1131.415 115.311762
 1131.515 117.828522
 1131.615 116.465645
 1131.715 118.461391
 1131.815 116.355996
 1131.915 117.442177
 1132.015 115.399333
 1132.115 116.485514
 1132.215 116.573821
 1132.315 116.169815
 1132.415 115.875457
 1132.515 118.601947
 1132.615 118.437107
 1132.715 117.868996
 1132.815 118.359838
 1132.915 120.410041
 1133.015 115.341198
 1133.115 118.519527
 1133.215 116.776192
 1133.315 116.099169
 1133.415 116.05428
 1133.515 116.369978
 1133.615 116.389848
 1133.715 117.881506
 1133.815 118.609306
 1133.915 114.741443
 1134.015 118.824187
 1134.115 115.352236
 1134.215 116.829913
 1134.315 119.600556
 1134.415 116.995489
 1134.515 116.456078
 1134.615 115.763601
 1134.715 115.203585
 1134.815 115.137355
 1134.915 116.480363
 1135.015 118.24651
 1135.115 118.400312
 1135.215 117.017566
 1135.315 114.685515
 1135.415 117.293526
 1135.515 118.133182
 1135.615 117.094835
 1135.715 116.303748
 1135.815 114.952645
 1135.915 114.76352


# Stim 4 with 200 elements
#    Time   AMPLITUDE
 1492.015 131.227693
 1492.115 126.354598
 1492.215 126.633502
 1492.315 125.699652
 1492.415 129.606517
 1492.515 124.28747
 1492.615 131.212975
 1492.715 131.634643
 1492.815 127.119193
 1492.915 130.901692
 1493.015 128.488693
 1493.115 128.37095
 1493.215 127.788857
 1493.315 127.854352
 1493.415 126.879291
 1493.515 130.10251
 1493.615 127.848465
 1493.715 128.502675
 1493.815 129.392372
 1493.915 125.560568
 1494.015 125.429579
 1494.115 127.136118
 1494.215 127.437835
 1494.315 126.256724
 1494.415 127.768988
 1494.515 127.243559
 1494.615 128.170051
 1494.715 127.16997
 1494.815 125.637837
 1494.915 127.306846
 1495.015 126.122056
 1495.115 128.019928
 1495.215 128.111179
 1495.315 126.231704
 1495.415 124.832768
 1495.515 126.478229
 1495.615 125.852718
 1495.715 127.955169
 1495.815 125.966782
 1495.915 131.776671
 1496.015 127.716739
 1496.115 127.052226
 1496.215 127.982397
 1496.315 128.956722
 1496.415 123.504478
 1496.515 126.206683
 1496.615 129.741922
 1496.715 125.994746
 1496.815 125.688614
 1496.915 126.727697
 1497.015 126.33105
 1497.115 126.373732
 1497.215 127.520256
 1497.315 126.462039
 1497.415 130.132682
 1497.515 127.650509
 1497.615 127.300223
 1497.715 130.368904
 1497.815 128.652798
 1497.915 126.844704
 1498.015 127.888939
 1498.115 129.43211
 1498.215 126.994827
 1498.315 129.02516
 1498.415 127.540125
 1498.515 127.241351
 1498.615 129.233418
 1498.715 127.657868
 1498.815 124.209465
 1498.915 125.069726
 1499.015 128.554188
 1499.115 125.188205
 1499.215 127.211916
 1499.315 128.789674
 1499.415 128.755087
 1499.515 129.056068
 1499.615 128.694008
 1499.715 128.614531
 1499.815 128.135464
 1499.915 127.746175
 1500.015 129.424751
 1500.115 127.607091
 1500.215 127.191311
 1500.315 131.723686
 1500.415 127.75795
 1500.515 128.488693
 1500.615 126.806438
 1500.715 130.018618
 1500.815 127.041188
 1500.915 126.975693
 1501.015 129.075937
 1501.115 129.75296
 1501.215 125.902759
 1501.315  130.0039
 1501.415 127.542332
 1501.515 126.884442
 1501.615 128.340042
 1501.715 126.814532
 1501.815 129.360728
 1501.915 130.062772
 1502.015 130.70668
 1502.115 127.138326
 1502.215 128.232602
 1502.315 129.343803
 1502.415 125.118295
 1502.515 124.233014
 1502.615 130.911258
 1502.715 128.401857
 1502.815 127.715268
 1502.915 127.126552
 1503.015 130.092208
 1503.115 128.773484
 1503.215 129.76547
 1503.315 129.855985
 1503.415 129.23489
 1503.515 126.760076
 1503.615 128.381252
 1503.715 127.52835
 1503.815 129.159829
 1503.915 129.689673
 1504.015 133.064486
 1504.115 128.847074
 1504.215 127.636527
 1504.315 130.250425
 1504.415 125.318458
 1504.515 127.284769
 1504.615 128.765389
 1504.715 128.362119
 1504.815 129.061219
 1504.915 131.668494
 1505.015 127.361302
 1505.115 129.079616
 1505.215 132.683293
 1505.315 127.522463
 1505.415 129.869967
 1505.515 127.235464
 1505.615 129.50202
 1505.715 130.92524
 1505.815 129.647727
 1505.915 127.863182
 1506.015 129.373238
 1506.115 126.805702
 1506.215 128.179617
 1506.315 127.89409
 1506.415 129.227531
 1506.515 130.268086
 1506.615 129.568251
 1506.715 129.816983
 1506.815 127.228841
 1506.915 129.202511
 1507.015 130.842084
 1507.115 128.287794
 1507.215 128.384196
 1507.315 129.352633
 1507.415 125.216169
 1507.515 130.21363
 1507.615 128.131048
 1507.715 128.029495
 1507.815 126.801286
 1507.915 130.990735
 1508.015 129.028104
 1508.115 127.902921
 1508.215 127.62696
 1508.315 128.069233
 1508.415 130.733172
 1508.515 128.59319
 1508.615 132.321969
 1508.715 127.914695
 1508.815 132.246907
 1508.915 129.09875
 1509.015 132.424258
 1509.115 128.348873
 1509.215 130.368904
 1509.315 128.797033
 1509.415 127.565881
 1509.515 127.802103
 1509.615 130.230556
 1509.715 130.702264
 1509.815 125.651083
 1509.915 131.145273
 1510.015 128.696215
 1510.115 128.46588
 1510.215 128.797769
 1510.315 127.664491
 1510.415 127.558522
 1510.515 129.299649
 1510.615 128.417311
 1510.715 128.818374
 1510.815 130.457211
 1510.915 127.994908
 1511.015 128.42467
 1511.115 127.442987
 1511.215 129.68305
 1511.315 128.60938
 1511.415 130.806026
 1511.515 128.657949
 1511.615 127.342169
 1511.715 125.906438
 1511.815 128.026551
 1511.915 129.981088


