# τ vs min κ linear regression for data set DA_130619_E6.h5
# Using stimulation: 1, 2, 3, 4, 5
# Best fit: tau = 1.7996 + 0.00610216 kappa_Fura
# Covariance matrix:
# [ +2.71228e-02, -1.32247e-04  
#   -1.32247e-04, +7.80532e-07  ]
# Total sum of squares (TSS) = 51.3195
# chisq (Residual sum of squares, RSS) = 3.61306
# Probability of observing a larger of equal RSS per DOF under the null hypothesis: 0.306391
# R squared (1-RSS/TSS) = 0.929597
# Estimated gamma/v with standard error: 163.876 +/- 23.7262
# Estimates kappa_S with standard error (using error propagation): 293.912 +/- 50.5122
# kappa_S confidence intervals based on parametric bootstrap
# 0.95 CI for kappa_S: [188.685,481.147]
# 0.99 CI for kappa_S: [160.77,573.101]


# The data
# κ_Fura  τ   τ_SE
67.133 2.30425 0.14914
142.122 2.61376 0.110116
206.253 2.92173 0.153886
267.396 3.75184 0.218371
320.761 3.71715 0.216038


# The fitted data
# Preticted values with lower and upper bounds of 0.95 CI
# κ_Fura  τ   τ_lwr  τ_upr
-368.389 -0.448374 -1.38935 0.492603
-365.569 -0.431161 -1.3673 0.504981
-362.748 -0.413949 -1.34526 0.517361
-359.927 -0.396736 -1.32321 0.52974
-357.106 -0.379523 -1.30117 0.542121
-354.286 -0.36231 -1.27912 0.554502
-351.465 -0.345098 -1.25708 0.566883
-348.644 -0.327885 -1.23504 0.579265
-345.823 -0.310672 -1.21299 0.591648
-343.003 -0.29346 -1.19095 0.604031
-340.182 -0.276247 -1.16891 0.616415
-337.361 -0.259034 -1.14687 0.628799
-334.54 -0.241821 -1.12483 0.641184
-331.72 -0.224609 -1.10279 0.65357
-328.899 -0.207396 -1.08075 0.665956
-326.078 -0.190183 -1.05871 0.678343
-323.257 -0.172971 -1.03667 0.690731
-320.437 -0.155758 -1.01463 0.703119
-317.616 -0.138545 -0.992598 0.715508
-314.795 -0.121333 -0.970562 0.727897
-311.974 -0.10412 -0.948527 0.740288
-309.154 -0.0869071 -0.926493 0.752679
-306.333 -0.0696944 -0.904459 0.765071
-303.512 -0.0524817 -0.882427 0.777463
-300.691 -0.035269 -0.860394 0.789856
-297.871 -0.0180563 -0.838363 0.80225
-295.05 -0.000843575 -0.816332 0.814645
-292.229 0.0163691 -0.794303 0.827041
-289.408 0.0335818 -0.772274 0.839437
-286.588 0.0507946 -0.750246 0.851835
-283.767 0.0680073 -0.728218 0.864233
-280.946 0.08522 -0.706192 0.876632
-278.125 0.102433 -0.684166 0.889032
-275.305 0.119645 -0.662142 0.901432
-272.484 0.136858 -0.640118 0.913834
-269.663 0.154071 -0.618095 0.926236
-266.842 0.171284 -0.596073 0.93864
-264.021 0.188496 -0.574052 0.951044
-261.201 0.205709 -0.552032 0.96345
-258.38 0.222922 -0.530013 0.975856
-255.559 0.240134 -0.507995 0.988264
-252.738 0.257347 -0.485978 1.00067
-249.918 0.27456 -0.463962 1.01308
-247.097 0.291772 -0.441947 1.02549
-244.276 0.308985 -0.419934 1.0379
-241.455 0.326198 -0.397921 1.05032
-238.635 0.343411 -0.37591 1.06273
-235.814 0.360623 -0.353899 1.07515
-232.993 0.377836 -0.33189 1.08756
-230.172 0.395049 -0.309882 1.09998
-227.352 0.412261 -0.287875 1.1124
-224.531 0.429474 -0.26587 1.12482
-221.71 0.446687 -0.243866 1.13724
-218.889 0.4639 -0.221863 1.14966
-216.069 0.481112 -0.199862 1.16209
-213.248 0.498325 -0.177861 1.17451
-210.427 0.515538 -0.155863 1.18694
-207.606 0.53275 -0.133865 1.19937
-204.786 0.549963 -0.11187 1.2118
-201.965 0.567176 -0.0898752 1.22423
-199.144 0.584389 -0.0678824 1.23666
-196.323 0.601601 -0.0458911 1.24909
-193.503 0.618814 -0.0239014 1.26153
-190.682 0.636027 -0.0019134 1.27397
-187.861 0.653239 0.020073 1.28641
-185.04 0.670452 0.0420577 1.29885
-182.22 0.687665 0.0640406 1.31129
-179.399 0.704877 0.0860218 1.32373
-176.578 0.72209 0.108001 1.33618
-173.757 0.739303 0.129979 1.34863
-170.937 0.756516 0.151954 1.36108
-168.116 0.773728 0.173928 1.37353
-165.295 0.790941 0.195899 1.38598
-162.474 0.808154 0.217869 1.39844
-159.654 0.825366 0.239836 1.4109
-156.833 0.842579 0.261802 1.42336
-154.012 0.859792 0.283765 1.43582
-151.191 0.877005 0.305725 1.44828
-148.371 0.894217 0.327684 1.46075
-145.55 0.91143 0.34964 1.47322
-142.729 0.928643 0.371594 1.48569
-139.908 0.945855 0.393545 1.49817
-137.087 0.963068 0.415494 1.51064
-134.267 0.980281 0.43744 1.52312
-131.446 0.997494 0.459383 1.5356
-128.625 1.01471 0.481323 1.54809
-125.804 1.03192 0.503261 1.56058
-122.984 1.04913 0.525196 1.57307
-120.163 1.06634 0.547127 1.58556
-117.342 1.08356 0.569056 1.59806
-114.521 1.10077 0.590982 1.61056
-111.701 1.11798 0.612904 1.62306
-108.88 1.1352 0.634823 1.63557
-106.059 1.15241 0.656738 1.64808
-103.238 1.16962 0.67865 1.66059
-100.418 1.18683 0.700558 1.67311
-97.5969 1.20405 0.722463 1.68563
-94.7761 1.22126 0.744363 1.69815
-91.9554 1.23847 0.76626 1.71068
-89.1346 1.25568 0.788152 1.72322
-86.3139 1.2729 0.81004 1.73575
-83.4931 1.29011 0.831924 1.74829
-80.6724 1.30732 0.853804 1.76084
-77.8516 1.32454 0.875678 1.77339
-75.0309 1.34175 0.897548 1.78595
-72.2101 1.35896 0.919414 1.79851
-69.3893 1.37617 0.941273 1.81107
-66.5686 1.39339 0.963128 1.82364
-63.7478 1.4106 0.984977 1.83622
-60.9271 1.42781 1.00682 1.8488
-58.1063 1.44502 1.02866 1.86139
-55.2856 1.46224 1.05049 1.87398
-52.4648 1.47945 1.07232 1.88658
-49.6441 1.49666 1.09414 1.89919
-46.8233 1.51387 1.11595 1.9118
-44.0025 1.53109 1.13775 1.92442
-41.1818 1.5483 1.15955 1.93705
-38.361 1.56551 1.18134 1.94968
-35.5403 1.58273 1.20313 1.96232
-32.7195 1.59994 1.2249 1.97497
-29.8988 1.61715 1.24667 1.98763
-27.078 1.63436 1.26843 2.0003
-24.2573 1.65158 1.29018 2.01297
-21.4365 1.66879 1.31192 2.02566
-18.6157 1.686 1.33365 2.03835
-15.795 1.70321 1.35538 2.05105
-12.9742 1.72043 1.37709 2.06377
-10.1535 1.73764 1.39879 2.07649
-7.33272 1.75485 1.42048 2.08923
-4.51197 1.77207 1.44216 2.10198
-1.69121 1.78928 1.46382 2.11473
1.12955 1.80649 1.48548 2.12751
3.9503 1.8237 1.50712 2.14029
6.77106 1.84092 1.52874 2.15309
9.59181 1.85813 1.55036 2.1659
12.4126 1.87534 1.57195 2.17873
15.2333 1.89255 1.59354 2.19157
18.0541 1.90977 1.6151 2.20443
20.8748 1.92698 1.63665 2.21731
23.6956 1.94419 1.65818 2.2302
26.5163 1.96141 1.6797 2.24311
29.3371 1.97862 1.70119 2.25605
32.1579 1.99583 1.72266 2.269
34.9786 2.01304 1.74412 2.28197
37.7994 2.03026 1.76555 2.29497
40.6201 2.04747 1.78695 2.30799
43.4409 2.06468 1.80833 2.32103
46.2616 2.08189 1.82969 2.3341
49.0824 2.09911 1.85102 2.34719
51.9031 2.11632 1.87232 2.36032
54.7239 2.13353 1.89359 2.37347
57.5447 2.15075 1.91483 2.38666
60.3654 2.16796 1.93604 2.39987
63.1862 2.18517 1.95721 2.41313
66.0069 2.20238 1.97835 2.42642
68.8277 2.2196 1.99945 2.43974
71.6484 2.23681 2.02051 2.45311
74.4692 2.25402 2.04152 2.46652
77.2899 2.27123 2.06249 2.47998
80.1107 2.28845 2.08341 2.49348
82.9315 2.30566 2.10428 2.50703
85.7522 2.32287 2.1251 2.52064
88.573 2.34008 2.14587 2.5343
91.3937 2.3573 2.16657 2.54803
94.2145 2.37451 2.18721 2.56181
97.0352 2.39172 2.20779 2.57566
99.856 2.40894 2.22829 2.58958
102.677 2.42615 2.24873 2.60357
105.498 2.44336 2.26908 2.61764
108.318 2.46057 2.28936 2.63179
111.139 2.47779 2.30954 2.64603
113.96 2.495 2.32964 2.66036
116.781 2.51221 2.34964 2.67478
119.601 2.52942 2.36954 2.68931
122.422 2.54664 2.38934 2.70394
125.243 2.56385 2.40902 2.71868
128.064 2.58106 2.42859 2.73353
130.884 2.59828 2.44804 2.74851
133.705 2.61549 2.46735 2.76362
136.526 2.6327 2.48654 2.77886
139.347 2.64991 2.50559 2.79424
142.167 2.66713 2.52449 2.80976
144.988 2.68434 2.54324 2.82543
147.809 2.70155 2.56184 2.84126
150.63 2.71876 2.58029 2.85724
153.45 2.73598 2.59857 2.87339
156.271 2.75319 2.61668 2.8897
159.092 2.7704 2.63462 2.90618
161.913 2.78762 2.65239 2.92284
164.733 2.80483 2.66999 2.93967
167.554 2.82204 2.68741 2.95668
170.375 2.83925 2.70465 2.97386
173.196 2.85647 2.72171 2.99122
176.016 2.87368 2.7386 3.00876
178.837 2.89089 2.75531 3.02647
181.658 2.9081 2.77185 3.04435
184.479 2.92532 2.78822 3.06241
187.299 2.94253 2.80442 3.08064
190.12 2.95974 2.82046 3.09902
192.941 2.97696 2.83634 3.11757
195.762 2.99417 2.85206 3.13628
198.582 3.01138 2.86763 3.15513
201.403 3.02859 2.88306 3.17413
204.224 3.04581 2.89834 3.19327
207.045 3.06302 2.91349 3.21254
209.865 3.08023 2.92851 3.23195
212.686 3.09744 2.94341 3.25148
215.507 3.11466 2.95819 3.27112
218.328 3.13187 2.97286 3.29088
221.148 3.14908 2.98742 3.31075
223.969 3.16629 3.00187 3.33072
226.79 3.18351 3.01623 3.35078
229.611 3.20072 3.0305 3.37094
232.432 3.21793 3.04468 3.39119
235.252 3.23515 3.05878 3.41152
238.073 3.25236 3.07279 3.43192
240.894 3.26957 3.08674 3.45241
243.715 3.28678 3.10061 3.47296
246.535 3.304 3.11441 3.49358
249.356 3.32121 3.12816 3.51426
252.177 3.33842 3.14184 3.53501
254.998 3.35563 3.15546 3.55581
257.818 3.37285 3.16903 3.57666
260.639 3.39006 3.18255 3.59757
263.46 3.40727 3.19602 3.61852
266.281 3.42449 3.20945 3.63952
269.101 3.4417 3.22283 3.66057
271.922 3.45891 3.23617 3.68165
274.743 3.47612 3.24947 3.70277
277.564 3.49334 3.26274 3.72393
280.384 3.51055 3.27597 3.74513
283.205 3.52776 3.28916 3.76636
286.026 3.54497 3.30233 3.78762
288.847 3.56219 3.31546 3.80891
291.667 3.5794 3.32857 3.83023
294.488 3.59661 3.34164 3.85158
297.309 3.61383 3.35469 3.87296
300.13 3.63104 3.36772 3.89435
302.95 3.64825 3.38072 3.91578
305.771 3.66546 3.3937 3.93722
308.592 3.68268 3.40666 3.95869
311.413 3.69989 3.4196 3.98018
314.233 3.7171 3.43252 4.00168
317.054 3.73431 3.44542 4.02321
319.875 3.75153 3.4583 4.04475
322.696 3.76874 3.47117 4.06631
325.516 3.78595 3.48402 4.08789
328.337 3.80317 3.49685 4.10948
331.158 3.82038 3.50967 4.13109
333.979 3.83759 3.52247 4.15271
