# Cellular [Fura] for dataset DA_130619_E6.h5

# Loading curve with 232 elements
#    Time   AMPLITUDE
    0.021 0.724322243
   30.021 0.957668902
   60.021 2.26358104
   90.021 3.93964968
  120.021 5.9396793
  150.021  8.070004
  180.021 10.6303025
  210.021 12.4656865
  240.021 13.8645819
  270.021 14.9750515
  300.021 17.0562194
  570.021 25.8499534
  600.021 27.202061
  630.021 29.009017
  660.021 30.3587557
  690.021 31.7434371
  720.021 32.5832482
  750.021 34.3913887
  780.021 36.341077
  810.021 37.807489
  840.021 38.8415582
  990.021 44.4714905
 1020.021 45.5091133
 1050.021 47.4469566
 1080.021 48.5088615
 1110.021 48.7102267
 1140.021 50.2749522
 1170.021 50.9175439
 1200.021 52.7547047
 1230.021 53.0395771
 1410.021 59.9689069
 1440.021 61.0906291
 1470.021 61.5922652
 1500.021 62.1199603
 1530.021 62.798087
 1560.021 63.4075127
 1590.021 64.9467715
 1620.021 66.4960986
 1650.021 67.6764536
 1680.021 68.5056042
 1710.021 68.9456462
 1860.021 72.8989177
 1890.021 73.2039266
 1920.021 73.6670664
 1950.021 75.8743837
 1980.021 75.995795
 2010.021 76.0485053
 2040.021 78.4068464
 2070.021 79.5729875
 2100.021 79.3911666
 2130.021 80.8184901
 2160.021 80.8433646
 2190.021 82.4039444
 2220.021 83.6843898
 2400.021 85.6447386
 2430.021 85.8532107
 2460.021 86.7984424
 2490.021 88.058159
 2520.021 89.4683072
 2550.021 90.2832438
 2580.021 91.4446468
 2610.021 92.6066421
 2640.021 92.8180755
 2670.021 92.3602659
 2700.021 94.5859429
 2730.021 97.0153541
 2760.021 95.8770488
 2790.021 98.748871
 2820.021 98.7476865
 2850.021 100.034647
 2880.021 100.542797
 2910.021 102.147796
 2940.021 101.570944
 2970.021 103.806689
 3000.021 104.836021
 3030.021 105.589363
 3060.021 106.512682
 3090.021 107.444884
 3120.021 108.899451
 3150.021 108.839633
 3180.021 109.970832
 3210.021 111.064718
 3240.021 113.359096
 3270.021 114.248656
 3300.021 113.164246
 3330.021 113.677135
 3360.021 114.560772
 3390.021 115.269696
 3420.021 115.877937
 3450.021 117.416011
 3480.021 118.145072
 3510.021 118.645523
 3540.021 117.443255
 3570.021 119.593124
 3600.021 118.94461
 3630.021 121.071973
 3660.021 120.601726
 3690.021 122.321622
 3720.021 123.320156
 3750.021 124.52124
 3780.021 123.013962
 3810.021 125.531619
 3840.021 126.136899
 3870.021 125.932572
 3900.021 127.49256
 3930.021 127.974059
 3960.021 128.099024
 3990.021 130.558048
 4020.021 130.701373
 4050.021 130.86661
 4080.021 131.02178
 4110.021 132.112113
 4140.021 133.878204
 4170.021 135.252225
 4200.021 135.456551
 4230.021 138.159582
 4260.021 136.863146
 4290.021 138.705637
 4320.021 139.699433
 4350.021 141.000607
 4380.021 142.046521
 4410.021 142.205244
 4440.021 140.680792
 4470.021 142.549342
 4500.021 146.321385
 4530.021 144.045366
 4560.021 146.134826
 4590.021 145.152282
 4620.021 145.78066
 4650.021 146.156147
 4680.021 146.554139
 4710.021 148.082145
 4740.021 148.985327
 4770.021 148.536401
 4800.021 151.402893
 4830.021 149.351338
 4860.021 151.793186
 4890.021 151.412961
 4920.021 153.17846
 4950.021 153.167207
 4980.021 155.612017
 5010.021 155.410652
 5040.021 155.67065
 5070.021 155.513703
 5100.021 157.235375
 5130.021 155.593065
 5160.021 156.063312
 5190.021 155.643406
 5220.021 158.159878
 5250.021 157.004397
 5280.021 158.335776
 5310.021 159.355632
 5340.021 156.899569
 5370.021 157.098565
 5400.021 159.105702
 5430.021 159.094449
 5460.021 157.737603
 5490.021 159.45513
 5520.021 160.835073
 5550.021 158.747983
 5580.021 157.927716
 5610.021 160.037312
 5640.021 159.530345
 5670.021 160.924503
 5700.021 161.012156
 5730.021 160.53421
 5760.021 161.130606
 5790.021 165.160278
 5820.021 164.224522
 5850.021 165.435082
 5880.021 166.640904
 5910.021 165.807015
 5940.021 166.199085
 5970.021 170.35846
 6000.021 171.486104
 6030.021 172.730422
 6060.021 172.846504
 6090.021 175.563748
 6120.021 176.667703
 6150.021 176.747657
 6180.021 177.71421
 6210.021 177.519359
 6240.021 178.249012
 6270.021 178.035209
 6300.021 180.068405
 6330.021 178.992878
 6360.021 179.824398
 6390.021 179.11962
 6420.021 182.60146
 6450.021 181.736182
 6480.021 184.164409
 6510.021 185.260664
 6540.021 184.289966
 6570.021 184.61215
 6600.021 186.158516
 6630.021 188.725921
 6660.021 186.377648
 6690.021 190.303084
 6720.021 188.788108
 6750.021 189.899762
 6780.021 191.076563
 6810.021 191.745214
 6840.021 191.969085
 6870.021 193.62857
 6900.021 195.022135
 6930.021 193.791439
 6960.021 196.243356
 6990.021 194.100001
 7020.021 198.094138
 7050.021 196.857519
 7080.021       200
 7110.021 198.738507
 7140.021 197.275648
 7170.021 197.40239
 7200.021 199.285746
 7230.021 198.982514
 7260.021 193.469255
 7290.021 193.082515
 7320.021 196.329824
 7350.021 196.174062
 7380.021 196.960571
 7410.021 196.927405
 7440.021 195.83648
 7470.021 196.207228
 7500.021 194.787012
 7530.021 196.177616
 7560.021 195.089652
 7590.021 194.266424
 7620.021 193.423652
 7650.021 191.460934
 7680.021 193.564607
 7710.021 193.929433


# Stim 1 with 200 elements
#    Time   AMPLITUDE
  490.015 22.367521
  490.115 22.5771776
  490.215 21.8777299
  490.315 21.9079347
  490.415 22.0589585
  490.515 21.9209642
  490.615 22.0968626
  490.715 22.1175913
  490.815 21.679326
  490.915 22.1412813
  491.015 22.0731725
  491.115 22.015132
  491.215 22.1951761
  491.315 22.6304802
  491.415 21.9162262
  491.515 22.1620101
  491.615 21.6195087
  491.715 21.6254312
  491.815 22.6825982
  491.915 22.0252003
  492.015 22.0145397
  492.115 21.5804202
  492.215 20.896371
  492.315 21.0308118
  492.415 22.0423755
  492.515 21.963014
  492.615 21.2232932
  492.715 22.455174
  492.815 21.991442
  492.915 22.088571
  493.015 21.5360014
  493.115 22.4095708
  493.215 21.8137669
  493.315 21.6408297
  493.415 20.8081257
  493.515 21.3375975
  493.615 22.0121707
  493.715 21.8700306
  493.815 21.4607856
  493.915 22.3254712
  494.015 22.3598217
  494.115 20.3597921
  494.215 22.1081153
  494.315 22.2917129
  494.415  21.59878
  494.515 21.4903981
  494.615 21.6775493
  494.715 23.1090185
  494.815 21.8285731
  494.915 22.5517109
  495.015 22.4581353
  495.115 22.3687055
  495.215 21.7930381
  495.315 22.3971335
  495.415 22.6541702
  495.515 21.9079347
  495.615 22.062512
  495.715 22.0974548
  495.815 22.2851982
  495.915 21.8119901
  496.015 21.7983684
  496.115 21.9168184
  496.215 22.2769067
  496.315 22.0305305
  496.415 21.636684
  496.515 22.2763144
  496.615 22.0749493
  496.715 21.9257022
  496.815 22.1122611
  496.915 22.6435097
  497.015 21.9399162
  497.115 22.391211
  497.215 22.1329898
  497.315 22.4670191
  497.415 23.4679222
  497.515 22.7252402
  497.615 22.403056
  497.715 22.4498438
  497.815 22.0021025
  497.915 22.9544411
  498.015 23.3086069
  498.115 22.0115785
  498.215 22.4468825
  498.315 22.5866536
  498.415 22.0548128
  498.515 22.5072921
  498.615 21.8445639
  498.715 22.6198197
  498.815 21.9209642
  498.915 22.5351279
  499.015 22.5748086
  499.115 21.8570011
  499.215 22.2259731
  499.315 22.9852382
  499.415 21.9328092
  499.515 23.2748486
  499.615 22.1898459
  499.715 22.2360414
  499.815 21.4998741
  499.915 22.4208235
  500.015 22.6855595
  500.115 21.7474348
  500.215 22.9153526
  500.315 22.2697997
  500.415 22.9366736
  500.515 22.8774486
  500.615 22.7655133
  500.715 22.9307511
  500.815 22.6204119
  500.915 22.2330801
  501.015 21.7326286
  501.115 22.1643791
  501.215 22.4012793
  501.315 22.3764047
  501.415 22.7797273
  501.515 21.8078444
  501.615 21.603518
  501.715 22.9799079
  501.815 23.2701106
  501.915 21.660374
  502.015 23.2375368
  502.115 22.8934393
  502.215 22.4320763
  502.315 21.9405084
  502.415 22.4871556
  502.515 22.3900265
  502.615 22.2354491
  502.715 22.9615481
  502.815 23.122048
  502.915 22.7376775
  503.015 22.034084
  503.115 22.2212351
  503.215 22.5979064
  503.315 22.8377678
  503.415 23.3796769
  503.515 22.8810021
  503.615 22.0891633
  503.715 23.0569005
  503.815 22.7133952
  503.915 23.2067398
  504.015 23.0338027
  504.115 22.7850575
  504.215 22.5469729
  504.315 22.9473341
  504.415 22.4569508
  504.515 22.2182739
  504.615 22.4255615
  504.715 22.8176313
  504.815 22.805194
  504.915 21.9837427
  505.015 22.8401368
  505.115 23.781815
  505.215 23.077037
  505.315 22.6221887
  505.415 22.4652423
  505.515 22.8964006
  505.615 22.7797273
  505.715 22.412532
  505.815 22.2721687
  505.915 23.0415019
  506.015 23.7533869
  506.115 22.6701609
  506.215 22.6429174
  506.315 22.4995928
  506.415 23.7231822
  506.515 22.774397
  506.615 23.4477857
  506.715 22.6221887
  506.815 22.9520721
  506.915 22.5007773
  507.015 23.1824575
  507.115 22.9781312
  507.215 22.9159449
  507.315 22.6956277
  507.415 23.5555753
  507.515 22.8946238
  507.615 23.6396749
  507.715 22.8034173
  507.815 23.2102933
  507.915 22.8407291
  508.015 22.9627326
  508.115 23.2458283
  508.215 22.8661958
  508.315 22.5155836
  508.415 22.8999541
  508.515 22.8490206
  508.615 23.0645997
  508.715 23.9902871
  508.815 23.2120701
  508.915 22.7809118
  509.015 22.9550334
  509.115 22.9846459
  509.215 22.9976754
  509.315 22.4000948
  509.415 22.5292053
  509.515 22.2028754
  509.615 22.6127127
  509.715 23.6728409
  509.815 22.9354891
  509.915 23.2689261


# Stim 2 with 200 elements
#    Time   AMPLITUDE
  945.015 43.3462148
  945.115 41.7228564
  945.215 43.304165
  945.315 42.7160604
  945.415 42.6988851
  945.515 42.7077688
  945.615 42.0337879
  945.715 42.9097262
  945.815 42.6988851
  945.915 41.040584
  946.015 42.8818905
  946.115 42.2558818
  946.215 43.4303143
  946.315 43.0939161
  946.415 43.2680377
  946.515 42.4418484
  946.615 43.3627978
  946.715 42.7095456
  946.815 42.2896401
  946.915 42.916241
  947.015 42.1670442
  947.115 42.2783873
  947.215 41.4652275
  947.315 41.7649062
  947.415 42.2955626
  947.515 42.5810273
  947.615 42.5739203
  947.715 43.0429826
  947.815 42.8676765
  947.915 42.7669939
  948.015 42.0639927
  948.115 42.4773834
  948.215 41.9372511
  948.315 42.4892284
  948.415 42.7948297
  948.515 41.9633101
  948.615 42.3767009
  948.715 41.7992567
  948.815 41.8010335
  948.915 41.7216719
  949.015 42.9109107
  949.115 42.5644442
  949.215 42.1913265
  949.315 42.154607
  949.415 42.8060824
  949.515 42.2156088
  949.615 42.4578392
  949.715 43.9420187
  949.815 41.4770725
  949.915 42.7883149
  950.015 43.5049379
  950.115 43.0222538
  950.215 41.5345208
  950.315 43.2058514
  950.415 43.2277647
  950.515 42.977835
  950.615 42.6597966
  950.715 42.7030308
  950.815 42.7575179
  950.915 41.3971187
  951.015 42.3494574
  951.115 42.6722338
  951.215 41.9419891
  951.315 42.2505515
  951.415 42.9203867
  951.515 42.5798428
  951.615 43.9627474
  951.715   42.1475
  951.815 43.1253054
  951.915 43.4664416
  952.015 43.4149158
  952.115 42.5745125
  952.215 43.0465361
  952.315 42.268319
  952.415 43.0340988
  952.515 42.5679977
  952.615 42.5105495
  952.715 42.7202061
  952.815 43.5096759
  952.915 42.7906839
  953.015 42.4228964
  953.115 41.6286886
  953.215 42.5525992
  953.315 42.8670842
  953.415 43.0447593
  953.515 43.0518663
  953.615 42.7320511
  953.715 42.6917781
  953.815 42.4696842
  953.915 42.2789796
  954.015 42.9476303
  954.115 42.7681784
  954.215 41.8336072
  954.315 42.8327337
  954.415 42.5822118
  954.515 42.1753357
  954.615 41.8466368
  954.715 42.8937355
  954.815 42.9197945
  954.915 42.8670842
  955.015 42.6882246
  955.115 42.6307763
  955.215 42.1018967
  955.315 42.8593849
  955.415 42.575697
  955.515 43.5493567
  955.615 43.682613
  955.715 42.4525089
  955.815 43.7844801
  955.915 42.3595256
  956.015 43.7832956
  956.115 42.8481322
  956.215 43.7187403
  956.315 43.3124565
  956.415 42.5123262
  956.515 42.623077
  956.615 42.0355646
  956.715 42.2582508
  956.815 41.9609411
  956.915 42.611232
  957.015 42.6284073
  957.115 43.1945987
  957.215 43.1164216
  957.315 42.3684094
  957.415 42.4708687
  957.515 42.8457632
  957.615 43.0909549
  957.715 43.632864
  957.815 42.4613927
  957.915 43.5096759
  958.015 44.006574
  958.115 43.2739602
  958.215 43.4332756
  958.315 42.7036231
  958.415 43.3622055
  958.515 43.656554
  958.615 42.6864478
  958.715 43.4486741
  958.815 42.3808466
  958.915 43.4072166
  959.015 43.1762389
  959.115 43.0643036
  959.215 43.3391078
  959.315 42.5579295
  959.415 43.3029805
  959.515 42.8522779
  959.615 43.5416574
  959.715 42.996787
  959.815 42.7249441
  959.915 44.1380536
  960.015 42.6491361
  960.115 43.4125468
  960.215 43.8330446
  960.315 43.5754157
  960.415 42.5579295
  960.515 42.5389775
  960.615 42.9861265
  960.715 43.4249841
  960.815 42.7213906
  960.915 44.2286679
  961.015 43.1442574
  961.115 43.5582404
  961.215 44.4312175
  961.315 42.7865381
  961.415 41.8632198
  961.515 44.2653874
  961.615 43.3450303
  961.715 43.3130488
  961.815 42.3719629
  961.915 43.5955522
  962.015 42.4317802
  962.115 42.2665423
  962.215 42.7900917
  962.315 41.9105998
  962.415 43.3201558
  962.515 42.216201
  962.615 43.9135907
  962.715 43.4522276
  962.815 43.2022979
  962.915 42.8789292
  963.015 42.3802544
  963.115 43.4646649
  963.215 43.1294511
  963.315 42.5608907
  963.415 44.1801033
  963.515 42.7344201
  963.615 43.3604288
  963.715 43.7678971
  963.815 42.7829846
  963.915 43.8644339
  964.015 43.8904929
  964.115 42.8635307
  964.215 42.0894594
  964.315 43.9503102
  964.415 43.2644842
  964.515 42.4969277
  964.615 42.7397504
  964.715 41.9727861
  964.815 43.0992464
  964.915 42.4276344


# Stim 3 with 200 elements
#    Time   AMPLITUDE
 1355.015 57.916167
 1355.115 58.5919247
 1355.215 57.3239166
 1355.315 57.8379899
 1355.415 58.6357512
 1355.515 56.880321
 1355.615 55.6638387
 1355.715 57.5051452
 1355.815 57.0882009
 1355.915 57.5584477
 1356.015 57.5466027
 1356.115 57.6834125
 1356.215 57.9297887
 1356.315 58.2259139
 1356.415 57.7515213
 1356.515 57.4879699
 1356.615 57.1278817
 1356.715 57.1438724
 1356.815 57.1859222
 1356.915 58.1453679
 1357.015 56.1198715
 1357.115 57.8610877
 1357.215 56.7512104
 1357.315 56.1986408
 1357.415 56.3289359
 1357.515  57.67749
 1357.615 57.3926176
 1357.715 57.1734849
 1357.815 56.7523949
 1357.915 56.5249708
 1358.015 56.8696605
 1358.115 57.8379899
 1358.215 57.306149
 1358.315 57.1278817
 1358.415 56.8246495
 1358.515 56.2939931
 1358.615 57.5797687
 1358.715 56.6280223
 1358.815 58.3194895
 1358.915 56.4171812
 1359.015 56.1885725
 1359.115 57.0822784
 1359.215 57.1794075
 1359.315 55.9647019
 1359.415 57.0242378
 1359.515 57.5347577
 1359.615 56.9354003
 1359.715 57.3558981
 1359.815 56.6440131
 1359.915 57.2889738
 1360.015 56.5741275
 1360.115 57.1740772
 1360.215 57.6271488
 1360.315 57.8729327
 1360.415 57.8901079
 1360.515 56.9733043
 1360.615 58.7287345
 1360.715 56.6546736
 1360.815 57.6058277
 1360.915 56.8743985
 1361.015 58.2282829
 1361.115 58.2839545
 1361.215 57.5815455
 1361.315 57.2664683
 1361.415 57.9653237
 1361.515 58.0529768
 1361.615 57.0425976
 1361.715 57.991975
 1361.815 57.3718888
 1361.915 57.1545329
 1362.015 57.4003169
 1362.115 59.1308725
 1362.215 57.3399073
 1362.315 57.5359422
 1362.415 57.2676528
 1362.515 58.9419447
 1362.615 57.3274701
 1362.715 57.2149425
 1362.815 57.7159863
 1362.915 56.5125335
 1363.015 57.4636876
 1363.115 57.4376286
 1363.215 56.5883416
 1363.315 58.5024949
 1363.415 57.9078754
 1363.515 57.3612283
 1363.615 57.916167
 1363.715 57.3784036
 1363.815 57.0651031
 1363.915 57.7414531
 1364.015 57.8403589
 1364.115 58.9875479
 1364.215 57.2741675
 1364.315 56.8009594
 1364.415 57.5217282
 1364.515 58.2448659
 1364.615 57.6940731
 1364.715 57.6028665
 1364.815 58.375161
 1364.915 57.8533884
 1365.015 57.1456492
 1365.115 56.3982292
 1365.215 57.9546632
 1365.315 56.7979982
 1365.415 57.7527058
 1365.515 57.5323887
 1365.615 56.8856513
 1365.715 57.599313
 1365.815 56.868476
 1365.915 58.5066406
 1366.015  57.67749
 1366.115 56.9673818
 1366.215 57.5649625
 1366.315 56.4598232
 1366.415 58.2881002
 1366.515 57.3825493
 1366.615 57.2717985
 1366.715 56.9010498
 1366.815 58.675432
 1366.915 57.1278817
 1367.015 56.0020137
 1367.115 59.5484091
 1367.215 57.5797687
 1367.315 58.8750204
 1367.415 57.0704334
 1367.515 56.1773198
 1367.615 56.9152638
 1367.715 58.9188469
 1367.815 58.0624528
 1367.915 57.8285139
 1368.015 57.8456892
 1368.115 56.4479782
 1368.215 57.0686566
 1368.315 57.0799094
 1368.415 57.573254
 1368.515 56.9496143
 1368.615 56.8986808
 1368.715 57.4702024
 1368.815 56.8572232
 1368.915 58.1820874
 1369.015 58.318305
 1369.115 56.7310739
 1369.215 57.3683353
 1369.315 58.7542013
 1369.415 58.0446853
 1369.515 58.1933401
 1369.615 57.0840551
 1369.715 57.9813145
 1369.815 58.4930188
 1369.915 57.9286042
 1370.015 57.2978575
 1370.115 57.9309732
 1370.215 57.6478775
 1370.315 57.3991324
 1370.415 57.6034587
 1370.515 57.8681947
 1370.615 57.7112483
 1370.715 58.0304713
 1370.815 57.554302
 1370.915 58.4823583
 1371.015 58.0304713
 1371.115 58.1619509
 1371.215 57.6496543
 1371.315 57.5981285
 1371.415 57.0905699
 1371.515 59.2623521
 1371.615 58.1204933
 1371.715 56.7855609
 1371.815 58.0316558
 1371.915 57.2640993
 1372.015 57.6117502
 1372.115 58.2608567
 1372.215 57.0621419
 1372.315 57.5229127
 1372.415 57.7580361
 1372.515 58.4651831
 1372.615 57.4749404
 1372.715 57.9605857
 1372.815 58.5090096
 1372.915 57.6614993
 1373.015 58.363316
 1373.115 57.8480582
 1373.215 56.3887532
 1373.315 58.4462311
 1373.415 58.296984
 1373.515 56.8974963
 1373.615 56.6274301
 1373.715 57.1166289
 1373.815 58.0363938
 1373.915 58.2537497
 1374.015 56.1856113
 1374.115 57.620634
 1374.215 57.5957595
 1374.315 57.0177231
 1374.415 56.9768578
 1374.515 57.6129347
 1374.615 56.4290262
 1374.715 57.237448
 1374.815 56.9667896
 1374.915 58.2087387


# Stim 4 with 200 elements
#    Time   AMPLITUDE
 1830.015 71.1411185
 1830.115 71.9755993
 1830.215 70.868091
 1830.315 72.0135033
 1830.415 71.258384
 1830.515 72.0194258
 1830.615 71.5248967
 1830.715 71.4259909
 1830.815 71.3543286
 1830.915 71.2909578
 1831.015 71.5876753
 1831.115 72.3025215
 1831.215  71.59419
 1831.315 72.0851656
 1831.415 72.0739129
 1831.515 70.813604
 1831.615 71.4698174
 1831.715 72.2296747
 1831.815 70.2947926
 1831.915 71.5290425
 1832.015 69.5728394
 1832.115 71.4603414
 1832.215 70.9160633
 1832.315 71.4680407
 1832.415 70.6833089
 1832.515 70.6104621
 1832.615 70.3190749
 1832.715 70.9510061
 1832.815 70.9125098
 1832.915 69.7511068
 1833.015 71.1689542
 1833.115 71.1648085
 1833.215 70.7383882
 1833.315 70.9675891
 1833.415 69.8725181
 1833.515 70.6685026
 1833.615 71.2121885
 1833.715 70.0223575
 1833.815 70.7146982
 1833.915 70.1846341
 1834.015 69.9512874
 1834.115 70.7644472
 1834.215 70.5749271
 1834.315 71.5953745
 1834.415 70.9225781
 1834.515 70.2859089
 1834.615 71.3643969
 1834.715 70.6146079
 1834.815 70.6412591
 1834.915 71.0807089
 1835.015 70.8047202
 1835.115 71.6711826
 1835.215 70.492012
 1835.315 69.4988081
 1835.415 70.156206
 1835.515 71.2684523
 1835.615 70.9048106
 1835.715 70.2450436
 1835.815 72.6241135
 1835.915 71.6522306
 1836.015 70.6033551
 1836.115 70.7366114
 1836.215 71.3330076
 1836.315 70.782807
 1836.415 70.7958365
 1836.515 70.9409378
 1836.615 69.5532951
 1836.715 71.9459868
 1836.815 70.7395727
 1836.915 71.2702291
 1837.015 73.0221057
 1837.115 71.8222064
 1837.215 72.4055731
 1837.315 70.9652201
 1837.415 71.1505945
 1837.515 71.1405262
 1837.615 70.5328773
 1837.715 72.0839811
 1837.815 70.5500526
 1837.915 70.9237626
 1838.015 70.794652
 1838.115 70.7982055
 1838.215 71.9501325
 1838.315 71.1020299
 1838.415 71.8026622
 1838.515 71.0031241
 1838.615 70.3125602
 1838.715 69.5746161
 1838.815 70.1763426
 1838.915 70.390145
 1839.015 71.9222967
 1839.115 71.6551918
 1839.215 70.8124195
 1839.315 69.8446823
 1839.415 70.879936
 1839.515 70.7164749
 1839.615 70.7745155
 1839.715 71.518382
 1839.815 72.3244348
 1839.915 71.7381069
 1840.015 72.0152801
 1840.115 72.0229793
 1840.215 71.3347843
 1840.315 71.4638949
 1840.415 71.4692252
 1840.515 71.3099098
 1840.615 70.6525119
 1840.715 71.4739632
 1840.815 70.4594383
 1840.915 71.1434875
 1841.015 71.6403856
 1841.115 70.2876856
 1841.215 70.8544693
 1841.315 71.6534151
 1841.415 71.3857179
 1841.515 71.3199781
 1841.615 71.3318231
 1841.715 71.0510964
 1841.815 71.2862198
 1841.915 71.6285405
 1842.015 70.5962481
 1842.115 70.6933772
 1842.215 72.9231999
 1842.315 70.7342424
 1842.415 71.0949229
 1842.515 71.158886
 1842.615 71.2678601
 1842.715 70.1775271
 1842.815 71.3525519
 1842.915 70.5346541
 1843.015 70.5897333
 1843.115 72.2006544
 1843.215 71.9057137
 1843.315 72.1716342
 1843.415 70.0176194
 1843.515 71.2317328
 1843.615 71.494692
 1843.715 71.7315921
 1843.815 71.6486771
 1843.915 71.3495906
 1844.015 72.289492
 1844.115 70.6892314
 1844.215 72.2699477
 1844.315 71.7973319
 1844.415 71.953686
 1844.515 73.3389597
 1844.615 70.9356076
 1844.715 71.3898636
 1844.815 71.1458565
 1844.915 71.3981551
 1845.015 71.6617066
 1845.115 72.731903
 1845.215 71.5142362
 1845.315 71.7665349
 1845.415 71.3039873
 1845.515 71.3270851
 1845.615 70.3457262
 1845.715 70.7597092
 1845.815 70.3048609
 1845.915 70.9658123
 1846.015 71.5734613
 1846.115 71.854188
 1846.215 70.8615763
 1846.315 71.2080428
 1846.415 70.9249471
 1846.515 71.4544189
 1846.615 71.6699981
 1846.715 71.7073099
 1846.815 71.4123691
 1846.915 71.7108634
 1847.015 71.5408875
 1847.115 70.1787116
 1847.215 70.3765232
 1847.315 71.8553725
 1847.415 71.4325057
 1847.515 69.9287819
 1847.615 71.2956958
 1847.715 72.3196968
 1847.815 72.1396526
 1847.915 70.815973
 1848.015 71.5047602
 1848.115 71.0818934
 1848.215 72.0484461
 1848.315 70.1455455
 1848.415 70.3688239
 1848.515 72.2077614
 1848.615 70.7218052
 1848.715 70.2029938
 1848.815 71.511275
 1848.915 71.7908172
 1849.015 71.6723671
 1849.115 70.0128814
 1849.215 70.7170672
 1849.315 71.4479042
 1849.415 70.2059551
 1849.515 72.315551
 1849.615 71.3110943
 1849.715 72.5601504
 1849.815 71.6575608
 1849.915 71.1790225


# Stim 5 with 200 elements
#    Time   AMPLITUDE
 2350.015 84.9867484
 2350.115 85.3752647
 2350.215 84.8985031
 2350.315 85.0205067
 2350.415 84.2488044
 2350.515 83.3604288
 2350.615 84.8019663
 2350.715 84.9180474
 2350.815 85.4700247
 2350.915 84.2831549
 2351.015 85.0714402
 2351.115 85.2295711
 2351.215 85.144287
 2351.315 84.5579591
 2351.415 85.0270214
 2351.515 83.9426109
 2351.615 84.8404625
 2351.715 84.6941767
 2351.815 84.3169132
 2351.915 85.0915767
 2352.015 84.7640622
 2352.115 83.5807459
 2352.215 84.0723138
 2352.315 83.7933638
 2352.415 84.0486238
 2352.515 83.3195635
 2352.615 84.7101675
 2352.715 81.8152475
 2352.815 84.0243415
 2352.915 85.7507514
 2353.015 84.1570056
 2353.115 84.0948193
 2353.215 83.3699048
 2353.315 84.7693925
 2353.415 84.1493063
 2353.515 84.6556804
 2353.615 82.9387465
 2353.715 82.3897304
 2353.815 84.5135403
 2353.915 83.7572366
 2354.015 83.2236189
 2354.115 84.2742712
 2354.215 83.680244
 2354.315 84.2873007
 2354.415 85.830113
 2354.515 83.0406136
 2354.615 84.7889368
 2354.715 84.1528598
 2354.815 84.1617436
 2354.915 83.637602
 2355.015 83.4806556
 2355.115 82.9239402
 2355.215 84.1919484
 2355.315 84.5632894
 2355.415 85.1744918
 2355.515 84.3678467
 2355.615 84.3009224
 2355.715 85.4048772
 2355.815 83.6263492
 2355.915 83.0589733
 2356.015 84.9097558
 2356.115 86.5183079
 2356.215 84.6035624
 2356.315 84.6852929
 2356.415 83.7045263
 2356.515 84.7409645
 2356.615 84.2020166
 2356.715 84.3127674
 2356.815 83.8745021
 2356.915 84.2209686
 2357.015 84.0758673
 2357.115 82.7977909
 2357.215 84.6414664
 2357.315 83.7483528
 2357.415 84.1226551
 2357.515 83.7542753
 2357.615 84.9772724
 2357.715 84.9038333
 2357.815 83.7909948
 2357.915 84.6438354
 2358.015 84.1244318
 2358.115 84.0213802
 2358.215 84.8694828
 2358.315 85.1644235
 2358.415 84.6000089
 2358.515 84.1652971
 2358.615 84.7930825
 2358.715 84.9464754
 2358.815 84.827433
 2358.915 84.7486637
 2359.015 84.6989147
 2359.115 84.2938154
 2359.215 85.1662003
 2359.315 83.9763692
 2359.415 85.2656983
 2359.515 84.6882542
 2359.615 84.0000592
 2359.715 84.756363
 2359.815 84.7551785
 2359.915 84.9192319
 2360.015 83.7400613
 2360.115 84.1439761
 2360.215 84.6154074
 2360.315 84.8653371
 2360.415  84.34238
 2360.515 84.4590533
 2360.615 84.5976399
 2360.715 84.5123558
 2360.815 85.9929818
 2360.915 85.6020966
 2361.015 84.0616533
 2361.115 84.4578688
 2361.215 84.056323
 2361.315 84.5413761
 2361.415  84.36607
 2361.515 85.4866077
 2361.615 85.4747627
 2361.715 84.8576378
 2361.815 84.0746828
 2361.915 85.4167222
 2362.015 84.0284872
 2362.115  84.83454
 2362.215 84.6645642
 2362.315 84.7048372
 2362.415 85.3438754
 2362.515 85.1667925
 2362.615 84.3956825
 2362.715 85.1863368
 2362.815 83.5730467
 2362.915 83.4095856
 2363.015 86.1949392
 2363.115 84.2997379
 2363.215 85.2206873
 2363.315 83.3438458
 2363.415 84.6088926
 2363.515 84.9926709
 2363.615 84.6621952
 2363.715 83.9917677
 2363.815 84.7628777
 2363.915 84.8600068
 2364.015 84.7344497
 2364.115 84.1534521
 2364.215 83.647078
 2364.315 84.0598765
 2364.415 84.0954115
 2364.515 83.0329143
 2364.615 84.749256
 2364.715 84.5407838
 2364.815 85.7152164
 2364.915 84.7166822
 2365.015 84.9985934
 2365.115 83.7951406
 2365.215 84.2037934
 2365.315 84.5011031
 2365.415 83.9153674
 2365.515 84.6349517
 2365.615 84.6841084
 2365.715 84.5141326
 2365.815 85.1330342
 2365.915 84.058692
 2366.015 84.1410148
 2366.115 84.2671642
 2366.215 85.4131687
 2366.315 83.4007018
 2366.415 86.5360755
 2366.515 85.1152667
 2366.615 86.1019559
 2366.715 84.3666622
 2366.815 83.8460741
 2366.915 84.2428819
 2367.015 84.5242008
 2367.115 83.999467
 2367.215 84.0859355
 2367.315 84.9050178
 2367.415 84.9701654
 2367.515 85.3805949
 2367.615  84.46083
 2367.715 84.9547669
 2367.815 83.2360562
 2367.915 83.6488547
 2368.015 83.8135003
 2368.115 83.8934542
 2368.215 84.2209686
 2368.315 83.9437954
 2368.415 83.9331349
 2368.515 84.1937251
 2368.615 84.6225144
 2368.715 84.8256563
 2368.815 83.7850723
 2368.915 84.8908038
 2369.015 84.444247
 2369.115 84.8138113
 2369.215 84.9903019
 2369.315 83.8768711
 2369.415 84.6781859
 2369.515 83.0299531
 2369.615 84.3269814
 2369.715 84.7474792
 2369.815 84.2630184
 2369.915 84.7652467


