# Data from DA_130619_E6.h5 stim 4
# Ratiometric estimator
# Ratiometric estimator:
#    Time    Ca (est)    Ca (se)
 1830.015 0.0393686049 0.00186923661
 1830.115 0.0370878149 0.00183911056
 1830.215 0.0369040703 0.00185418474
 1830.315 0.0409809226 0.00192787095
 1830.415 0.037488739 0.00186627325
 1830.515 0.0419297389 0.00192400417
 1830.615 0.0400313904 0.00187682606
 1830.715 0.0417790711 0.00191933616
 1830.815 0.0372255914 0.0018530667
 1830.915 0.0381144664 0.00185684149
 1831.015 0.0380615098 0.00188009971
 1831.115 0.0395870703 0.00190680795
 1831.215 0.0402219365 0.00189802904
 1831.315 0.0347143663 0.00180093354
 1831.415 0.0416644492 0.00192919589
 1831.515 0.0384042518 0.00189874695
 1831.615 0.0454867381 0.00197816103
 1831.715 0.0512577605 0.00209005343
 1831.815 0.0617131204 0.00229551768
 1831.915 0.0751060546 0.00253661288
 1832.015 0.0809719122 0.0026807518
 1832.115 0.0831978766 0.00274045037
 1832.215 0.0826081731 0.00268029174
 1832.315 0.0825165896 0.00267307551
 1832.415 0.0852209631 0.00275319909
 1832.515 0.0870227116 0.00279634906
 1832.615 0.0861272178 0.00280614662
 1832.715 0.0822966277 0.00270327215
 1832.815 0.0894440297 0.0028295862
 1832.915 0.0872038337 0.00274790923
 1833.015 0.0816006666 0.0026659794
 1833.115 0.0824276616 0.00268997274
 1833.215 0.079574159 0.00259558214
 1833.315 0.0792970461 0.00264169111
 1833.415 0.0750693107 0.00255863663
 1833.515 0.0734733887 0.00248240742
 1833.615 0.0774056246 0.00260870227
 1833.715 0.0753182912 0.00253573168
 1833.815 0.0751495023 0.00252170657
 1833.915 0.0726840717 0.0024982859
 1834.015 0.0722747224 0.0024928619
 1834.115 0.0702113454 0.00244344938
 1834.215 0.0670502149 0.00243352719
 1834.315 0.0743139746 0.00249030618
 1834.415 0.0678580684 0.00240374019
 1834.515 0.0719087305 0.00247848914
 1834.615 0.0729632597 0.00251415743
 1834.715 0.0697681311 0.0023961805
 1834.815 0.0625878826 0.00228574397
 1834.915 0.0652588401 0.0023181437
 1835.015 0.0650862054 0.00234666113
 1835.115 0.0657690556 0.00230737148
 1835.215 0.0596073421 0.00224099006
 1835.315 0.0625055387 0.00226950743
 1835.415 0.0597116699 0.00228053523
 1835.515 0.0621717615 0.00228373123
 1835.615 0.0590847026 0.00222595789
 1835.715 0.0609081652 0.0022523724
 1835.815 0.0601522202 0.00223711284
 1835.915 0.0565735797 0.00222829717
 1836.015 0.0556953678 0.00220561809
 1836.115 0.0581765174 0.00220095497
 1836.215 0.0620400395 0.00229553641
 1836.315 0.0566586721 0.00220046657
 1836.415 0.0549494059 0.00212864239
 1836.515 0.0537625679 0.00216070879
 1836.615 0.0581796727 0.00222605142
 1836.715 0.0604942333 0.00224542436
 1836.815 0.0576084233 0.0021689517
 1836.915 0.0544518962 0.00215056727
 1837.015 0.054594909 0.00217073184
 1837.115 0.0542848806 0.00215496775
 1837.215 0.0571157498 0.00222421989
 1837.315 0.0519799943 0.00211068005
 1837.415 0.0523082479 0.0021327145
 1837.515 0.0484108715 0.00202412686
 1837.615 0.0531950976 0.00214412112
 1837.715 0.0526368262 0.00211134976
 1837.815 0.0559630675 0.0021465099
 1837.915 0.0501825836 0.00207807169
 1838.015 0.0510912457 0.00210023351
 1838.115 0.0515991954 0.00212417648
 1838.215 0.0498573187 0.00207365783
 1838.315 0.0486634968 0.00205207618
 1838.415 0.0490135944 0.00204620632
 1838.515 0.0503790736 0.00210185601
 1838.615 0.0518374331 0.00208479894
 1838.715 0.0499099883 0.00208029334
 1838.815 0.0455474427 0.0019930704
 1838.915 0.0502362509 0.00208257405
 1839.015 0.0460569951 0.00198621442
 1839.115 0.0467620649 0.00199868577
 1839.215 0.048911722 0.0020531944
 1839.315 0.0486216128 0.00205276696
 1839.415 0.048965288 0.00201957861
 1839.515 0.0456267604 0.00199458807
 1839.615 0.0515951097 0.00206202752
 1839.715 0.0472692694 0.00204686245
 1839.815 0.0451182198 0.00197760947
 1839.915 0.0456687135 0.00199337933
 1840.015 0.0457840782 0.00198791504
 1840.115 0.0434114848 0.00193953291
 1840.215 0.0429517038 0.0019468214
 1840.315 0.0430467017 0.00194019433
 1840.415 0.0466063667 0.00202407119
 1840.515 0.0445371007 0.00198020657
 1840.615 0.0469372562 0.00202091777
 1840.715 0.0462962335 0.00200012603
 1840.815 0.0441942413 0.00196172583
 1840.915 0.046195307 0.00203124238
 1841.015 0.0425078219 0.00194358876
 1841.115 0.0416788207 0.00194446787
 1841.215 0.0428873165 0.00198637081
 1841.315 0.0406306019 0.00190544261
 1841.415 0.0433113773 0.00195162265
 1841.515 0.042007597 0.00192755973
 1841.615 0.0445338874 0.00197536932
 1841.715 0.0421016065 0.00196954859
 1841.815 0.0427875856 0.00193764902
 1841.915 0.0420856092 0.00193787422
 1842.015 0.042350422 0.00191994407
 1842.115 0.039775647 0.00192065617
 1842.215 0.0447342587 0.00200152191
 1842.315 0.040772841 0.00189603988
 1842.415 0.0411100958 0.00189865846
 1842.515 0.04171827 0.00194030898
 1842.615 0.0414194941 0.0019559794
 1842.715 0.0434683927 0.00195507181
 1842.815 0.0413381141 0.00193924031
 1842.915 0.0393938278 0.00184266462
 1843.015 0.0396104725 0.00191565085
 1843.115 0.0377775234 0.00184669503
 1843.215 0.0462190569 0.00198991911
 1843.315 0.039058079 0.00190252031
 1843.415 0.0418525511 0.00195873118
 1843.515 0.0408577836 0.0019154136
 1843.615 0.0438012411 0.00193843754
 1843.715 0.0409463728 0.00190453092
 1843.815 0.0446271516 0.00195237451
 1843.915 0.0419096857 0.00192755948
 1844.015 0.0429728647 0.00193233107
 1844.115 0.0416239053 0.00192696709
 1844.215 0.0417168947 0.00191800238
 1844.315 0.0381940086 0.0018384843
 1844.415 0.0421042303 0.00193469941
 1844.515 0.0375949371 0.00185210585
 1844.615 0.0428452829 0.00196355395
 1844.715 0.0454152255 0.00197540488
 1844.815 0.0406553091 0.00191498786
 1844.915 0.0398242699 0.00193509839
 1845.015 0.0427797616 0.00194243729
 1845.115 0.0427221985 0.00192327059
 1845.215 0.0413792158 0.0018991969
 1845.315 0.0383060889 0.00187200714
 1845.415 0.0436870154 0.00195281474
 1845.515 0.0408002551 0.00186640194
 1845.615 0.0423094515 0.00192432192
 1845.715 0.0452999925 0.00197241367
 1845.815 0.038765831 0.00191022876
 1845.915 0.042010799 0.001924062
 1846.015 0.0401062328 0.00191828488
 1846.115 0.0415618936 0.00189791316
 1846.215 0.0419407271 0.00190072646
 1846.315 0.0363323935 0.00185820264
 1846.415 0.0403165576 0.0019080619
 1846.515 0.0396685155 0.00190312595
 1846.615 0.0382450869 0.00187015843
 1846.715 0.03939076 0.00188993551
 1846.815 0.0383779162 0.00187780107
 1846.915 0.0374382995 0.00186946669
 1847.015 0.0397698967 0.00190772836
 1847.115 0.0413944484 0.00191662343
 1847.215 0.039776151 0.00189388436
 1847.315 0.0400719279 0.00188970726
 1847.415 0.0415425485 0.0019315029
 1847.515 0.0381061982 0.00186689682
 1847.615 0.0425764584 0.00193680599
 1847.715 0.0413704195 0.0019256055
 1847.815 0.0421848092 0.00194096326
 1847.915 0.0401732929 0.00189476106
 1848.015 0.0435457016 0.00195312737
 1848.115 0.0378976525 0.00185823192
 1848.215 0.0392453435 0.00188622617
 1848.315 0.0372272688 0.00188101738
 1848.415 0.0399548091 0.00191039522
 1848.515 0.0426694857 0.00192768843
 1848.615 0.0405094262 0.00190935503
 1848.715 0.0419180728 0.00190452127
 1848.815 0.0406356155 0.00191544839
 1848.915 0.0393233205 0.00186693724
 1849.015 0.0408231634 0.00191894662
 1849.115 0.0412953445 0.00192537878
 1849.215 0.0375574204 0.00186378302
 1849.315 0.0405039537 0.00192103633
 1849.415 0.041191268 0.00192284906
 1849.515 0.0404016384 0.0018924074
 1849.615 0.0414414356 0.00192971061
 1849.715 0.0393445453 0.00187410204
 1849.815 0.0384253922 0.0018794223
 1849.915 0.0410047405 0.00193481244


