# Data from DA_130619_E6.h5 stim 1
# Ratiometric estimator
# Ratiometric estimator:
#    Time    Ca (est)    Ca (se)
  490.015 0.0583843542 0.0052341864
  490.115 0.0589703152 0.00530508277
  490.215 0.0603055384 0.00527158674
  490.315 0.0597865842 0.00546713927
  490.415 0.061455124 0.00522059319
  490.515 0.0443191915 0.00473315717
  490.615 0.0662691334 0.00543916414
  490.715 0.0550235017 0.00518284175
  490.815 0.0635471827 0.00544889126
  490.915 0.0554393997 0.0051536451
  491.015 0.0592788329 0.00544400099
  491.115 0.0611313981 0.00523751253
  491.215 0.0582205873 0.00524551106
  491.315 0.0620104979 0.00537606852
  491.415 0.0612105065 0.00525354608
  491.515 0.0605760091 0.00542473812
  491.615 0.0879409555 0.00663819496
  491.715 0.121863364 0.00813550675
  491.815 0.13744412 0.00878736953
  491.915 0.164926966 0.0106394393
  492.015 0.184773362 0.0117765392
  492.115 0.196092788 0.0125889943
  492.215 0.181898215 0.0119787867
  492.315 0.168079811 0.0107581322
  492.415 0.16086428 0.0104972637
  492.515 0.17064722 0.0110192564
  492.615 0.143539848 0.00939348925
  492.715 0.135424669 0.00888788738
  492.815 0.132386509 0.00889024184
  492.915 0.126167004 0.00841332779
  493.015 0.113603377 0.00773446407
  493.115 0.122584726 0.0083603154
  493.215 0.116559153 0.00781537394
  493.315 0.115023105 0.00783467188
  493.415 0.111367838 0.00777593662
  493.515 0.100652618 0.0071084164
  493.615 0.106237611 0.00732213623
  493.715 0.104508688 0.00723695749
  493.815 0.0898969484 0.00655778367
  493.915 0.0996976978 0.00727265914
  494.015 0.0991866462 0.0072389352
  494.115 0.100619139 0.00693940154
  494.215 0.0923347272 0.00682496884
  494.315 0.106934664 0.00740692007
  494.415 0.0943039229 0.00685827321
  494.515 0.0878733746 0.00663303716
  494.615 0.0895189674 0.00666113152
  494.715 0.0937426823 0.00663464599
  494.815 0.0911953099 0.00663354105
  494.915 0.0732862704 0.00586461983
  495.015 0.0780636919 0.00610557641
  495.115 0.0878910768 0.0064074893
  495.215 0.0744479229 0.00589055002
  495.315 0.079294702 0.00609499229
  495.415 0.0770760321 0.00600274684
  495.515 0.0822489939 0.00607804804
  495.615 0.0772447924 0.00610639242
  495.715 0.0743756411 0.00577530919
  495.815 0.0819509815 0.0061282464
  495.915 0.0735411333 0.00604471872
  496.015 0.079312738 0.0061721728
  496.115 0.0640310686 0.00540512639
  496.215 0.0798525481 0.00615655443
  496.315 0.0694105491 0.00556473372
  496.415 0.0668381587 0.00546239208
  496.515 0.068832067 0.00562172122
  496.615 0.0716321377 0.00564991964
  496.715 0.0689086063 0.00556341356
  496.815 0.0613311897 0.00534108632
  496.915 0.0717467971 0.0056878
  497.015 0.0626139129 0.00540708661
  497.115 0.0666424654 0.00554757373
  497.215 0.0642741499 0.00554869205
  497.315 0.0718304471 0.00575423819
  497.415 0.0676273279 0.00555950835
  497.515 0.0637487463 0.00525785228
  497.615 0.0703607482 0.00564203791
  497.715 0.0709046409 0.00573690032
  497.815 0.0637541812 0.00536164521
  497.915 0.0535858007 0.00491713189
  498.015 0.0640522316 0.0054465877
  498.115 0.0595903055 0.00532033843
  498.215 0.0635061616 0.00542009299
  498.315 0.060022989 0.00521865593
  498.415 0.0602373436 0.00519300944
  498.515 0.0582077328 0.00520647389
  498.615 0.0570137468 0.0051942644
  498.715 0.0601054205 0.00522955151
  498.815 0.064523187 0.00558261966
  498.915 0.0677612957 0.00549398192
  499.015 0.0651620712 0.00539026312
  499.115 0.0564515515 0.00507635487
  499.215 0.050442664 0.00486318221
  499.315 0.0545135668 0.00508393893
  499.415 0.071775756 0.00562450083
  499.515 0.0615028499 0.00538526032
  499.615 0.057899078 0.0050865031
  499.715 0.0564991172 0.00517720804
  499.815 0.067069804 0.00546992592
  499.915 0.064042464 0.00537776961
  500.015 0.0704245601 0.00555313696
  500.115 0.0595205059 0.00507999321
  500.215 0.0646322316 0.00528883708
  500.315 0.0624371914 0.00527434474
  500.415 0.0505172466 0.00491234887
  500.515 0.046907629 0.00481637984
  500.615 0.0707679523 0.00570477375
  500.715 0.0510256543 0.0048480423
  500.815 0.0584053887 0.00509706359
  500.915 0.0609473246 0.00543429924
  501.015 0.0554639969 0.00501349893
  501.115 0.0541645506 0.00491071206
  501.215 0.0620468284 0.00549332217
  501.315 0.0611264821 0.00510019624
  501.415 0.0554656549 0.00497652543
  501.515 0.0571513194 0.00496641468
  501.615 0.0626174231 0.00525186842
  501.715 0.0582207691 0.00524723514
  501.815 0.0602677858 0.00515517557
  501.915 0.0643256683 0.00538690897
  502.015 0.0641794982 0.00536127916
  502.115 0.0581358311 0.0050704223
  502.215 0.0575201959 0.00516557991
  502.315 0.0590090699 0.00507807994
  502.415 0.0592979016 0.00512193761
  502.515 0.0618258539 0.00524198736
  502.615 0.0592442292 0.00534198231
  502.715 0.0643113016 0.00531901718
  502.815 0.0729307028 0.00561564674
  502.915 0.0550067724 0.00482978989
  503.015 0.0631519064 0.00533463558
  503.115 0.0594437731 0.00518433837
  503.215 0.0568609146 0.00521057268
  503.315 0.0614661608 0.00531816825
  503.415 0.0507776321 0.00496642224
  503.515 0.0534179723 0.00492178931
  503.615 0.0590069328 0.00525444587
  503.715 0.0557790819 0.0049504997
  503.815 0.0578862891 0.00508506517
  503.915 0.0526505725 0.00491572127
  504.015 0.0673498316 0.00532102888
  504.115 0.0576893909 0.00512400093
  504.215 0.0566896079 0.00517891059
  504.315 0.046398171 0.00463318016
  504.415 0.0570466222 0.00502420762
  504.515 0.0678340698 0.00535554596
  504.615 0.0571891173 0.00496798031
  504.715 0.0587564657 0.00500546613
  504.815 0.0531542928 0.00492533385
  504.915 0.0628118337 0.00535860152
  505.015 0.0661364115 0.0053774754
  505.115 0.0643747901 0.00519742958
  505.215 0.0584994973 0.00499535907
  505.315 0.0642445382 0.00529101672
  505.415 0.0513623272 0.00485756656
  505.515 0.0548954343 0.00485563099
  505.615 0.0595254881 0.0050982317
  505.715 0.0545774053 0.00489500173
  505.815 0.0579183864 0.00513118243
  505.915 0.0534721344 0.00488285193
  506.015 0.0494685572 0.00480973378
  506.115 0.0453288867 0.00451520676
  506.215 0.0547494003 0.00491636217
  506.315 0.0603130727 0.00520583849
  506.415 0.0538397365 0.00483531652
  506.515 0.0529797115 0.00494063163
  506.615 0.0557160725 0.00492916465
  506.715 0.0582022174 0.00513365273
  506.815 0.0580479661 0.00509341035
  506.915 0.0542065385 0.00487090447
  507.015 0.0605710807 0.0051608424
  507.115 0.0539451084 0.0048963558
  507.215 0.0630257761 0.00520304064
  507.315 0.0541297823 0.00484856241
  507.415 0.0610745614 0.00520540732
  507.515 0.0528899089 0.00492940866
  507.615 0.0453357554 0.00462238096
  507.715 0.0449749656 0.00450537712
  507.815 0.0594289241 0.00507968032
  507.915 0.0539512721 0.00488222285
  508.015 0.0661172928 0.00538505664
  508.115 0.0591056545 0.00503439038
  508.215 0.0567753025 0.00497174717
  508.315 0.0565202105 0.0051254263
  508.415 0.0544739938 0.00498339407
  508.515 0.0518797993 0.00481030749
  508.615 0.0526083124 0.00476927865
  508.715 0.0552942747 0.00483568617
  508.815 0.0437811427 0.00451788685
  508.915 0.0516545477 0.00484535784
  509.015 0.0508803664 0.00477643711
  509.115 0.0538838945 0.00489168255
  509.215 0.0510740348 0.00486042563
  509.315 0.050655602 0.00484588926
  509.415 0.0516270131 0.00481108832
  509.515 0.0647452656 0.00514778652
  509.615 0.0530613817 0.00484649647
  509.715 0.0610864459 0.00502033868
  509.815 0.0634952702 0.00529549367
  509.915 0.0559934651 0.00497915261


