# Data from DA_130619_E6.h5 stim 5
# Ratiometric estimator
# Ratiometric estimator:
#    Time    Ca (est)    Ca (se)
 2350.015 0.0383705234 0.00167302544
 2350.115 0.0405358196 0.0017046167
 2350.215 0.0382662446 0.00167281706
 2350.315 0.0390261067 0.00169673597
 2350.415 0.0361271556 0.00164982564
 2350.515 0.0377996635 0.0016496992
 2350.615 0.037868844 0.00165132598
 2350.715 0.0389737462 0.00167058829
 2350.815 0.0396258092 0.00169307906
 2350.915 0.0359809991 0.00164678451
 2351.015 0.0355142171 0.00165074781
 2351.115 0.0376508516 0.00168176033
 2351.215 0.0369702841 0.00165033507
 2351.315 0.0356672534 0.00164674846
 2351.415 0.0353028889 0.00162510789
 2351.515 0.041162837 0.00173270689
 2351.615 0.0445813292 0.00177472381
 2351.715 0.0543863142 0.00189633454
 2351.815 0.0594226044 0.00202258595
 2351.915 0.0651020452 0.00208623141
 2352.015 0.0718403961 0.00225478363
 2352.115 0.079687622 0.00239564881
 2352.215 0.0750385131 0.0022940595
 2352.315 0.0788478147 0.00233747284
 2352.415 0.0792549425 0.0023464725
 2352.515 0.0797478798 0.0023860446
 2352.615 0.0864329544 0.00249053224
 2352.715 0.0772948157 0.00232365931
 2352.815 0.0714605619 0.00221623881
 2352.915 0.077123988 0.00232195019
 2353.015 0.0780562769 0.00231907431
 2353.115 0.0754358166 0.00229290787
 2353.215 0.0745992771 0.0022618529
 2353.315 0.0753929869 0.00227710339
 2353.415 0.0751315302 0.00230756689
 2353.515 0.0735418204 0.00224161667
 2353.615 0.075730896 0.00229122978
 2353.715 0.0734612048 0.00223360621
 2353.815 0.0734339521 0.00223803569
 2353.915 0.067993196 0.00216905424
 2354.015 0.0676616299 0.00216026849
 2354.115 0.0671826436 0.00212298726
 2354.215 0.0668383761 0.00214249122
 2354.315 0.0698692424 0.00217851751
 2354.415 0.0684224722 0.00217487705
 2354.515 0.0655488208 0.00210929665
 2354.615 0.0683640593 0.00218215493
 2354.715 0.0661412233 0.00210408448
 2354.815 0.0632906757 0.00207274053
 2354.915 0.0639030582 0.0020676031
 2355.015 0.0658871734 0.00211545957
 2355.115 0.0639506441 0.00204597783
 2355.215 0.0655948931 0.00210185221
 2355.315 0.0614212631 0.00202285302
 2355.415 0.0631201987 0.0020901376
 2355.515 0.0599893417 0.00199897365
 2355.615 0.0567880539 0.00198213403
 2355.715 0.0619949924 0.00205045059
 2355.815 0.0588989747 0.00199000489
 2355.915 0.0570620835 0.00197630377
 2356.015 0.0585177523 0.00202288534
 2356.115 0.0571139715 0.00195330911
 2356.215 0.0594488163 0.00201633102
 2356.315 0.0572700154 0.00197953111
 2356.415 0.0531759455 0.00190031829
 2356.515 0.054919121 0.0019601042
 2356.615 0.0552419305 0.00193572038
 2356.715 0.0581705813 0.00199135809
 2356.815 0.0519552831 0.00187200514
 2356.915 0.0583346082 0.00197581705
 2357.015 0.0549803621 0.00195337071
 2357.115 0.0531492854 0.00191464458
 2357.215 0.0551348935 0.00196402429
 2357.315 0.0583306859 0.00198805188
 2357.415 0.0507639715 0.00191008538
 2357.515 0.0507712132 0.00185553016
 2357.615 0.0518417291 0.00188274291
 2357.715 0.0535180679 0.00190348159
 2357.815 0.0507568486 0.00185629458
 2357.915 0.0490280429 0.00184028401
 2358.015 0.0509755844 0.00187644524
 2358.115 0.0485663684 0.00185735223
 2358.215 0.0497969647 0.00186151541
 2358.315 0.0475682765 0.00181594915
 2358.415 0.0495320109 0.00183722822
 2358.515 0.0475458372 0.00184244674
 2358.615 0.0494472239 0.00184964115
 2358.715 0.0468861903 0.00180945081
 2358.815 0.0522548715 0.00189370998
 2358.915 0.0470046833 0.0018131159
 2359.015 0.0469145249 0.00179612603
 2359.115 0.0469028173 0.00179865956
 2359.215 0.0473868713 0.00182110248
 2359.315 0.0459369207 0.00179620009
 2359.415 0.0467735321 0.00178013453
 2359.515 0.044575903 0.00179035824
 2359.615 0.0489583151 0.00180804509
 2359.715 0.0445634643 0.00178294836
 2359.815 0.0433499709 0.00174938753
 2359.915 0.0457571673 0.00179361768
 2360.015 0.0446581162 0.00176525002
 2360.115 0.0450523065 0.00176120226
 2360.215 0.0436842023 0.00174936308
 2360.315 0.0429986384 0.00173616596
 2360.415 0.0486696144 0.00183722952
 2360.515 0.0456688562 0.00178539298
 2360.615 0.0454898804 0.00178723653
 2360.715 0.0446795886 0.0017833951
 2360.815 0.0446200419 0.00176799659
 2360.915 0.0431573237 0.00178270461
 2361.015 0.0448821044 0.00178073042
 2361.115 0.0431162534 0.00174174546
 2361.215 0.0423839418 0.0017680472
 2361.315 0.0432925611 0.00173693865
 2361.415 0.0429224171 0.0017470305
 2361.515 0.0412781697 0.00171696647
 2361.615 0.0416079 0.00174035201
 2361.715 0.0417561333 0.00175622731
 2361.815 0.0392220908 0.00169362687
 2361.915 0.0406874929 0.00171626042
 2362.015 0.0450697537 0.00176051209
 2362.115 0.0409572229 0.00173290463
 2362.215 0.0422437832 0.00174245742
 2362.315 0.0453107326 0.00177511238
 2362.415 0.0414176898 0.00171142084
 2362.515 0.0417862496 0.00173535663
 2362.615 0.0432771871 0.00176940848
 2362.715 0.0396733465 0.00169935805
 2362.815 0.0402369083 0.00171454842
 2362.915 0.0395274939 0.00167251084
 2363.015 0.0406629989 0.00173175622
 2363.115 0.0431568785 0.00173605261
 2363.215 0.0434376797 0.00176635047
 2363.315 0.0374742641 0.00168112916
 2363.415 0.0402538633 0.00172848488
 2363.515 0.0403207077 0.00171528939
 2363.615 0.0428432031 0.00173136966
 2363.715 0.0390430102 0.00167588026
 2363.815 0.0404013918 0.00168329649
 2363.915 0.0402785593 0.00171581044
 2364.015 0.0398113683 0.0016931718
 2364.115 0.0422548237 0.00172889081
 2364.215 0.0428468478 0.00173341063
 2364.315 0.0440434704 0.00173460633
 2364.415 0.0421661831 0.00172438658
 2364.515 0.0399372582 0.00168517692
 2364.615 0.0401020873 0.00170448892
 2364.715 0.0377847549 0.00166573338
 2364.815 0.0396068977 0.00170567037
 2364.915 0.0381591252 0.00170896951
 2365.015 0.0389307015 0.00169288071
 2365.115 0.0386557115 0.00168237141
 2365.215 0.0397988647 0.00167320814
 2365.315 0.040349961 0.00170147696
 2365.415 0.0411505496 0.00169589188
 2365.515 0.0403202523 0.00166838092
 2365.615 0.0396571016 0.00168849984
 2365.715 0.0411394002 0.00169183769
 2365.815 0.0361456193 0.00166373024
 2365.915 0.0428735769 0.00174684456
 2366.015 0.0382582213 0.00170499826
 2366.115 0.040601893 0.00170717134
 2366.215 0.0387050621 0.00166529935
 2366.315 0.0362928257 0.00164614105
 2366.415 0.0364221763 0.00165737086
 2366.515 0.0426975595 0.00174787321
 2366.615 0.0391011096 0.00168330062
 2366.715 0.0424457553 0.00173612134
 2366.815 0.0375062586 0.00167077477
 2366.915 0.0389374745 0.00169199691
 2367.015 0.0420617919 0.00173936721
 2367.115 0.0371406669 0.00165998878
 2367.215 0.0436265181 0.00176516909
 2367.315 0.0410313152 0.00168493236
 2367.415 0.0424197116 0.001739326
 2367.515 0.0428924511 0.00173172374
 2367.615 0.039140164 0.00168788521
 2367.715 0.0363143706 0.00165010329
 2367.815 0.0356321501 0.00164547386
 2367.915 0.038474862 0.00168017783
 2368.015 0.0419321584 0.00173338677
 2368.115 0.0406450344 0.00169390814
 2368.215 0.0381428331 0.00167090494
 2368.315 0.0397007296 0.00172452623
 2368.415 0.0432857275 0.001751867
 2368.515 0.0405059156 0.00170345666
 2368.615 0.0426006238 0.00172643155
 2368.715 0.0395778463 0.00167731556
 2368.815 0.0381605594 0.0016632252
 2368.915 0.0367860783 0.00163799265
 2369.015 0.0413242169 0.00172503118
 2369.115 0.0386254114 0.00169269673
 2369.215 0.0408691035 0.00171708774
 2369.315 0.03946839 0.00171377333
 2369.415 0.0386667811 0.00168075393
 2369.515 0.0402404909 0.00169160204
 2369.615 0.0383713155 0.00169441479
 2369.715 0.0375177698 0.00165723581
 2369.815 0.0384428514 0.00168673128
 2369.915 0.0383834541 0.00169553204


