# Data from DA_130619_E6.h5 stim 2
# Ratiometric estimator mono-exponential fit
# Fitted model Ca = baseline+delta*exp(-(t-t0)/tau)
# nobs = 171
# number of degrees of freedom = 168
# baseline length = 7
# fit started from point 36
# estimated baseline 0.051592 and standard error 0.000367325
# estimated delta 0.0593503 and standard error 0.00157842
# estimated tau 2.61376 and standard error 0.110116
# residual sum of squares: 157.746
# RSS per degree of freedom: 0.938962
# Probability of observing a larger of equal RSS per DOF under the null hypothesis: 0.703556

# rss per degree of freedom: 0.938962

# Time    Ca  Prediction  Residual
945.015 0.051477 0.051592 -0.0388029
945.115 0.0526766 0.051592 0.366428
945.215 0.0504399 0.051592 -0.389413
945.315 0.0448184 0.051592 -2.38169
945.415 0.0479042 0.051592 -1.24963
945.515 0.054726 0.051592 1.02226
945.615 0.055893 0.051592 1.40485

948.615 0.0967068 0.110942 -3.33811
948.715 0.112138 0.108715 0.736923
948.815 0.111988 0.10657 1.16254
948.915 0.103639 0.104507 -0.194017
949.015 0.109571 0.10252 1.52814
949.115 0.101293 0.100609 0.156943
949.215 0.106009 0.0987688 1.59358
949.315 0.0976893 0.096998 0.164216
949.415 0.0975766 0.0952936 0.533669
949.515 0.0960284 0.0936532 0.559591
949.615 0.0943461 0.0920744 0.543509
949.715 0.0882551 0.0905548 -0.590853
949.815 0.0895448 0.0890923 0.114983
949.915 0.0940294 0.0876847 1.55054
950.015 0.0881348 0.0863299 0.450596
950.115 0.0859914 0.0850259 0.253124
950.215 0.0790981 0.083771 -1.27456
950.315 0.0780113 0.0825631 -1.24191
950.415 0.0875898 0.0814005 1.57276
950.515 0.0805127 0.0802816 0.0620921
950.615 0.0820077 0.0792047 0.744211
950.715 0.0803637 0.0781682 0.588505
950.815 0.0672639 0.0771707 -2.93115
950.915 0.0786094 0.0762105 0.647114
951.015 0.0680213 0.0752864 -2.08892
951.115 0.0787512 0.074397 1.18175
951.215 0.0709797 0.073541 -0.735632
951.315 0.0672984 0.0727171 -1.57345
951.415 0.0672363 0.0719242 -1.39079
951.515 0.0705714 0.071161 -0.16739
951.615 0.0673318 0.0704264 -0.915252
951.715 0.0649156 0.0697194 -1.43971
951.815 0.0690077 0.069039 -0.00904989
951.915 0.068576 0.0683841 0.0563094
952.015 0.065633 0.0677538 -0.632787
952.115 0.0680113 0.0671471 0.252346
952.215 0.0645979 0.0665632 -0.588717
952.315 0.0657381 0.0660013 -0.0783889
952.415 0.0695163 0.0654604 1.18417
952.515 0.063185 0.0649398 -0.54364
952.615 0.0619968 0.0644388 -0.763473
952.715 0.065392 0.0639566 0.432183
952.815 0.0617242 0.0634925 -0.544466
952.915 0.0613397 0.0630458 -0.526359
953.015 0.0679508 0.0626158 1.57044
953.115 0.0681943 0.062202 1.77044
953.215 0.0666096 0.0618038 1.44328
953.315 0.0635297 0.0614204 0.641314
953.415 0.063706 0.0610515 0.818091
953.515 0.0651176 0.0606964 1.33747
953.615 0.060519 0.0603547 0.0509967
953.715 0.06229 0.0600258 0.69123
953.815 0.0533858 0.0597092 -2.06624
953.915 0.0627221 0.0594045 1.00823
954.015 0.0571149 0.0591113 -0.643887
954.115 0.0610326 0.058829 0.694235
954.215 0.0641505 0.0585574 1.72383
954.315 0.0615815 0.0582959 1.02028
954.415 0.0589458 0.0580443 0.290812
954.515 0.060952 0.0578021 0.975654
954.615 0.0516997 0.057569 -1.97861
954.715 0.0622309 0.0573446 1.49887
954.815 0.0550896 0.0571287 -0.66799
954.915 0.0556517 0.0569208 -0.416006
955.015 0.0534191 0.0567208 -1.10193
955.115 0.0547911 0.0565283 -0.57835
955.215 0.0603872 0.056343 1.28345
955.315 0.0584416 0.0561647 0.741644
955.415 0.0569608 0.055993 0.312377
955.515 0.0589218 0.0558278 0.989254
955.615 0.0525691 0.0556688 -1.0297
955.715 0.0527237 0.0555158 -0.918585
955.815 0.0547473 0.0553685 -0.202537
955.915 0.0535573 0.0552268 -0.548154
956.015 0.0535575 0.0550903 -0.504082
956.115 0.054679 0.054959 -0.0908737
956.215 0.0514875 0.0548326 -1.0988
956.315 0.0540567 0.054711 -0.217687
956.415 0.0557959 0.0545939 0.389917
956.515 0.0574449 0.0544812 0.969422
956.615 0.055863 0.0543728 0.481712
956.715 0.0573875 0.0542684 0.985911
956.815 0.0579333 0.0541679 1.20467
956.915 0.0510434 0.0540712 -1.01145
957.015 0.0531665 0.0539782 -0.266803
957.115 0.05325 0.0538886 -0.209684
957.215 0.054927 0.0538024 0.363941
957.315 0.0527111 0.0537194 -0.334831
957.415 0.0558322 0.0536396 0.725331
957.515 0.0533829 0.0535627 -0.0588442
957.615 0.0532897 0.0534887 -0.0651174
957.715 0.0544732 0.0534175 0.350793
957.815 0.0525362 0.053349 -0.272114
957.915 0.0556935 0.0532831 0.797242
958.015 0.0563012 0.0532196 0.984983
958.115 0.0551753 0.0531585 0.669622
958.215 0.0550959 0.0530997 0.659251
958.315 0.0505161 0.0530431 -0.853682
958.415 0.0519851 0.0529886 -0.333724
958.515 0.0495703 0.0529362 -1.12954
958.615 0.0552526 0.0528857 0.78355
958.715 0.0501481 0.0528372 -0.926941
958.815 0.053539 0.0527904 0.251099
958.915 0.0535312 0.0527454 0.263674
959.015 0.0535854 0.0527022 0.29171
959.115 0.0500838 0.0526605 -0.875104
959.215 0.0518386 0.0526204 -0.265008
959.315 0.0521954 0.0525818 -0.131742
959.415 0.0493312 0.0525446 -1.1036
959.515 0.0515571 0.0525089 -0.321689
959.615 0.0536373 0.0524744 0.384677
959.715 0.0550891 0.0524413 0.883438
959.815 0.0470616 0.0524094 -1.84689
959.915 0.0549475 0.0523788 0.810157
960.015 0.0510628 0.0523492 -0.432954
960.115 0.0518588 0.0523208 -0.155662
960.215 0.0561904 0.0522934 1.28419
960.315 0.0515511 0.0522671 -0.23838
960.415 0.0468855 0.0522418 -1.86512
960.515 0.0493476 0.0522174 -0.997125
960.615 0.0541712 0.0521939 0.659878
960.715 0.050796 0.0521713 -0.468459
960.815 0.0555828 0.0521496 1.11398
960.915 0.0519868 0.0521286 -0.047269
961.015 0.0538285 0.0521085 0.567169
961.115 0.0523657 0.0520891 0.0934901
961.215 0.0474276 0.0520704 -1.64328
961.315 0.0536703 0.0520525 0.534293
961.415 0.0556955 0.0520352 1.19151
961.515 0.051159 0.0520186 -0.283763
961.615 0.0530367 0.0520025 0.341979
961.715 0.0554302 0.0519871 1.13235
961.815 0.0527536 0.0519723 0.260471
961.915 0.0509452 0.051958 -0.341384
962.015 0.0501973 0.0519443 -0.591914
962.115 0.0508471 0.0519311 -0.3666
962.215 0.0492862 0.0519183 -0.906182
962.315 0.0549383 0.0519061 0.996198
962.415 0.0514135 0.0518943 -0.161175
962.515 0.0542307 0.0518829 0.790624
962.615 0.0515621 0.051872 -0.104236
962.715 0.0541865 0.0518615 0.772995
962.815 0.0555229 0.0518514 1.20006
962.915 0.0540845 0.0518417 0.742606
963.015 0.051329 0.0518323 -0.169327
963.115 0.0524979 0.0518233 0.226741
963.215 0.0552418 0.0518146 1.12527
963.315 0.0526715 0.0518062 0.28701
963.415 0.0513274 0.0517982 -0.157793
963.515 0.0554435 0.0517904 1.20723
963.615 0.0499114 0.051783 -0.639779
963.715 0.0562999 0.0517758 1.47665
963.815 0.047174 0.0517689 -1.62978
963.915 0.0510892 0.0517623 -0.228534
964.015 0.0511436 0.0517559 -0.206268
964.115 0.0472284 0.0517497 -1.57639
964.215 0.0525137 0.0517438 0.260599
964.315 0.0526867 0.0517381 0.308916
964.415 0.0526851 0.0517326 0.319386
964.515 0.0498569 0.0517273 -0.640745
964.615 0.0471877 0.0517223 -1.57567
964.715 0.0491779 0.0517174 -0.876805
964.815 0.0525594 0.0517127 0.285126
964.915 0.0532642 0.0517081 0.51972
