# τ vs mean κ linear regression for data set DA_130619_E6.h5
# Using stimulation: 1, 2, 3, 4, 5
# Best fit: tau = 1.76168 + 0.00611072 kappa_Fura
# Covariance matrix:
# [ +2.87185e-02, -1.36846e-04  
#   -1.36846e-04, +7.80190e-07  ]
# Total sum of squares (TSS) = 51.3195
# chisq (Residual sum of squares, RSS) = 3.45815
# Probability of observing a larger of equal RSS per DOF under the null hypothesis: 0.32623
# R squared (1-RSS/TSS) = 0.932615
# Estimated gamma/v with standard error: 163.647 +/- 23.6546
# Estimates kappa_S with standard error (using error propagation): 287.293 +/- 50.0562
# kappa_S confidence intervals based on parametric bootstrap
# 0.95 CI for kappa_S: [182.859,474.458]
# 0.99 CI for kappa_S: [161.901,572.425]


# The data
# κ_Fura  τ   τ_SE
74.2159 2.30425 0.14914
147.189 2.61376 0.110116
212.138 2.92173 0.153886
274.03 3.75184 0.218371
327.368 3.71715 0.216038


# The fitted data
# Preticted values with lower and upper bounds of 0.95 CI
# κ_Fura  τ   τ_lwr  τ_upr
-360.117 -0.438892 -1.37572 0.497933
-357.301 -0.421688 -1.35369 0.510314
-354.486 -0.404484 -1.33166 0.522695
-351.67 -0.38728 -1.30964 0.535077
-348.855 -0.370075 -1.28761 0.54746
-346.039 -0.352871 -1.26559 0.559843
-343.224 -0.335667 -1.24356 0.572227
-340.409 -0.318463 -1.22154 0.584611
-337.593 -0.301259 -1.19951 0.596996
-334.778 -0.284055 -1.17749 0.609381
-331.962 -0.26685 -1.15547 0.621767
-329.147 -0.249646 -1.13345 0.634154
-326.332 -0.232442 -1.11142 0.646541
-323.516 -0.215238 -1.0894 0.658929
-320.701 -0.198034 -1.06738 0.671317
-317.885 -0.180829 -1.04536 0.683706
-315.07 -0.163625 -1.02335 0.696096
-312.255 -0.146421 -1.00133 0.708487
-309.439 -0.129217 -0.979311 0.720878
-306.624 -0.112013 -0.957295 0.73327
-303.808 -0.0948084 -0.935279 0.745662
-300.993 -0.0776042 -0.913264 0.758056
-298.178 -0.0604 -0.89125 0.77045
-295.362 -0.0431958 -0.869236 0.782844
-292.547 -0.0259916 -0.847223 0.79524
-289.731 -0.00878742 -0.825211 0.807636
-286.916 0.00841678 -0.8032 0.820034
-284.1 0.025621 -0.78119 0.832431
-281.285 0.0428252 -0.75918 0.84483
-278.47 0.0600294 -0.737171 0.85723
-275.654 0.0772336 -0.715163 0.86963
-272.839 0.0944377 -0.693156 0.882032
-270.023 0.111642 -0.67115 0.894434
-267.208 0.128846 -0.649145 0.906837
-264.393 0.14605 -0.62714 0.919241
-261.577 0.163255 -0.605137 0.931646
-258.762 0.180459 -0.583134 0.944052
-255.946 0.197663 -0.561133 0.956459
-253.131 0.214867 -0.539132 0.968866
-250.316 0.232071 -0.517133 0.981275
-247.5 0.249275 -0.495134 0.993685
-244.685 0.26648 -0.473137 1.0061
-241.869 0.283684 -0.45114 1.01851
-239.054 0.300888 -0.429145 1.03092
-236.238 0.318092 -0.407151 1.04334
-233.423 0.335296 -0.385158 1.05575
-230.608 0.352501 -0.363166 1.06817
-227.792 0.369705 -0.341175 1.08058
-224.977 0.386909 -0.319185 1.093
-222.161 0.404113 -0.297197 1.10542
-219.346 0.421317 -0.27521 1.11784
-216.531 0.438522 -0.253224 1.13027
-213.715 0.455726 -0.23124 1.14269
-210.9 0.47293 -0.209256 1.15512
-208.084 0.490134 -0.187275 1.16754
-205.269 0.507338 -0.165294 1.17997
-202.454 0.524543 -0.143315 1.1924
-199.638 0.541747 -0.121337 1.20483
-196.823 0.558951 -0.0993613 1.21726
-194.007 0.576155 -0.0773867 1.2297
-191.192 0.593359 -0.0554137 1.24213
-188.376 0.610564 -0.0334422 1.25457
-185.561 0.627768 -0.0114723 1.26701
-182.746 0.644972 0.0104959 1.27945
-179.93 0.662176 0.0324625 1.29189
-177.115 0.67938 0.0544273 1.30433
-174.299 0.696585 0.0763904 1.31678
-171.484 0.713789 0.0983516 1.32923
-168.669 0.730993 0.120311 1.34167
-165.853 0.748197 0.142269 1.35413
-163.038 0.765401 0.164224 1.36658
-160.222 0.782605 0.186178 1.37903
-157.407 0.79981 0.208129 1.39149
-154.592 0.817014 0.230079 1.40395
-151.776 0.834218 0.252026 1.41641
-148.961 0.851422 0.273971 1.42887
-146.145 0.868626 0.295914 1.44134
-143.33 0.885831 0.317855 1.45381
-140.514 0.903035 0.339793 1.46628
-137.699 0.920239 0.361729 1.47875
-134.884 0.937443 0.383663 1.49122
-132.068 0.954647 0.405594 1.5037
-129.253 0.971852 0.427522 1.51618
-126.437 0.989056 0.449447 1.52866
-123.622 1.00626 0.47137 1.54115
-120.807 1.02346 0.49329 1.55364
-117.991 1.04067 0.515208 1.56613
-115.176 1.05787 0.537122 1.57862
-112.36 1.07508 0.559033 1.59112
-109.545 1.09228 0.580941 1.60362
-106.73 1.10949 0.602846 1.61612
-103.914 1.12669 0.624747 1.62863
-101.099 1.14389 0.646646 1.64114
-98.2833 1.1611 0.66854 1.65366
-95.4679 1.1783 0.690431 1.66617
-92.6525 1.19551 0.712318 1.67869
-89.8371 1.21271 0.734202 1.69122
-87.0217 1.22991 0.756081 1.70375
-84.2063 1.24712 0.777957 1.71628
-81.3909 1.26432 0.799828 1.72882
-78.5754 1.28153 0.821695 1.74136
-75.76 1.29873 0.843558 1.7539
-72.9446 1.31594 0.865416 1.76645
-70.1292 1.33314 0.887269 1.77901
-67.3138 1.35034 0.909118 1.79157
-64.4984 1.36755 0.930961 1.80413
-61.683 1.38475 0.9528 1.8167
-58.8676 1.40196 0.974633 1.82928
-56.0522 1.41916 0.99646 1.84186
-53.2367 1.43636 1.01828 1.85445
-50.4213 1.45357 1.0401 1.86704
-47.6059 1.47077 1.06191 1.87964
-44.7905 1.48798 1.08371 1.89224
-41.9751 1.50518 1.10551 1.90486
-39.1597 1.52239 1.1273 1.91747
-36.3443 1.53959 1.14908 1.9301
-33.5289 1.55679 1.17086 1.94273
-30.7135 1.574 1.19263 1.95537
-27.898 1.5912 1.21439 1.96802
-25.0826 1.60841 1.23614 1.98067
-22.2672 1.62561 1.25788 1.99334
-19.4518 1.64282 1.27962 2.00601
-16.6364 1.66002 1.30135 2.01869
-13.821 1.67722 1.32306 2.03138
-11.0056 1.69443 1.34477 2.04408
-8.19016 1.71163 1.36647 2.05679
-5.37475 1.72884 1.38816 2.06952
-2.55934 1.74604 1.40983 2.08225
0.256072 1.76324 1.4315 2.09499
3.07148 1.78045 1.45315 2.10775
5.88689 1.79765 1.47479 2.12051
8.70231 1.81486 1.49642 2.13329
11.5177 1.83206 1.51803 2.14609
14.3331 1.84927 1.53964 2.1589
17.1485 1.86647 1.56122 2.17172
19.9639 1.88367 1.58279 2.18455
22.7794 1.90088 1.60435 2.19741
25.5948 1.91808 1.62589 2.21028
28.4102 1.93529 1.64741 2.22316
31.2256 1.95249 1.66891 2.23607
34.041 1.96969 1.6904 2.24899
36.8564 1.9869 1.71186 2.26194
39.6718 2.0041 1.73331 2.2749
42.4872 2.02131 1.75473 2.28789
45.3027 2.03851 1.77613 2.30089
48.1181 2.05572 1.79751 2.31393
50.9335 2.07292 1.81886 2.32698
53.7489 2.09012 1.84018 2.34007
56.5643 2.10733 1.86148 2.35318
59.3797 2.12453 1.88275 2.36632
62.1951 2.14174 1.90398 2.37949
65.0105 2.15894 1.92519 2.39269
67.8259 2.17615 1.94636 2.40593
70.6414 2.19335 1.9675 2.4192
73.4568 2.21055 1.9886 2.43251
76.2722 2.22776 2.00966 2.44586
79.0876 2.24496 2.03068 2.45925
81.903 2.26217 2.05165 2.47268
84.7184 2.27937 2.07258 2.48616
87.5338 2.29657 2.09346 2.49969
90.3492 2.31378 2.11429 2.51327
93.1646 2.33098 2.13506 2.5269
95.9801 2.34819 2.15578 2.5406
98.7955 2.36539 2.17643 2.55435
101.611 2.3826 2.19703 2.56816
104.426 2.3998 2.21755 2.58205
107.242 2.417 2.23801 2.596
110.057 2.43421 2.25839 2.61003
112.873 2.45141 2.27869 2.62414
115.688 2.46862 2.2989 2.63833
118.503 2.48582 2.31903 2.65261
121.319 2.50302 2.33907 2.66698
124.134 2.52023 2.359 2.68145
126.95 2.53743 2.37884 2.69603
129.765 2.55464 2.39857 2.71071
132.58 2.57184 2.41818 2.7255
135.396 2.58905 2.43768 2.74042
138.211 2.60625 2.45705 2.75545
141.027 2.62345 2.47629 2.77062
143.842 2.64066 2.4954 2.78592
146.657 2.65786 2.51436 2.80136
149.473 2.67507 2.53318 2.81695
152.288 2.69227 2.55185 2.83269
155.104 2.70948 2.57037 2.84858
157.919 2.72668 2.58872 2.86464
160.735 2.74388 2.60691 2.88085
163.55 2.76109 2.62494 2.89724
166.365 2.77829 2.64279 2.91379
169.181 2.7955 2.66047 2.93052
171.996 2.8127 2.67798 2.94743
174.812 2.8299 2.6953 2.9645
177.627 2.84711 2.71246 2.98176
180.442 2.86431 2.72943 2.99919
183.258 2.88152 2.74624 3.0168
186.073 2.89872 2.76286 3.03458
188.889 2.91593 2.77932 3.05253
191.704 2.93313 2.79561 3.07065
194.519 2.95033 2.81173 3.08894
197.335 2.96754 2.82769 3.10739
200.15 2.98474 2.84349 3.12599
202.966 3.00195 2.85914 3.14475
205.781 3.01915 2.87464 3.16366
208.596 3.03635 2.89 3.18271
211.412 3.05356 2.90523 3.20189
214.227 3.07076 2.92032 3.22121
217.043 3.08797 2.93528 3.24065
219.858 3.10517 2.95012 3.26022
222.674 3.12238 2.96485 3.2799
225.489 3.13958 2.97947 3.29969
228.304 3.15678 2.99398 3.31959
231.12 3.17399 3.00839 3.33958
233.935 3.19119 3.02271 3.35967
236.751 3.2084 3.03694 3.37985
239.566 3.2256 3.05108 3.40012
242.381 3.24281 3.06515 3.42046
245.197 3.26001 3.07913 3.44089
248.012 3.27721 3.09304 3.46138
250.828 3.29442 3.10689 3.48195
253.643 3.31162 3.12066 3.50258
256.458 3.32883 3.13438 3.52327
259.274 3.34603 3.14804 3.54402
262.089 3.36323 3.16164 3.56483
264.905 3.38044 3.17519 3.58569
267.72 3.39764 3.18869 3.60659
270.536 3.41485 3.20214 3.62755
273.351 3.43205 3.21555 3.64855
276.166 3.44926 3.22892 3.66959
278.982 3.46646 3.24224 3.69068
281.797 3.48366 3.25553 3.7118
284.613 3.50087 3.26878 3.73296
287.428 3.51807 3.282 3.75415
290.243 3.53528 3.29518 3.77537
293.059 3.55248 3.30833 3.79663
295.874 3.56968 3.32146 3.81791
298.69 3.58689 3.33455 3.83923
301.505 3.60409 3.34762 3.86057
304.32 3.6213 3.36066 3.88193
307.136 3.6385 3.37368 3.90332
309.951 3.65571 3.38668 3.92474
312.767 3.67291 3.39965 3.94617
315.582 3.69011 3.4126 3.96763
318.398 3.70732 3.42553 3.9891
321.213 3.72452 3.43845 4.0106
324.028 3.74173 3.45134 4.03211
326.844 3.75893 3.46422 4.05365
329.659 3.77614 3.47708 4.07519
332.475 3.79334 3.48992 4.09676
335.29 3.81054 3.50275 4.11834
338.105 3.82775 3.51556 4.13993
340.921 3.84495 3.52836 4.16154
