# Data from DA_130619_E6.h5 stim 3
# Ratiometric estimator
# Ratiometric estimator:
#    Time    Ca (est)    Ca (se)
 1355.015 0.041222817 0.00223911107
 1355.115 0.0436743956 0.00226377091
 1355.215 0.0453260741 0.00231660544
 1355.315 0.046694464 0.00234845079
 1355.415 0.0438028907 0.00227082015
 1355.515 0.0467480597 0.00232854651
 1355.615 0.0400422953 0.00218372268
 1355.715 0.0467400789 0.00230582924
 1355.815 0.0476188493 0.00233236428
 1355.915 0.0448118855 0.00226626081
 1356.015 0.0438663805 0.00229345375
 1356.115 0.042590915 0.00226894329
 1356.215 0.0455901573 0.00230274773
 1356.315 0.0474773479 0.00234212357
 1356.415 0.0437475054 0.00228441019
 1356.515 0.042937395 0.00227348338
 1356.615 0.0496872365 0.00240339244
 1356.715 0.0679342152 0.0027242023
 1356.815 0.0747744174 0.00294029902
 1356.915 0.0830169761 0.00306951193
 1357.015 0.0984404706 0.00349397876
 1357.115 0.100957364 0.00360125864
 1357.215 0.106721068 0.00364546534
 1357.315 0.107462713 0.00366007113
 1357.415 0.106643916 0.00366429995
 1357.515 0.102648981 0.00360272791
 1357.615 0.104649096 0.00364614824
 1357.715 0.105592928 0.00366489895
 1357.815 0.0992885018 0.00347919146
 1357.915 0.0976409041 0.00346645017
 1358.015 0.096073552 0.00342726557
 1358.115 0.09899513 0.00350243502
 1358.215 0.0880322884 0.00319389364
 1358.315 0.0901566539 0.00328102645
 1358.415 0.0860614936 0.00323641718
 1358.515 0.0866063259 0.00318517821
 1358.615 0.0854545296 0.00318374633
 1358.715 0.0781702182 0.00299480888
 1358.815 0.0831102254 0.00310195649
 1358.915 0.0809063889 0.00307201176
 1359.015 0.0784502288 0.00299896588
 1359.115 0.0813256034 0.00304553404
 1359.215 0.0741386702 0.00294454925
 1359.315 0.0795287696 0.00303128094
 1359.415 0.0773580946 0.00299450251
 1359.515 0.0763289769 0.00298803475
 1359.615 0.0744305058 0.00293923219
 1359.715 0.0695244663 0.00279151624
 1359.815 0.0739214459 0.00290797385
 1359.915 0.0708614527 0.00279667119
 1360.015 0.0737539374 0.00289167449
 1360.115 0.0665976527 0.00271440654
 1360.215 0.0705068521 0.00280521571
 1360.315 0.0714356485 0.00281009588
 1360.415 0.072341921 0.00290266331
 1360.515 0.0648218073 0.00269906934
 1360.615 0.0624354185 0.00266305561
 1360.715 0.0638440091 0.00269420797
 1360.815 0.0642621401 0.00266640671
 1360.915 0.0586646095 0.00258195529
 1361.015 0.058839441 0.00261444263
 1361.115 0.0605599837 0.00258091601
 1361.215 0.0624274348 0.00265057242
 1361.315 0.0585733608 0.00257763363
 1361.415 0.0593779838 0.00256424682
 1361.515 0.0612851383 0.00262111681
 1361.615 0.0644277273 0.00268643454
 1361.715 0.0597278092 0.00260237542
 1361.815 0.0579767778 0.00256050403
 1361.915 0.0538497662 0.00246793956
 1362.015 0.0532804437 0.00248786566
 1362.115 0.0526305081 0.00247339744
 1362.215 0.0578598716 0.00255893086
 1362.315 0.057601353 0.00255275413
 1362.415 0.0543697007 0.00251845163
 1362.515 0.0606885522 0.00257526888
 1362.615 0.0517097951 0.00242099275
 1362.715 0.0530881416 0.00246636787
 1362.815 0.0520866857 0.00244973335
 1362.915 0.0552237705 0.00250381882
 1363.015 0.0550655228 0.00250986101
 1363.115 0.0529465742 0.00247979776
 1363.215 0.0520526953 0.0024499534
 1363.315 0.053381323 0.00245789203
 1363.415 0.0510786917 0.00240178268
 1363.515 0.0520372821 0.00247211697
 1363.615 0.0530892474 0.00245610293
 1363.715 0.0521745295 0.00245634172
 1363.815 0.0523312964 0.00245103482
 1363.915 0.0512576219 0.00243834632
 1364.015 0.0533155722 0.00246328838
 1364.115 0.0495659524 0.00236382454
 1364.215 0.0515428621 0.00242758079
 1364.315 0.0530599653 0.00241138083
 1364.415 0.0452775154 0.00225393276
 1364.515 0.0551733697 0.00248011676
 1364.615 0.0500839428 0.002350918
 1364.715 0.0493943147 0.00238576165
 1364.815 0.0462222013 0.00231748608
 1364.915 0.0480557406 0.00230892212
 1365.015 0.0478521835 0.00234652629
 1365.115 0.0492548839 0.00232038413
 1365.215 0.0529049617 0.00242079182
 1365.315 0.0451023278 0.00228957735
 1365.415 0.0481954072 0.00236188226
 1365.515 0.0451404638 0.00232593241
 1365.615 0.0472360341 0.00232786084
 1365.715 0.0507498097 0.00240003408
 1365.815 0.0467805879 0.00231479639
 1365.915 0.0417047062 0.0022667655
 1366.015 0.0485846163 0.00236317545
 1366.115 0.0460211343 0.00230588913
 1366.215 0.0480322265 0.00240587235
 1366.315 0.0445214578 0.00228434452
 1366.415 0.0466697105 0.00233269631
 1366.515 0.0483344644 0.00232141989
 1366.615 0.0453738518 0.00230547753
 1366.715 0.0430929124 0.00228467175
 1366.815 0.0446863619 0.00228685055
 1366.915 0.0449262141 0.00230650013
 1367.015 0.046482028 0.00230984399
 1367.115 0.0504274098 0.00241054632
 1367.215 0.0461203163 0.00232040043
 1367.315 0.0452907354 0.00226244052
 1367.415 0.0493776664 0.00233207188
 1367.515 0.046585252 0.0023167037
 1367.615 0.0465459997 0.00233507737
 1367.715 0.0422331084 0.00222369658
 1367.815 0.0455405343 0.00230408665
 1367.915 0.0441561044 0.00225436105
 1368.015 0.0521457478 0.00245048483
 1368.115 0.0452241101 0.00225919768
 1368.215 0.0435126247 0.00226737574
 1368.315 0.0426363753 0.00226480555
 1368.415 0.0420644849 0.00227233019
 1368.515 0.0463715215 0.00233178458
 1368.615 0.0486658773 0.00233941767
 1368.715 0.0453010957 0.00228842405
 1368.815 0.0455000212 0.00227897264
 1368.915 0.0485777327 0.00234978038
 1369.015 0.0438588921 0.00226927706
 1369.115 0.045046982 0.00228781558
 1369.215 0.0428887563 0.00224912684
 1369.315 0.0464887768 0.00229030249
 1369.415 0.0437463137 0.00224744191
 1369.515 0.0436656392 0.00224611227
 1369.615 0.0445388573 0.00231231304
 1369.715 0.043331923 0.00225942434
 1369.815 0.0445927359 0.00230029177
 1369.915 0.0427933523 0.00228615194
 1370.015 0.0477828244 0.00234614926
 1370.115 0.046013618 0.00230496661
 1370.215 0.0467627378 0.00228375097
 1370.315 0.0460455748 0.00229027557
 1370.415 0.0421113506 0.00222612963
 1370.515 0.0439161256 0.00221941153
 1370.615 0.0401209028 0.00220774804
 1370.715 0.0474421869 0.00232086409
 1370.815 0.0449199166 0.00231823492
 1370.915 0.0456145436 0.00228830578
 1371.015 0.0417313232 0.00226083291
 1371.115 0.0449950318 0.00224408836
 1371.215 0.0455812341 0.00229602022
 1371.315 0.0429683557 0.0022335399
 1371.415 0.0401102843 0.00221203534
 1371.515 0.042336138 0.0022633137
 1371.615 0.0425280151 0.00223308687
 1371.715 0.0460581025 0.00232294668
 1371.815 0.0476468631 0.00234533766
 1371.915 0.0417223975 0.0022001604
 1372.015 0.0472964058 0.00230375069
 1372.115 0.0420578171 0.00223006106
 1372.215 0.0472457435 0.00231666138
 1372.315 0.0467928387 0.00230376873
 1372.415 0.0462364143 0.0023079507
 1372.515 0.0433160354 0.00223753626
 1372.615 0.0416678095 0.00222981032
 1372.715 0.0439105009 0.00225406412
 1372.815 0.0430891352 0.00225617294
 1372.915 0.0456868298 0.00232664447
 1373.015 0.045046657 0.00226156015
 1373.115 0.0438139998 0.00223834178
 1373.215 0.0460029377 0.00229026903
 1373.315 0.0473018631 0.0023640075
 1373.415 0.0435269233 0.00225828814
 1373.515 0.0472836036 0.00231184312
 1373.615 0.0438270456 0.00227017082
 1373.715 0.0430337122 0.00224878519
 1373.815 0.0388812847 0.00215281598
 1373.915 0.0468453662 0.00230037432
 1374.015 0.0418264889 0.00224313174
 1374.115 0.04525511 0.00227389453
 1374.215 0.0465715279 0.00230620972
 1374.315 0.0437041114 0.00230599836
 1374.415 0.0431252352 0.00226259837
 1374.515 0.0459034006 0.00228019019
 1374.615 0.0445453065 0.00228331778
 1374.715 0.0433998255 0.00225418231
 1374.815 0.0423613742 0.00225759886
 1374.915 0.0414558325 0.00223561518


