# Data from DA_130619_E6.h5 stim 2
# Ratiometric estimator
# Ratiometric estimator:
#    Time    Ca (est)    Ca (se)
  945.015 0.0514769815 0.00296356145
  945.115 0.0526765599 0.00295988124
  945.215 0.0504399461 0.00295837437
  945.315 0.0448184433 0.0028439975
  945.415 0.0479041855 0.00295109707
  945.515 0.0547260206 0.00306581067
  945.615 0.0558930279 0.00306157388
  945.715 0.051374102 0.00296445315
  945.815 0.0533293913 0.00299538324
  945.915 0.0524734586 0.00297596392
  946.015 0.0535690451 0.00307673877
  946.115 0.0566115661 0.00311114356
  946.215 0.0564909942 0.00308069497
  946.315 0.0502547709 0.0029134806
  946.415 0.0484757963 0.00290425105
  946.515 0.0551593285 0.00308367721
  946.615 0.0683917884 0.00344035288
  946.715 0.076831183 0.00363488624
  946.815 0.10478219 0.00446871667
  946.915 0.125251686 0.00502084775
  947.015 0.132008239 0.00542453392
  947.115 0.144212515 0.00585791746
  947.215 0.137422784 0.00545127102
  947.315 0.145903033 0.00575560808
  947.415 0.14031726 0.00556816147
  947.515 0.141304259 0.00565567309
  947.615 0.127705343 0.00529021506
  947.715 0.119859603 0.00497024852
  947.815 0.121533815 0.00497846521
  947.915 0.129377583 0.0052413254
  948.015 0.120166601 0.00493473298
  948.115 0.116537306 0.00482330196
  948.215 0.113829837 0.00473575403
  948.315 0.113253943 0.00473700807
  948.415 0.112306634 0.00474332282
  948.515 0.11234709 0.0047000666
  948.615 0.0967068171 0.00426453848
  948.715 0.112137655 0.00464516917
  948.815 0.11198756 0.00465979801
  948.915 0.103639488 0.00446956095
  949.015 0.109571155 0.00461392326
  949.115 0.101293162 0.00436082636
  949.215 0.106009182 0.00454343825
  949.315 0.0976893012 0.00420973295
  949.415 0.0975766296 0.00427794922
  949.515 0.0960284003 0.00424450176
  949.615 0.0943461178 0.00417974332
  949.715 0.088255101 0.0038922126
  949.815 0.0895447925 0.0039352805
  949.915 0.0940293885 0.00409192779
  950.015 0.0881347839 0.00400557979
  950.115 0.0859914392 0.00381430179
  950.215 0.079098106 0.00366625827
  950.315 0.0780113068 0.00366512283
  950.415 0.0875897735 0.00393528453
  950.515 0.0805126766 0.00372110661
  950.615 0.0820077136 0.00376639734
  950.715 0.0803636818 0.00373054923
  950.815 0.0672638767 0.0033798334
  950.915 0.0786094043 0.00370703996
  951.015 0.0680213056 0.00347793011
  951.115 0.0787512482 0.00368454549
  951.215 0.0709797423 0.00348172636
  951.315 0.0672984233 0.00344383601
  951.415 0.0672362746 0.00337066881
  951.515 0.0705714177 0.00352200748
  951.615 0.0673318282 0.00338113238
  951.715 0.0649155743 0.00333668357
  951.815 0.0690077029 0.00345819163
  951.915 0.0685760374 0.00340860565
  952.015 0.0656329697 0.00335154623
  952.115 0.0680113131 0.00342460534
  952.215 0.0645978579 0.00333842224
  952.315 0.0657381169 0.00335711142
  952.415 0.0695163151 0.00342511991
  952.515 0.0631849809 0.00322796959
  952.615 0.061996755 0.0031986053
  952.715 0.0653919844 0.0033212889
  952.815 0.0617241522 0.00324777685
  952.915 0.061339668 0.00324129736
  953.015 0.0679507869 0.00339711749
  953.115 0.0681943278 0.00338464788
  953.215 0.0666095915 0.00332979419
  953.315 0.0635297233 0.00328898751
  953.415 0.0637059542 0.00324466312
  953.515 0.065117589 0.00330559283
  953.615 0.0605189768 0.00322136588
  953.715 0.0622899927 0.00327563535
  953.815 0.0533857969 0.00306033786
  953.915 0.0627221292 0.00329053199
  954.015 0.0571148903 0.00310048897
  954.115 0.0610326037 0.00317413329
  954.215 0.0641505418 0.00324462475
  954.315 0.06158153 0.00322031358
  954.415 0.0589457748 0.00309999337
  954.515 0.0609520216 0.00322855787
  954.615 0.051699667 0.00296636892
  954.715 0.0622308916 0.00325997014
  954.815 0.0550896415 0.00305248746
  954.915 0.0556517158 0.00305075075
  955.015 0.0534191473 0.00299625714
  955.115 0.0547910896 0.00300373981
  955.215 0.06038721 0.00315104126
  955.315 0.0584415952 0.00307010277
  955.415 0.0569608006 0.00309808175
  955.515 0.058921818 0.00312759646
  955.615 0.0525691107 0.0030103225
  955.715 0.0527237176 0.003039548
  955.815 0.0547472875 0.00306722324
  955.915 0.053557276 0.00304564357
  956.015 0.0535575242 0.00304077035
  956.115 0.0546790323 0.00308090382
  956.215 0.0514874585 0.00304438313
  956.315 0.054056697 0.0030055959
  956.415 0.0557958526 0.00308258243
  956.515 0.057444886 0.00305714778
  956.615 0.0558629618 0.003093538
  956.715 0.0573875432 0.00316372841
  956.815 0.0579333176 0.00312565859
  956.915 0.0510434208 0.00299352181
  957.015 0.0531664722 0.00304231209
  957.115 0.0532499555 0.00304574807
  957.215 0.0549270022 0.0030900859
  957.315 0.0527111043 0.00301142491
  957.415 0.0558322401 0.00302299583
  957.515 0.0533828719 0.0030561205
  957.615 0.0532896685 0.0030570083
  957.715 0.0544732147 0.0030094115
  957.815 0.0525361975 0.00298703594
  957.915 0.0556935203 0.00302350195
  958.015 0.0563012324 0.00312863467
  958.115 0.0551752595 0.00301181067
  958.215 0.0550958701 0.00302795905
  958.315 0.0505160603 0.00296015635
  958.415 0.0519850972 0.00300704685
  958.515 0.0495703092 0.00297988162
  958.615 0.0552526187 0.00302071076
  958.715 0.0501481146 0.00290100763
  958.815 0.0535390399 0.00298130902
  958.915 0.0535312326 0.00298012955
  959.015 0.0535854295 0.00302792572
  959.115 0.0500838286 0.00294439522
  959.215 0.0518385732 0.00295009484
  959.315 0.0521954384 0.00293249755
  959.415 0.0493311568 0.00291179342
  959.515 0.0515571346 0.00295852466
  959.615 0.0536372529 0.00302282417
  959.715 0.055089123 0.0029971611
  959.815 0.0470615588 0.00289561547
  959.915 0.0549474622 0.0031706317
  960.015 0.0510627891 0.00297128312
  960.115 0.0518587892 0.00296799678
  960.215 0.0561903778 0.0030345607
  960.315 0.0515511167 0.0030035689
  960.415 0.0468855025 0.00287180092
  960.515 0.0493475943 0.00287805335
  960.615 0.0541711737 0.00299642289
  960.715 0.0507959627 0.00293588395
  960.815 0.0555828073 0.0030819608
  960.915 0.0519867623 0.00300128167
  961.015 0.0538285428 0.00303270862
  961.115 0.0523657049 0.00295867654
  961.215 0.0474275623 0.00282537941
  961.315 0.0536703481 0.00302805855
  961.415 0.0556954907 0.00307198064
  961.515 0.0511590072 0.00302910632
  961.615 0.0530366716 0.00302395391
  961.715 0.0554301719 0.00304061284
  961.815 0.0527536323 0.00299969108
  961.915 0.0509452389 0.00296669833
  962.015 0.0501972716 0.00295146322
  962.115 0.0508471348 0.00295669185
  962.215 0.0492861674 0.00290467449
  962.315 0.0549383379 0.00304382977
  962.415 0.0514135484 0.00298274246
  962.515 0.0542306735 0.00296946531
  962.615 0.0515620561 0.00297366969
  962.715 0.0541865251 0.00300780267
  962.815 0.0555229389 0.00305946347
  962.915 0.0540845196 0.00302026492
  963.015 0.0513290367 0.00297203997
  963.115 0.0524978945 0.00297533803
  963.215 0.055241786 0.00304567
  963.315 0.0526714837 0.00301473583
  963.415 0.0513273621 0.00298379409
  963.515 0.0554435425 0.00302601335
  963.615 0.0499114304 0.0029253251
  963.715 0.0562999069 0.00306375665
  963.815 0.0471740155 0.00281933481
  963.915 0.0510891782 0.00294529899
  964.015 0.0511435716 0.00296854538
  964.115 0.0472283724 0.00286817023
  964.215 0.052513661 0.00295415387
  964.315 0.0526866874 0.00307065281
  964.415 0.0526851342 0.00298230263
  964.515 0.0498569415 0.00291911381
  964.615 0.047187678 0.00287788434
  964.715 0.0491778731 0.00289631452
  964.815 0.0525594345 0.00296979777
  964.915 0.0532641779 0.0029939963


