# τ vs max κ linear regression for data set DA_130619_E6.h5
# Using stimulation: 1, 2, 3, 4, 5
# Best fit: tau = 1.73993 + 0.00602268 kappa_Fura
# Covariance matrix:
# [ +2.96856e-02, -1.37517e-04  
#   -1.37517e-04, +7.57353e-07  ]
# Total sum of squares (TSS) = 51.3195
# chisq (Residual sum of squares, RSS) = 3.42547
# Probability of observing a larger of equal RSS per DOF under the null hypothesis: 0.330557
# R squared (1-RSS/TSS) = 0.933252
# Estimated gamma/v with standard error: 166.039 +/- 23.9922
# Estimates kappa_S with standard error (using error propagation): 287.896 +/- 50.6065
# kappa_S confidence intervals based on parametric bootstrap
# 0.95 CI for kappa_S: [182.148,468.261]
# 0.99 CI for kappa_S: [158.17,559.214]


# The data
# κ_Fura  τ   τ_SE
79.1039 2.30425 0.14914
152.538 2.61376 0.110116
219.46 2.92173 0.153886
282.171 3.75184 0.218371
335.244 3.71715 0.216038


# The fitted data
# Preticted values with lower and upper bounds of 0.95 CI
# κ_Fura  τ   τ_lwr  τ_upr
-360.87 -0.433476 -1.36847 0.501518
-358.018 -0.416303 -1.34648 0.513879
-355.167 -0.399129 -1.3245 0.52624
-352.315 -0.381955 -1.30251 0.538602
-349.464 -0.364782 -1.28053 0.550964
-346.612 -0.347608 -1.25854 0.563327
-343.761 -0.330434 -1.23656 0.575691
-340.909 -0.31326 -1.21458 0.588055
-338.058 -0.296087 -1.19259 0.60042
-335.206 -0.278913 -1.17061 0.612785
-332.355 -0.261739 -1.14863 0.625151
-329.503 -0.244566 -1.12665 0.637517
-326.652 -0.227392 -1.10467 0.649884
-323.8 -0.210218 -1.08269 0.662252
-320.949 -0.193045 -1.06071 0.674621
-318.097 -0.175871 -1.03873 0.68699
-315.246 -0.158697 -1.01675 0.699359
-312.394 -0.141524 -0.994777 0.71173
-309.543 -0.12435 -0.972801 0.724101
-306.691 -0.107176 -0.950825 0.736473
-303.84 -0.0900025 -0.92885 0.748845
-300.988 -0.0728288 -0.906876 0.761218
-298.137 -0.0556551 -0.884903 0.773592
-295.285 -0.0384814 -0.86293 0.785967
-292.434 -0.0213077 -0.840958 0.798343
-289.582 -0.00413404 -0.818987 0.810719
-286.731 0.0130396 -0.797017 0.823096
-283.879 0.0302133 -0.775047 0.835474
-281.028 0.047387 -0.753078 0.847853
-278.176 0.0645607 -0.731111 0.860232
-275.325 0.0817344 -0.709144 0.872612
-272.473 0.0989081 -0.687177 0.884994
-269.622 0.116082 -0.665212 0.897376
-266.77 0.133255 -0.643248 0.909759
-263.919 0.150429 -0.621284 0.922143
-261.067 0.167603 -0.599322 0.934528
-258.216 0.184777 -0.57736 0.946913
-255.364 0.20195 -0.5554 0.9593
-252.513 0.219124 -0.53344 0.971688
-249.661 0.236298 -0.511482 0.984077
-246.81 0.253471 -0.489524 0.996467
-243.958 0.270645 -0.467567 1.00886
-241.107 0.287819 -0.445612 1.02125
-238.255 0.304992 -0.423658 1.03364
-235.404 0.322166 -0.401704 1.04604
-232.552 0.33934 -0.379752 1.05843
-229.701 0.356513 -0.357801 1.07083
-226.849 0.373687 -0.335851 1.08323
-223.998 0.390861 -0.313903 1.09562
-221.146 0.408035 -0.291955 1.10802
-218.295 0.425208 -0.270009 1.12043
-215.443 0.442382 -0.248064 1.13283
-212.592 0.459556 -0.226121 1.14523
-209.74 0.476729 -0.204179 1.15764
-206.889 0.493903 -0.182238 1.17004
-204.037 0.511077 -0.160298 1.18245
-201.186 0.52825 -0.13836 1.19486
-198.334 0.545424 -0.116424 1.20727
-195.483 0.562598 -0.0944884 1.21968
-192.631 0.579771 -0.0725548 1.2321
-189.78 0.596945 -0.0506227 1.24451
-186.928 0.614119 -0.0286922 1.25693
-184.077 0.631292 -0.0067633 1.26935
-181.225 0.648466 0.015164 1.28177
-178.374 0.66564 0.0370895 1.29419
-175.522 0.682814 0.0590133 1.30661
-172.671 0.699987 0.0809354 1.31904
-169.819 0.717161 0.102856 1.33147
-166.968 0.734335 0.124774 1.3439
-164.116 0.751508 0.146691 1.35633
-161.265 0.768682 0.168605 1.36876
-158.413 0.785856 0.190518 1.38119
-155.562 0.803029 0.212428 1.39363
-152.71 0.820203 0.234337 1.40607
-149.859 0.837377 0.256243 1.41851
-147.007 0.85455 0.278147 1.43095
-144.156 0.871724 0.300049 1.4434
-141.304 0.888898 0.321949 1.45585
-138.453 0.906071 0.343846 1.4683
-135.601 0.923245 0.365741 1.48075
-132.75 0.940419 0.387634 1.4932
-129.898 0.957593 0.409523 1.50566
-127.047 0.974766 0.431411 1.51812
-124.195 0.99194 0.453295 1.53058
-121.344 1.00911 0.475177 1.54305
-118.492 1.02629 0.497056 1.55552
-115.641 1.04346 0.518932 1.56799
-112.789 1.06063 0.540805 1.58046
-109.938 1.07781 0.562676 1.59294
-107.086 1.09498 0.584543 1.60542
-104.235 1.11216 0.606406 1.61791
-101.383 1.12933 0.628267 1.63039
-98.5317 1.1465 0.650124 1.64288
-95.6802 1.16368 0.671977 1.65538
-92.8287 1.18085 0.693827 1.66787
-89.9772 1.19802 0.715673 1.68037
-87.1256 1.2152 0.737516 1.69288
-84.2741 1.23237 0.759354 1.70539
-81.4226 1.24955 0.781189 1.7179
-78.5711 1.26672 0.803019 1.73042
-75.7196 1.28389 0.824845 1.74294
-72.8681 1.30107 0.846666 1.75547
-70.0166 1.31824 0.868483 1.768
-67.1651 1.33541 0.890296 1.78053
-64.3136 1.35259 0.912103 1.79307
-61.4621 1.36976 0.933905 1.80562
-58.6106 1.38693 0.955703 1.81817
-55.7591 1.40411 0.977494 1.83072
-52.9076 1.42128 0.999281 1.84328
-50.0561 1.43846 1.02106 1.85585
-47.2046 1.45563 1.04284 1.86842
-44.3531 1.4728 1.0646 1.881
-41.5016 1.48998 1.08637 1.89359
-38.6501 1.50715 1.10812 1.90618
-35.7986 1.52432 1.12987 1.91878
-32.9471 1.5415 1.15161 1.93138
-30.0956 1.55867 1.17335 1.94399
-27.2441 1.57585 1.19508 1.95661
-24.3926 1.59302 1.2168 1.96924
-21.5411 1.61019 1.23851 1.98188
-18.6896 1.62737 1.26021 1.99452
-15.8381 1.64454 1.28191 2.00718
-12.9866 1.66171 1.30359 2.01984
-10.1351 1.67889 1.32527 2.03251
-7.28356 1.69606 1.34693 2.04519
-4.43206 1.71323 1.36859 2.05788
-1.58056 1.73041 1.39024 2.07058
1.27095 1.74758 1.41187 2.08329
4.12245 1.76476 1.43349 2.09602
6.97395 1.78193 1.45511 2.10875
9.82545 1.7991 1.47671 2.1215
12.677 1.81628 1.49829 2.13426
15.5285 1.83345 1.51987 2.14703
18.38 1.85062 1.54143 2.15982
21.2315 1.8678 1.56297 2.17262
24.083 1.88497 1.5845 2.18544
26.9345 1.90215 1.60602 2.19828
29.786 1.91932 1.62751 2.21112
32.6375 1.93649 1.64899 2.22399
35.489 1.95367 1.67046 2.23688
38.3405 1.97084 1.6919 2.24978
41.192 1.98801 1.71332 2.2627
44.0435 2.00519 1.73473 2.27565
46.895 2.02236 1.75611 2.28861
49.7465 2.03953 1.77747 2.3016
52.598 2.05671 1.7988 2.31462
55.4495 2.07388 1.82011 2.32765
58.301 2.09106 1.8414 2.34072
61.1525 2.10823 1.86265 2.35381
64.004 2.1254 1.88388 2.36693
66.8555 2.14258 1.90508 2.38008
69.707 2.15975 1.92624 2.39326
72.5585 2.17692 1.94737 2.40648
75.41 2.1941 1.96847 2.41973
78.2615 2.21127 1.98953 2.43302
81.113 2.22845 2.01054 2.44635
83.9645 2.24562 2.03152 2.45972
86.816 2.26279 2.05246 2.47313
89.6675 2.27997 2.07334 2.48659
92.519 2.29714 2.09418 2.5001
95.3705 2.31431 2.11497 2.51366
98.222 2.33149 2.13571 2.52727
101.074 2.34866 2.15638 2.54094
103.925 2.36584 2.177 2.55467
106.777 2.38301 2.19755 2.56847
109.628 2.40018 2.21804 2.58233
112.48 2.41736 2.23845 2.59626
115.331 2.43453 2.25879 2.61027
118.183 2.4517 2.27905 2.62435
121.034 2.46888 2.29923 2.63852
123.886 2.48605 2.31932 2.65278
126.737 2.50322 2.33932 2.66713
129.589 2.5204 2.35922 2.68158
132.44 2.53757 2.37901 2.69613
135.292 2.55475 2.3987 2.71079
138.143 2.57192 2.41828 2.72556
140.995 2.58909 2.43774 2.74045
143.846 2.60627 2.45708 2.75546
146.698 2.62344 2.47628 2.7706
149.549 2.64061 2.49535 2.78587
152.401 2.65779 2.51429 2.80129
155.252 2.67496 2.53307 2.81685
158.104 2.69214 2.55171 2.83256
160.955 2.70931 2.57019 2.84842
163.807 2.72648 2.58852 2.86445
166.658 2.74366 2.60668 2.88064
169.51 2.76083 2.62467 2.89699
172.361 2.778 2.64249 2.91351
175.213 2.79518 2.66014 2.93021
178.064 2.81235 2.67762 2.94708
180.916 2.82952 2.69492 2.96413
183.767 2.8467 2.71205 2.98135
186.619 2.86387 2.729 2.99874
189.47 2.88105 2.74578 3.01631
192.322 2.89822 2.76238 3.03406
195.173 2.91539 2.77881 3.05197
198.025 2.93257 2.79508 3.07006
200.876 2.94974 2.81118 3.0883
203.728 2.96691 2.82712 3.10671
206.579 2.98409 2.8429 3.12528
209.431 3.00126 2.85853 3.144
212.282 3.01844 2.87401 3.16286
215.134 3.03561 2.88935 3.18187
217.985 3.05278 2.90455 3.20102
220.837 3.06996 2.91962 3.22029
223.688 3.08713 2.93457 3.23969
226.54 3.1043 2.94939 3.25922
229.391 3.12148 2.9641 3.27886
232.243 3.13865 2.9787 3.2986
235.094 3.15582 2.99319 3.31846
237.946 3.173 3.00759 3.33841
240.797 3.19017 3.02189 3.35846
243.649 3.20735 3.0361 3.37859
246.5 3.22452 3.05022 3.39882
249.352 3.24169 3.06427 3.41912
252.203 3.25887 3.07823 3.4395
255.055 3.27604 3.09213 3.45996
257.906 3.29321 3.10595 3.48048
260.758 3.31039 3.11971 3.50106
263.609 3.32756 3.13341 3.52171
266.461 3.34474 3.14705 3.54242
269.312 3.36191 3.16063 3.56318
272.164 3.37908 3.17416 3.584
275.015 3.39626 3.18765 3.60487
277.867 3.41343 3.20108 3.62578
280.718 3.4306 3.21447 3.64674
283.57 3.44778 3.22782 3.66774
286.421 3.46495 3.24112 3.68878
289.273 3.48212 3.25439 3.70986
292.124 3.4993 3.26763 3.73097
294.976 3.51647 3.28082 3.75212
297.827 3.53365 3.29399 3.7733
300.679 3.55082 3.30712 3.79452
303.53 3.56799 3.32023 3.81576
306.382 3.58517 3.3333 3.83703
309.233 3.60234 3.34635 3.85833
312.085 3.61951 3.35938 3.87965
314.936 3.63669 3.37238 3.901
317.788 3.65386 3.38535 3.92237
320.639 3.67104 3.39831 3.94376
323.491 3.68821 3.41124 3.96518
326.342 3.70538 3.42415 3.98661
329.194 3.72256 3.43705 4.00807
332.045 3.73973 3.44992 4.02954
334.897 3.7569 3.46278 4.05103
337.748 3.77408 3.47562 4.07253
340.6 3.79125 3.48844 4.09406
343.451 3.80842 3.50125 4.1156
346.303 3.8256 3.51405 4.13715
349.154 3.84277 3.52683 4.15872
