# Data from DA_130128_E4.h5 stim 5
# Ratiometric estimator
# Ratiometric estimator:
#    Time    Ca (est)    Ca (se)
 3640.015 0.0274596785 0.00158227813
 3640.115 0.0241403695 0.00156422645
 3640.215 0.028225825 0.00160645365
 3640.315 0.0238750714 0.00156991359
 3640.415 0.0283848201 0.00160423779
 3640.515 0.0269079677 0.00158664943
 3640.615 0.0222918174 0.00153449669
 3640.715 0.0256216408 0.0015715512
 3640.815 0.0238415622 0.00155510851
 3640.915 0.0241156979 0.00156789285
 3641.015 0.0299361312 0.00164825481
 3641.115 0.0260350844 0.00160019276
 3641.215 0.0300976122 0.00163168197
 3641.315 0.0292940472 0.00162171768
 3641.415 0.0269260316 0.00159874172
 3641.515 0.025003828 0.0015982056
 3641.615 0.0350327562 0.00172331421
 3641.715 0.0493202124 0.00188240471
 3641.815 0.0540301327 0.0020027841
 3641.915 0.0579768873 0.00202574411
 3642.015 0.0699626391 0.00223578379
 3642.115 0.0729156499 0.00228212402
 3642.215 0.0726365356 0.00223667771
 3642.315 0.0715541313 0.00224450431
 3642.415 0.0691583845 0.00220596892
 3642.515 0.0705145301 0.00223860998
 3642.615 0.0697188625 0.00224073464
 3642.715 0.0669037579 0.00218066614
 3642.815 0.0668949866 0.00217233057
 3642.915 0.0647680515 0.00214044796
 3643.015 0.0661408559 0.00214646175
 3643.115 0.0629275077 0.00211246374
 3643.215 0.0645060581 0.00211799604
 3643.315 0.061506656 0.00209452732
 3643.415 0.0597464308 0.00209097324
 3643.515 0.0651795901 0.0021243133
 3643.615 0.058221655 0.00205454861
 3643.715 0.0580385531 0.00201162501
 3643.815 0.0570888395 0.00201047599
 3643.915 0.0587556935 0.00204965417
 3644.015 0.0521072841 0.00195858147
 3644.115 0.0564351808 0.00198708653
 3644.215 0.0541274347 0.00199282909
 3644.315 0.0502086597 0.0019137868
 3644.415 0.0496489455 0.00192748346
 3644.515 0.049418244 0.00192714692
 3644.615 0.0493238034 0.00192145577
 3644.715 0.0502762713 0.00189414308
 3644.815 0.0495980307 0.00189183941
 3644.915 0.0470724869 0.0018701057
 3645.015 0.0445173319 0.00184151921
 3645.115 0.0487746542 0.00186461958
 3645.215 0.0486933455 0.00189154875
 3645.315 0.045476577 0.00183326181
 3645.415 0.0431493046 0.00184066923
 3645.515 0.0430663382 0.00181055092
 3645.615 0.0434679619 0.00183032145
 3645.715 0.0418652993 0.00179081871
 3645.815 0.0467024519 0.0018526607
 3645.915 0.0436134742 0.00183687686
 3646.015 0.0452285557 0.00186336303
 3646.115 0.0435256378 0.00180917451
 3646.215 0.0409191072 0.00179404929
 3646.315 0.0435321098 0.00182641607
 3646.415 0.039073421 0.00176171468
 3646.515 0.0417545807 0.00181575686
 3646.615 0.0381190089 0.00175339978
 3646.715 0.0375403726 0.00173492183
 3646.815 0.0405759097 0.00178082603
 3646.915 0.0401497652 0.00177210752
 3647.015 0.0410968908 0.00179873267
 3647.115 0.036629496 0.00174134064
 3647.215 0.0350908718 0.0017306558
 3647.315 0.038822132 0.00176345267
 3647.415 0.0383181314 0.00177951571
 3647.515 0.0354692139 0.0016926396
 3647.615 0.0367130909 0.00172478778
 3647.715 0.0372997301 0.00173977116
 3647.815 0.0356345921 0.00171183131
 3647.915 0.0342408409 0.00171034069
 3648.015 0.0374618622 0.00175280579
 3648.115 0.0328259456 0.00168937704
 3648.215 0.0349792791 0.00172117211
 3648.315 0.0393685303 0.00176504465
 3648.415 0.0320190268 0.00166555409
 3648.515 0.0383232799 0.00176676705
 3648.615 0.0355979545 0.0017135369
 3648.715 0.0329343947 0.00169745301
 3648.815 0.034599084 0.00171013271
 3648.915 0.0341063424 0.00170560737
 3649.015 0.0333499963 0.00167892047
 3649.115 0.0318468519 0.00165332002
 3649.215 0.0302455565 0.00165714574
 3649.315 0.0324861939 0.00167913487
 3649.415 0.0314116813 0.00163971005
 3649.515 0.0311419271 0.00167544437
 3649.615 0.0302705076 0.00163328542
 3649.715 0.0318228502 0.0016782571
 3649.815 0.0323842426 0.00167901835
 3649.915 0.0318043396 0.00167400773
 3650.015 0.0325865291 0.00168039769
 3650.115 0.0315897834 0.00165002362
 3650.215 0.0306097012 0.0016463975
 3650.315 0.0294910554 0.00162958128
 3650.415 0.0292483237 0.001638738
 3650.515 0.0280412601 0.00163112473
 3650.615 0.0318301425 0.00168107076
 3650.715 0.0318296954 0.00167803074
 3650.815 0.027436237 0.00161220628
 3650.915 0.0292900793 0.00164679981
 3651.015 0.0308700616 0.00166022352
 3651.115 0.0315175379 0.00165653837
 3651.215 0.0293099202 0.00167853448
 3651.315 0.0317808307 0.00165796165
 3651.415 0.0294404985 0.0016322922
 3651.515 0.0294228753 0.00162021114
 3651.615 0.0298744306 0.00165326762
 3651.715 0.0310575881 0.00167646046
 3651.815 0.0281728836 0.0016043514
 3651.915 0.0289051449 0.00162707783
 3652.015 0.0313172813 0.00165633268
 3652.115 0.0288387299 0.00164374311
 3652.215 0.0288262284 0.0016484605
 3652.315 0.030429616 0.00162358613
 3652.415 0.0322794551 0.00164815403
 3652.515 0.0295006152 0.00164704102
 3652.615 0.0317286261 0.00168048067
 3652.715 0.0277798657 0.00162181184
 3652.815 0.0311522674 0.00165835923
 3652.915 0.028866089 0.00160493136
 3653.015 0.0275784399 0.0016380939
 3653.115 0.0288539945 0.00160919915
 3653.215 0.03170526 0.00167492576
 3653.315 0.0273587986 0.00162882181
 3653.415 0.0315036393 0.00169510528
 3653.515 0.027194152 0.0016193968
 3653.615 0.0274498224 0.00159976372
 3653.715 0.0273274669 0.00159762656
 3653.815 0.0297166113 0.00161628917
 3653.915 0.0305161294 0.00165460362
 3654.015 0.0280403165 0.00161635371
 3654.115 0.0304031412 0.00164935916
 3654.215 0.0300012335 0.00163673947
 3654.315 0.030308953 0.00163132741
 3654.415 0.0260930022 0.00158972565
 3654.515 0.0314027984 0.00164019518
 3654.615 0.0293832842 0.00164447997
 3654.715 0.0266997857 0.00159184745
 3654.815 0.0298272424 0.00165052823
 3654.915 0.0262676506 0.00163413486
 3655.015 0.0271056523 0.0016240351
 3655.115 0.0276093492 0.00161200871
 3655.215 0.0299226795 0.00162968411
 3655.315 0.0256709012 0.00157289427
 3655.415 0.0295311341 0.00163389865
 3655.515 0.030568999 0.00161552982
 3655.615 0.0292098521 0.00163417251
 3655.715 0.0287148157 0.00161520497
 3655.815 0.0313943512 0.00167417588
 3655.915 0.028413182 0.00163002806
 3656.015 0.0273766055 0.00162609258
 3656.115 0.0300651606 0.00163203286
 3656.215 0.0298727873 0.00162643207
 3656.315 0.0279544648 0.00162457929
 3656.415 0.0306016845 0.00165815064
 3656.515 0.0268374091 0.00162266766
 3656.615 0.0264974967 0.00160312934
 3656.715 0.0300033653 0.00164721531
 3656.815 0.0292841839 0.00164137436
 3656.915 0.0268990218 0.00160064518
 3657.015 0.0291417637 0.00164259186
 3657.115 0.0310205064 0.00166382156
 3657.215 0.0306732664 0.00165098598
 3657.315 0.0257137432 0.00159001328
 3657.415 0.0262598165 0.00160400977
 3657.515 0.0262433399 0.00160497215
 3657.615 0.0257719003 0.0016031889
 3657.715 0.0288193164 0.00163535862
 3657.815 0.0279736964 0.00162814546
 3657.915 0.0265308814 0.00160235463
 3658.015 0.0255359671 0.00158442125
 3658.115 0.0295114733 0.00162254286
 3658.215 0.0303748683 0.00164548486
 3658.315 0.0289124276 0.00164837171
 3658.415 0.0281995977 0.00161996604
 3658.515 0.0271566932 0.00160798323
 3658.615 0.0293898709 0.00163707663
 3658.715 0.0293444233 0.00161762077
 3658.815 0.031013249 0.00164575799
 3658.915 0.0310960393 0.00163746845
 3659.015 0.0333600037 0.00168031907
 3659.115 0.0296385313 0.00164410083
 3659.215 0.0310157529 0.00165261898
 3659.315 0.0300535738 0.00167293654
 3659.415 0.0282802357 0.00161735898
 3659.515 0.0302046893 0.00163655118
 3659.615 0.0278675016 0.00163637746
 3659.715 0.025050532 0.00157138292
 3659.815 0.025828723 0.00159614119
 3659.915 0.0270427321 0.00162272414


