# Data from DA_130128_E4.h5 stim 2
# Ratiometric estimator
# Ratiometric estimator:
#    Time    Ca (est)    Ca (se)
 2380.015 0.0388268155 0.00308680982
 2380.115 0.0315748538 0.00296853143
 2380.215 0.0342123057 0.0030157398
 2380.315 0.0392414553 0.00316305651
 2380.415 0.0363483076 0.00305772445
 2380.515 0.03687565 0.00308979706
 2380.615 0.0297895958 0.00288993728
 2380.715 0.0371397343 0.00311878101
 2380.815 0.0393337969 0.00315400821
 2380.915 0.0390197481 0.00309775651
 2381.015 0.0379103651 0.00313405293
 2381.115 0.0319627138 0.00297141333
 2381.215 0.0402127696 0.00313220365
 2381.315 0.0378848275 0.0031028747
 2381.415 0.0350572925 0.00304518762
 2381.515 0.0391269135 0.00315449194
 2381.615 0.0568769538 0.00358010325
 2381.715 0.0753904437 0.00405866807
 2381.815 0.0831349727 0.00435352676
 2381.915 0.107265953 0.00491559612
 2382.015 0.114642423 0.0052564382
 2382.115 0.111954615 0.00524982209
 2382.215 0.103430778 0.00491315022
 2382.315 0.106251328 0.0049342628
 2382.415 0.0953344638 0.00466304918
 2382.515 0.0943678144 0.00470827654
 2382.615 0.091537196 0.00461838883
 2382.715 0.0787896089 0.00418742835
 2382.815 0.0753730922 0.00408129224
 2382.915 0.0692144934 0.00392650604
 2383.015 0.0728906473 0.00403144708
 2383.115 0.0736101944 0.00405522116
 2383.215 0.0688114689 0.00387138776
 2383.315 0.0685917105 0.00389371675
 2383.415 0.0619115408 0.0037758
 2383.515 0.0602809132 0.003658156
 2383.615 0.0547549609 0.00357718439
 2383.715 0.0585868692 0.00361606677
 2383.815 0.052673797 0.00351526807
 2383.915 0.0563452332 0.00358640776
 2384.015 0.0549089818 0.00356254596
 2384.115 0.0520695259 0.00336625234
 2384.215 0.0556830364 0.00360137567
 2384.315 0.0540258231 0.00353895014
 2384.415 0.0504572245 0.00338555757
 2384.515 0.0560158525 0.00360219749
 2384.615 0.0500908883 0.00345533418
 2384.715 0.0486024203 0.00331028125
 2384.815 0.051573821 0.00342088288
 2384.915 0.0442228471 0.00324479971
 2385.015 0.0436580703 0.00327887421
 2385.115 0.0427721528 0.0031711319
 2385.215 0.0489909146 0.00336147303
 2385.315 0.0391253742 0.0031280001
 2385.415 0.0437633343 0.00328627286
 2385.515 0.0452578468 0.00328055671
 2385.615 0.0423236551 0.00324072733
 2385.715 0.0419268453 0.00322508803
 2385.815 0.0462220627 0.00326475961
 2385.915 0.0422785375 0.00325510258
 2386.015 0.0473581258 0.00340334542
 2386.115 0.039819012 0.00315474224
 2386.215 0.0472098728 0.0033382
 2386.315 0.0434424556 0.00323641368
 2386.415 0.046777844 0.00328509126
 2386.515 0.0432760402 0.00323783446
 2386.615 0.0447464731 0.00325363019
 2386.715 0.0354010447 0.00306921987
 2386.815 0.0401436619 0.00315548931
 2386.915 0.0381953546 0.00307832866
 2387.015 0.0418788287 0.00320038811
 2387.115 0.0389331395 0.00309625985
 2387.215 0.0364690141 0.00310713863
 2387.315 0.040228649 0.00318652136
 2387.415 0.04164599 0.00323744514
 2387.515 0.0340064868 0.00298640708
 2387.615 0.0355916971 0.00304691784
 2387.715 0.041719141 0.00318954159
 2387.815 0.0395236603 0.00311117449
 2387.915 0.0399374467 0.00318710498
 2388.015 0.0409725046 0.00318655273
 2388.115 0.0389980844 0.00310170886
 2388.215 0.0360698121 0.00305425652
 2388.315 0.041440294 0.00315660972
 2388.415 0.0401720358 0.00309237789
 2388.515 0.0397498632 0.00320433679
 2388.615 0.0374482507 0.00309474951
 2388.715 0.0339870972 0.00303841855
 2388.815 0.0382786109 0.00312218447
 2388.915 0.0372334642 0.00311489009
 2389.015 0.0444104873 0.00324568605
 2389.115 0.0398682758 0.00313080948
 2389.215 0.0383240328 0.00312991576
 2389.315 0.0365758872 0.00308757271
 2389.415 0.04096244 0.00311582013
 2389.515 0.0380986455 0.00314266801
 2389.615 0.0416241389 0.00318809229
 2389.715 0.0338505566 0.00304369575
 2389.815 0.0386249304 0.00310015704
 2389.915 0.0424725437 0.00321703713
 2390.015 0.0374221838 0.00305108
 2390.115 0.0399954622 0.00309628979
 2390.215 0.0400771638 0.00311523886
 2390.315 0.0344566021 0.00296701759
 2390.415 0.0330949437 0.00298455745
 2390.515 0.036821455 0.00308677207
 2390.615 0.0374237487 0.00308460768
 2390.715 0.0328227664 0.00300144595
 2390.815 0.0353923107 0.00301412399
 2390.915 0.0339291583 0.00306974251
 2391.015 0.0359737529 0.00307385959
 2391.115 0.0300137604 0.00290894497
 2391.215 0.0345380624 0.00307724435
 2391.315 0.0382346631 0.00307914279
 2391.415 0.037005807 0.00308251584
 2391.515 0.0365793871 0.00302371939
 2391.615 0.0312546506 0.00294556342
 2391.715 0.0342183403 0.00306499569
 2391.815 0.0384263304 0.0031068866
 2391.915 0.0363022166 0.00304146319
 2392.015 0.0273159518 0.00282402227
 2392.115 0.0394139045 0.00311969726
 2392.215 0.0289816784 0.00292914164
 2392.315 0.0318629568 0.00290793039
 2392.415 0.0352782889 0.00301235892
 2392.515 0.0371212244 0.00311467265
 2392.615 0.0376432797 0.00310487601
 2392.715 0.033376093 0.00297144067
 2392.815 0.0360501069 0.00306553418
 2392.915 0.0388425757 0.00302990528
 2393.015 0.0343572885 0.00303212571
 2393.115 0.0363485834 0.00301648541
 2393.215 0.028413055 0.00289455781
 2393.315 0.0355487602 0.00307625692
 2393.415 0.0311619424 0.00301876002
 2393.515 0.0336288633 0.00298394574
 2393.615 0.0321708717 0.00294168758
 2393.715 0.0346194232 0.00302403631
 2393.815 0.0274345248 0.00281872281
 2393.915 0.0366946721 0.00307735134
 2394.015 0.0378942717 0.00307346931
 2394.115 0.0324241485 0.00294965941
 2394.215 0.0339551614 0.00295396708
 2394.315 0.0353769256 0.00298219672
 2394.415 0.0356885854 0.00300100374
 2394.515 0.033941978 0.00296266428
 2394.615 0.0299541437 0.00291453268
 2394.715 0.0337937186 0.00297585015
 2394.815 0.0322826082 0.00295440303
 2394.915 0.029013965 0.00295408019
 2395.015 0.0359005139 0.00302965253
 2395.115 0.0328138043 0.0029334496
 2395.215 0.0327683936 0.00293607394
 2395.315 0.031265137 0.00290297006
 2395.415 0.0297029225 0.00285955094
 2395.515 0.0298623572 0.00283120706
 2395.615 0.0335934602 0.00294770262
 2395.715 0.0319830797 0.00291023388
 2395.815 0.0330472621 0.00298495956
 2395.915 0.0348532646 0.0029891632
 2396.015 0.0315049058 0.00290540065
 2396.115 0.0307493625 0.00288105481
 2396.215 0.032727771 0.00292534911
 2396.315 0.0318204169 0.00294063623
 2396.415 0.0354124039 0.00302099537
 2396.515 0.0380203617 0.00310947451
 2396.615 0.0338581098 0.00297255009
 2396.715 0.0369621937 0.00306172067
 2396.815 0.0372826638 0.00307801113
 2396.915 0.0346310673 0.00298091835
 2397.015 0.0307401614 0.00294601131
 2397.115 0.032710671 0.00298895133
 2397.215 0.0261176107 0.00284510462
 2397.315 0.0358220411 0.00301637254
 2397.415 0.0367931312 0.00306148644
 2397.515 0.0320698759 0.00297893621
 2397.615 0.0364965537 0.00301377518
 2397.715 0.0323175056 0.0029058797
 2397.815 0.0357026174 0.00299416192
 2397.915 0.0367958885 0.00305749226
 2398.015 0.0300058367 0.00291688283
 2398.115 0.0351354137 0.00297892962
 2398.215  0.028532 0.00285148783
 2398.315 0.0336469139 0.00300932474
 2398.415 0.0283568428 0.00286912252
 2398.515 0.0381014815 0.00306888599
 2398.615 0.033683023 0.00297182126
 2398.715 0.031980715 0.00290755915
 2398.815 0.0325100919 0.00293891465
 2398.915 0.0348276641 0.00295004071
 2399.015 0.0328322184 0.00297737926
 2399.115 0.0317245815 0.00291867573
 2399.215 0.0312691642 0.00294571787
 2399.315 0.0326821609 0.00302154182
 2399.415 0.0321331761 0.00293121161
 2399.515 0.0290131819 0.0028446745
 2399.615 0.0319041635 0.00293642958
 2399.715 0.0286946672 0.00283427158
 2399.815 0.0286185463 0.00287329637
 2399.915 0.0352324136 0.00302208089


