# Data from DA_130128_E4.h5 stim 4
# Ratiometric estimator
# Ratiometric estimator:
#    Time    Ca (est)    Ca (se)
 3200.015 0.0222175662 0.00170688484
 3200.115 0.0245405485 0.00173253364
 3200.215 0.022058107 0.00170974604
 3200.315 0.0229134909 0.00174313613
 3200.415 0.0243997096 0.0017348731
 3200.515 0.0229331297 0.00170661769
 3200.615 0.024761061 0.00172756801
 3200.715 0.0239499191 0.00173137765
 3200.815 0.0261297636 0.00175636697
 3200.915 0.0243045075 0.00172953973
 3201.015 0.0228610893 0.00173452319
 3201.115 0.022861981 0.00172500423
 3201.215 0.0233645921 0.00171375767
 3201.315 0.0249807747 0.00173982787
 3201.415 0.0234438371 0.00172843395
 3201.515 0.0240383728 0.00175440307
 3201.615 0.0340850556 0.00189122581
 3201.715 0.0511319244 0.00211386257
 3201.815 0.0581385287 0.0022495672
 3201.915 0.0683603916 0.00240282162
 3202.015 0.0729693439 0.00251690931
 3202.115 0.0731838342 0.00255588649
 3202.215 0.0715472746 0.00245553513
 3202.315 0.0701878785 0.00246049769
 3202.415 0.0725399985 0.00251188643
 3202.515 0.0713558997 0.00250183576
 3202.615 0.0757272157 0.00259655837
 3202.715 0.0668934326 0.00241854378
 3202.815 0.0620202258 0.00232929393
 3202.915 0.0631957592 0.0023410381
 3203.015 0.065545343 0.00237473478
 3203.115 0.059846857 0.00230716096
 3203.215 0.0588674393 0.00225171021
 3203.315 0.0602014511 0.0023063904
 3203.415 0.0570291665 0.00227553258
 3203.515 0.0554683728 0.00221489495
 3203.615 0.0548533205 0.00221022654
 3203.715 0.0534346373 0.00216883118
 3203.815 0.0482949674 0.00209280929
 3203.915 0.0532741151 0.00219922603
 3204.015 0.0477920433 0.00209019427
 3204.115 0.050985105 0.00211935837
 3204.215 0.0495737913 0.00214120218
 3204.315 0.0501913917 0.00210831149
 3204.415 0.0448645355 0.00206145433
 3204.515 0.0430074235 0.0020386701
 3204.615 0.0464134726 0.00208947134
 3204.715 0.0436958346 0.00200034192
 3204.815 0.0474495147 0.00205757254
 3204.915 0.041911896 0.00199853841
 3205.015 0.0432035795 0.00201503663
 3205.115 0.0394629741 0.00194080211
 3205.215 0.0401438699 0.00195310822
 3205.315 0.0395826887 0.00193965714
 3205.415 0.0411932244 0.00201655539
 3205.515 0.0387587151 0.0019445356
 3205.615 0.0416577954 0.00200781255
 3205.715 0.0393832209 0.00194777054
 3205.815 0.0418001975 0.00196931503
 3205.915 0.0389365791 0.00196443701
 3206.015 0.0350983192 0.0019291343
 3206.115 0.0342505471 0.00188044952
 3206.215 0.0358504779 0.00190442006
 3206.315 0.0346414064 0.00190241708
 3206.415 0.0339675544 0.00187403003
 3206.515 0.0319130273 0.00185518196
 3206.615 0.0337427644 0.00187656147
 3206.715 0.0349116987 0.0019087573
 3206.815 0.031457481 0.00184476594
 3206.915 0.0348219916 0.00188262495
 3207.015 0.0320287775 0.00185900989
 3207.115 0.0319016792 0.00185616562
 3207.215 0.0314838256 0.00185657629
 3207.315 0.0311041412 0.00184719622
 3207.415 0.0327715734 0.00187885649
 3207.515 0.0325629814 0.00183124245
 3207.615 0.0332195407 0.00185489122
 3207.715 0.0310116412 0.00184996569
 3207.815 0.0314353602 0.00182031518
 3207.915 0.0319769208 0.00185820041
 3208.015 0.033895918 0.00188951297
 3208.115 0.0284450612 0.00180865884
 3208.215 0.0315464979 0.00184801168
 3208.315 0.0327812552 0.00184035441
 3208.415 0.0309137207 0.00181387052
 3208.515 0.0328938955 0.00187418061
 3208.615 0.0315502772 0.00184228751
 3208.715 0.0272238561 0.00178220589
 3208.815 0.029180726 0.00181931181
 3208.915 0.0294316736 0.00181117736
 3209.015 0.0306557578 0.00183075324
 3209.115 0.0245638634 0.00173491732
 3209.215 0.0296711416 0.00182929712
 3209.315 0.0307777983 0.00183055792
 3209.415 0.0261789899 0.00174554888
 3209.515 0.0299506332 0.00183003425
 3209.615 0.0276724718 0.00176909472
 3209.715 0.0290995093 0.00182205615
 3209.815 0.0291565976 0.00180627705
 3209.915 0.0289064415 0.00179325806
 3210.015 0.0274080874 0.0017677014
 3210.115 0.0290765803 0.00178396368
 3210.215 0.0299306381 0.00180167962
 3210.315 0.0296637534 0.00178915689
 3210.415 0.0266908375 0.00177232642
 3210.515 0.0272910189 0.00178712501
 3210.615 0.0305419642 0.0018283036
 3210.715 0.0253206251 0.00175834656
 3210.815 0.0265667311 0.00176490931
 3210.915 0.0251335167 0.0017550191
 3211.015 0.0293729302 0.00182205858
 3211.115 0.0267698775 0.00176947558
 3211.215 0.0266956346 0.00181076869
 3211.315 0.0285475193 0.00179515469
 3211.415 0.0277266714 0.0017843045
 3211.515 0.0308607612 0.0018090792
 3211.615 0.025239169 0.00177079963
 3211.715 0.0267652698 0.00178479344
 3211.815 0.026964632 0.00177228487
 3211.915 0.0253475009 0.00173792917
 3212.015 0.0276651463 0.00176140069
 3212.115 0.0275480017 0.00179224532
 3212.215 0.0281366037 0.00180344486
 3212.315 0.0281480976 0.0017776186
 3212.415 0.0290506307 0.00177446616
 3212.515 0.0273221363 0.00178727297
 3212.615 0.0270665181 0.00179719005
 3212.715 0.0255057739 0.00176420312
 3212.815 0.0263494274 0.0017795826
 3212.915 0.0269245451 0.00174625561
 3213.015 0.0257503285 0.00179038062
 3213.115 0.0287688275 0.0017744813
 3213.215 0.0278898513 0.00178900032
 3213.315 0.0256879604 0.00177402502
 3213.415 0.0259468162 0.00178722777
 3213.515 0.0275609187 0.00179289811
 3213.615 0.0313512641 0.00181299188
 3213.715 0.0308213753 0.0018038186
 3213.815 0.0278128524 0.00177024294
 3213.915 0.0241476635 0.00173043464
 3214.015 0.0256177968 0.0017547385
 3214.115 0.0233767605 0.00171879185
 3214.215 0.0279811452 0.00178158752
 3214.315 0.0280423052 0.00176079137
 3214.415 0.0274413233 0.00177922796
 3214.515 0.0267051255 0.00176489168
 3214.615 0.0222760715 0.00171909533
 3214.715 0.0291223375 0.00178969965
 3214.815 0.0249832769 0.00176130022
 3214.915 0.0256633207 0.00179069997
 3215.015 0.0273486825 0.0017774737
 3215.115 0.0251640084 0.00175381696
 3215.215 0.0294059059 0.00178052908
 3215.315 0.0254499547 0.00175159963
 3215.415 0.0269824603 0.00176387133
 3215.515 0.0295196678 0.00177202298
 3215.615 0.0259484426 0.00175368793
 3215.715 0.0278655915 0.0017634495
 3215.815 0.0235576978 0.00175811704
 3215.915 0.0256766691 0.00176089169
 3216.015 0.0285123516 0.00180916553
 3216.115 0.028958893 0.0017774926
 3216.215 0.025901045 0.00174876742
 3216.315 0.0250684499 0.00174989615
 3216.415 0.0267674165 0.00177239602
 3216.515 0.0266398598 0.0017933385
 3216.615 0.0250892061 0.00174460891
 3216.715 0.0279016658 0.00180438553
 3216.815 0.0225624354 0.00171286334
 3216.915 0.0242043805 0.00174028778
 3217.015 0.0274099241 0.00179663307
 3217.115 0.0284367887 0.00179846149
 3217.215 0.0239575249 0.00172985504
 3217.315 0.0266280549 0.00174540203
 3217.415 0.026447164 0.00178420338
 3217.515 0.0281096137 0.00178686935
 3217.615 0.0262535639 0.00177516703
 3217.715 0.0276541953 0.00178420298
 3217.815 0.0257639884 0.00175560864
 3217.915 0.0246710499 0.00175200362
 3218.015 0.0241951196 0.00174482236
 3218.115 0.0246696801 0.00172046719
 3218.215 0.0254590713 0.00176458803
 3218.315 0.0270568035 0.00179858887
 3218.415 0.0274828388 0.00178022285
 3218.515 0.0262270856 0.00175796024
 3218.615 0.027889729 0.00179067834
 3218.715 0.0267655102 0.00177087086
 3218.815 0.0304509142 0.00180848865
 3218.915 0.0271704864 0.00176710048
 3219.015 0.0245324645 0.00175732953
 3219.115 0.0255489488 0.00175969667
 3219.215 0.0284657551 0.00179758545
 3219.315 0.0278270541 0.00181114414
 3219.415 0.0255747711 0.00175448909
 3219.515 0.0266570109 0.00176920634
 3219.615 0.0271897445 0.0017856869
 3219.715 0.0255221125 0.00174407834
 3219.815 0.0231643826 0.00171737236
 3219.915 0.0293521351 0.00182327929


