# Data from DA_130128_E4.h5 stim 5
# Ratiometric estimator mono-exponential fit
# Fitted model Ca = baseline+delta*exp(-(t-t0)/tau)
# nobs = 161
# number of degrees of freedom = 158
# baseline length = 7
# fit started from point 46
# estimated baseline 0.0277386 and standard error 0.000240653
# estimated delta 0.0227467 and standard error 0.000638539
# estimated tau 3.10516 and standard error 0.172172
# residual sum of squares: 202.398
# RSS per degree of freedom: 1.281
# Probability of observing a larger of equal RSS per DOF under the null hypothesis: 0.00983743
# WARNING: THE FIT IS NOT GOOD!

# rss per degree of freedom: 1.281

# Time    Ca  Prediction  Residual
3640.01 0.0274597 0.0277386 -0.176304
3640.11 0.0241404 0.0277386 -2.30035
3640.21 0.0282258 0.0277386 0.303267
3640.31 0.0238751 0.0277386 -2.46101
3640.41 0.0283848 0.0277386 0.402795
3640.51 0.026908 0.0277386 -0.523539
3640.61 0.0222918 0.0277386 -3.54958

3644.61 0.0493238 0.0504854 -0.604528
3644.71 0.0502763 0.0497645 0.270186
3644.81 0.049598 0.0490665 0.280977
3644.91 0.0470725 0.0483906 -0.704811
3645.01 0.0445173 0.0477361 -1.74787
3645.11 0.0487747 0.0471023 0.896876
3645.21 0.0486933 0.0464887 1.16555
3645.31 0.0454766 0.0458944 -0.227936
3645.41 0.0431493 0.0453191 -1.17879
3645.51 0.0430663 0.0447619 -0.936495
3645.61 0.043468 0.0442224 -0.412199
3645.71 0.0418653 0.0437 -1.02452
3645.81 0.0467025 0.0431942 1.89364
3645.91 0.0436135 0.0427044 0.494915
3646.01 0.0452286 0.0422301 1.60917
3646.11 0.0435256 0.0417708 0.969947
3646.21 0.0409191 0.0413261 -0.226876
3646.31 0.0435321 0.0408955 1.44358
3646.41 0.0390734 0.0404786 -0.797601
3646.51 0.0417546 0.0400748 0.925102
3646.61 0.038119 0.0396839 -0.892472
3646.71 0.0375404 0.0393053 -1.0173
3646.81 0.0405759 0.0389387 0.91933
3646.91 0.0401498 0.0385838 0.883677
3647.01 0.0410969 0.0382401 1.58823
3647.11 0.0366295 0.0379073 -0.733799
3647.21 0.0350909 0.037585 -1.44116
3647.31 0.0388221 0.037273 0.878474
3647.41 0.0383181 0.0369708 0.757118
3647.51 0.0354692 0.0366782 -0.714288
3647.61 0.0367131 0.0363949 0.18446
3647.71 0.0372997 0.0361206 0.677746
3647.81 0.0356346 0.035855 -0.128738
3647.91 0.0342408 0.0355978 -0.793357
3648.01 0.0374619 0.0353487 1.2056
3648.11 0.0328259 0.0351075 -1.35054
3648.21 0.0349793 0.034874 0.0611778
3648.31 0.0393685 0.0346479 2.67454
3648.41 0.032019 0.0344289 -1.44688
3648.51 0.0383233 0.0342169 2.32425
3648.61 0.035598 0.0340116 0.9258
3648.71 0.0329344 0.0338128 -0.517463
3648.81 0.0345991 0.0336203 0.572364
3648.91 0.0341063 0.0334339 0.394272
3649.01 0.03335 0.0332534 0.0575476
3649.11 0.0318469 0.0330786 -0.74502
3649.21 0.0302456 0.0329094 -1.60748
3649.31 0.0324862 0.0327455 -0.154434
3649.41 0.0314117 0.0325868 -0.716683
3649.51 0.0311419 0.0324332 -0.770697
3649.61 0.0302705 0.0322844 -1.23304
3649.71 0.0318229 0.0321403 -0.189184
3649.81 0.0323842 0.0320009 0.228342
3649.91 0.0318043 0.0318658 -0.0367006
3650.01 0.0325865 0.031735 0.506753
3650.11 0.0315898 0.0316083 -0.0112414
3650.21 0.0306097 0.0314857 -0.532068
3650.31 0.0294911 0.0313669 -1.15115
3650.41 0.0292483 0.031252 -1.22267
3650.51 0.0280413 0.0311406 -1.90014
3650.61 0.0318301 0.0310328 0.474304
3650.71 0.0318297 0.0309284 0.537111
3650.81 0.0274362 0.0308273 -2.10338
3650.91 0.0292901 0.0307294 -0.874032
3651.01 0.0308701 0.0306347 0.141794
3651.11 0.0315175 0.0305429 0.588374
3651.21 0.0293099 0.030454 -0.681596
3651.31 0.0317808 0.0303679 0.85218
3651.41 0.0294405 0.0302846 -0.51714
3651.51 0.0294229 0.0302039 -0.482074
3651.61 0.0298744 0.0301258 -0.152049
3651.71 0.0310576 0.0300502 0.600929
3651.81 0.0281729 0.0299769 -1.12445
3651.91 0.0289051 0.029906 -0.615104
3652.01 0.0313173 0.0298373 0.893541
3652.11 0.0288387 0.0297708 -0.567024
3652.21 0.0288262 0.0297064 -0.533918
3652.31 0.0304296 0.029644 0.483871
3652.41 0.0322795 0.0295836 1.63567
3652.51 0.0295006 0.0295252 -0.0148999
3652.61 0.0317286 0.0294685 1.34491
3652.71 0.0277799 0.0294137 -1.00742
3652.81 0.0311523 0.0293606 1.08037
3652.91 0.0288661 0.0293092 -0.27611
3653.01 0.0275784 0.0292595 -1.0262
3653.11 0.028854 0.0292113 -0.222012
3653.21 0.0317053 0.0291646 1.51689
3653.31 0.0273588 0.0291194 -1.0809
3653.41 0.0315036 0.0290756 1.43236
3653.51 0.0271942 0.0290333 -1.13568
3653.61 0.0274498 0.0289922 -0.964152
3653.71 0.0273275 0.0289525 -1.01716
3653.81 0.0297166 0.028914 0.496551
3653.91 0.0305161 0.0288768 0.990774
3654.01 0.0280403 0.0288407 -0.495191
3654.11 0.0304031 0.0288058 0.968465
3654.21 0.0300012 0.028772 0.751041
3654.31 0.030309 0.0287392 0.962238
3654.41 0.026093 0.0287075 -1.64463
3654.51 0.0314028 0.0286768 1.66199
3654.61 0.0293833 0.0286471 0.447682
3654.71 0.0266998 0.0286183 -1.20521
3654.81 0.0298272 0.0285904 0.749354
3654.91 0.0262677 0.0285634 -1.40488
3655.01 0.0271057 0.0285373 -0.881525
3655.11 0.0276093 0.028512 -0.559936
3655.21 0.0299227 0.0284875 0.880672
3655.31 0.0256709 0.0284637 -1.7756
3655.41 0.0295311 0.0284408 0.66735
3655.51 0.030569 0.0284185 1.33114
3655.61 0.0292099 0.028397 0.497436
3655.71 0.0287148 0.0283761 0.209709
3655.81 0.0313944 0.0283559 1.8149
3655.91 0.0284132 0.0283363 0.0471481
3656.01 0.0273766 0.0283174 -0.578554
3656.11 0.0300652 0.028299 1.08216
3656.21 0.0298728 0.0282813 0.978523
3656.31 0.0279545 0.0282641 -0.190587
3656.41 0.0306017 0.0282474 1.4198
3656.51 0.0268374 0.0282313 -0.85902
3656.61 0.0264975 0.0282157 -1.07178
3656.71 0.0300034 0.0282006 1.09444
3656.81 0.0292842 0.0281859 0.6691
3656.91 0.026899 0.0281718 -0.795144
3657.01 0.0291418 0.028158 0.598886
3657.11 0.0310205 0.0281447 1.72841
3657.21 0.0306733 0.0281319 1.53932
3657.31 0.0257137 0.0281194 -1.51299
3657.41 0.0262598 0.0281073 -1.15182
3657.51 0.0262433 0.0280957 -1.15412
3657.61 0.0257719 0.0280843 -1.44241
3657.71 0.0288193 0.0280734 0.456123
3657.81 0.0279737 0.0280628 -0.054717
3657.91 0.0265309 0.0280525 -0.949621
3658.01 0.025536 0.0280426 -1.58203
3658.11 0.0295115 0.0280329 0.911249
3658.21 0.0303749 0.0280236 1.42892
3658.31 0.0289124 0.0280146 0.544691
3658.41 0.0281996 0.0280058 0.119612
3658.51 0.0271567 0.0279974 -0.52281
3658.61 0.0293899 0.0279892 0.855615
3658.71 0.0293444 0.0279812 0.842719
3658.81 0.0310132 0.0279735 1.847
3658.91 0.031096 0.0279661 1.91146
3659.01 0.03336 0.0279589 3.21434
3659.11 0.0296385 0.0279519 1.02587
3659.21 0.0310158 0.0279451 1.85803
3659.31 0.0300536 0.0279386 1.26423
3659.41 0.0282802 0.0279323 0.215148
3659.51 0.0302047 0.0279261 1.39229
3659.61 0.0278675 0.0279202 -0.0321956
3659.71 0.0250505 0.0279144 -1.82254
3659.81 0.0258287 0.0279089 -1.30323
3659.91 0.0270427 0.0279035 -0.530426
