# τ vs min κ linear regression for data set DA_130128_E4.h5
# Using stimulation: 1, 2, 3, 4
# Best fit: tau = 1.1481 + 0.0043762 kappa_Fura
# Covariance matrix:
# [ +3.04236e-02, -1.10271e-04  
#   -1.10271e-04, +4.81720e-07  ]
# Total sum of squares (TSS) = 59.3784
# chisq (Residual sum of squares, RSS) = 19.6227
# Probability of observing a larger of equal RSS per DOF under the null hypothesis: 5.48249e-05
# R squared (1-RSS/TSS) = 0.669531
# Estimated gamma/v with standard error: 228.509 +/- 36.2412
# Estimates kappa_S with standard error (using error propagation): 261.351 +/- 57.6184
# kappa_S confidence intervals based on parametric bootstrap
# 0.95 CI for kappa_S: [140.717,488.521]
# 0.99 CI for kappa_S: [110.351,611.801]


# The data
# κ_Fura  τ   τ_SE
94.8363 1.2526 0.137453
167.346 2.4886 0.165598
279.7 2.40438 0.142914
354.364 2.56488 0.135284


# The fitted data
# Preticted values with lower and upper bounds of 0.95 CI
# κ_Fura  τ   τ_lwr  τ_upr
-327.689 -0.285931 -1.05614 0.484276
-324.89 -0.273682 -1.04015 0.492782
-322.091 -0.261432 -1.02415 0.501289
-319.292 -0.249183 -1.00816 0.509797
-316.492 -0.236934 -0.992172 0.518305
-313.693 -0.224684 -0.976182 0.526814
-310.894 -0.212435 -0.960193 0.535323
-308.095 -0.200186 -0.944205 0.543834
-305.296 -0.187936 -0.928217 0.552345
-302.497 -0.175687 -0.91223 0.560857
-299.698 -0.163438 -0.896244 0.569369
-296.899 -0.151188 -0.880259 0.577882
-294.1 -0.138939 -0.864274 0.586396
-291.301 -0.12669 -0.84829 0.594911
-288.502 -0.11444 -0.832307 0.603426
-285.703 -0.102191 -0.816324 0.611943
-282.903 -0.0899416 -0.800343 0.62046
-280.104 -0.0776922 -0.784362 0.628977
-277.305 -0.0654429 -0.768382 0.637496
-274.506 -0.0531935 -0.752403 0.646016
-271.707 -0.0409442 -0.736424 0.654536
-268.908 -0.0286948 -0.720447 0.663057
-266.109 -0.0164455 -0.70447 0.671579
-263.31 -0.00419616 -0.688494 0.680102
-260.511 0.00805319 -0.67252 0.688626
-257.712 0.0203025 -0.656546 0.697151
-254.913 0.0325519 -0.640573 0.705676
-252.114 0.0448012 -0.624601 0.714203
-249.314 0.0570506 -0.60863 0.722731
-246.515 0.0692999 -0.592659 0.731259
-243.716 0.0815492 -0.57669 0.739789
-240.917 0.0937986 -0.560722 0.748319
-238.118 0.106048 -0.544755 0.756851
-235.319 0.118297 -0.528789 0.765384
-232.52 0.130547 -0.512824 0.773917
-229.721 0.142796 -0.49686 0.782452
-226.922 0.155045 -0.480898 0.790988
-224.123 0.167295 -0.464936 0.799525
-221.324 0.179544 -0.448975 0.808063
-218.525 0.191793 -0.433016 0.816603
-215.725 0.204043 -0.417058 0.825143
-212.926 0.216292 -0.401101 0.833685
-210.127 0.228541 -0.385145 0.842228
-207.328 0.240791 -0.369191 0.850772
-204.529 0.25304 -0.353238 0.859318
-201.73 0.265289 -0.337286 0.867864
-198.931 0.277539 -0.321335 0.876412
-196.132 0.289788 -0.305386 0.884962
-193.333 0.302037 -0.289438 0.893513
-190.534 0.314287 -0.273491 0.902065
-187.735 0.326536 -0.257546 0.910619
-184.936 0.338785 -0.241603 0.919174
-182.136 0.351035 -0.225661 0.92773
-179.337 0.363284 -0.20972 0.936288
-176.538 0.375533 -0.193781 0.944848
-173.739 0.387783 -0.177843 0.953409
-170.94 0.400032 -0.161907 0.961972
-168.141 0.412282 -0.145973 0.970536
-165.342 0.424531 -0.13004 0.979102
-162.543 0.43678 -0.114109 0.98767
-159.744 0.44903 -0.0981802 0.996239
-156.945 0.461279 -0.0822527 1.00481
-154.146 0.473528 -0.066327 1.01338
-151.347 0.485778 -0.0504032 1.02196
-148.548 0.498027 -0.0344812 1.03054
-145.748 0.510276 -0.0185611 1.03911
-142.949 0.522526 -0.00264303 1.04769
-140.15 0.534775 0.0132731 1.05628
-137.351 0.547024 0.0291872 1.06486
-134.552 0.559274 0.0450992 1.07345
-131.753 0.571523 0.0610091 1.08204
-128.954 0.583772 0.0769168 1.09063
-126.155 0.596022 0.0928223 1.09922
-123.356 0.608271 0.108725 1.10782
-120.557 0.62052 0.124626 1.11641
-117.758 0.63277 0.140525 1.12501
-114.959 0.645019 0.156421 1.13362
-112.159 0.657268 0.172315 1.14222
-109.36 0.669518 0.188206 1.15083
-106.561 0.681767 0.204094 1.15944
-103.762 0.694016 0.21998 1.16805
-100.963 0.706266 0.235863 1.17667
-98.164 0.718515 0.251744 1.18529
-95.3649 0.730764 0.267621 1.19391
-92.5659 0.743014 0.283496 1.20253
-89.7668 0.755263 0.299368 1.21116
-86.9677 0.767512 0.315236 1.21979
-84.1686 0.779762 0.331102 1.22842
-81.3695 0.792011 0.346964 1.23706
-78.5704 0.804261 0.362823 1.2457
-75.7714 0.81651 0.378679 1.25434
-72.9723 0.828759 0.394531 1.26299
-70.1732 0.841009 0.41038 1.27164
-67.3741 0.853258 0.426225 1.28029
-64.575 0.865507 0.442067 1.28895
-61.7759 0.877757 0.457904 1.29761
-58.9769 0.890006 0.473738 1.30627
-56.1778 0.902255 0.489568 1.31494
-53.3787 0.914505 0.505393 1.32362
-50.5796 0.926754 0.521215 1.33229
-47.7805 0.939003 0.537032 1.34098
-44.9815 0.951253 0.552844 1.34966
-42.1824 0.963502 0.568652 1.35835
-39.3833 0.975751 0.584456 1.36705
-36.5842 0.988001 0.600254 1.37575
-33.7851 1.00025 0.616048 1.38445
-30.986 1.0125 0.631836 1.39316
-28.187 1.02475 0.64762 1.40188
-25.3879 1.037 0.663397 1.4106
-22.5888 1.04925 0.67917 1.41933
-19.7897 1.0615 0.694936 1.42806
-16.9906 1.07375 0.710697 1.43679
-14.1915 1.086 0.726452 1.44554
-11.3925 1.09824 0.742201 1.45429
-8.59338 1.11049 0.757943 1.46305
-5.79429 1.12274 0.773678 1.47181
-2.99521 1.13499 0.789407 1.48058
-0.196129 1.14724 0.805129 1.48936
2.60295 1.15949 0.820843 1.49814
5.40204 1.17174 0.836551 1.50693
8.20112 1.18399 0.85225 1.51573
11.0002 1.19624 0.867942 1.52454
13.7993 1.20849 0.883625 1.53335
16.5984 1.22074 0.8993 1.54218
19.3974 1.23299 0.914966 1.55101
22.1965 1.24524 0.930624 1.55985
24.9956 1.25749 0.946272 1.5687
27.7947 1.26974 0.96191 1.57756
30.5938 1.28198 0.977539 1.58643
33.3929 1.29423 0.993157 1.59531
36.1919 1.30648 1.00877 1.6042
38.991 1.31873 1.02436 1.6131
41.7901 1.33098 1.03995 1.62202
44.5892 1.34323 1.05552 1.63094
47.3883 1.35548 1.07108 1.63988
50.1874 1.36773 1.08663 1.64883
52.9864 1.37998 1.10217 1.65779
55.7855 1.39223 1.11769 1.66677
58.5846 1.40448 1.1332 1.67576
61.3837 1.41673 1.14869 1.68476
64.1828 1.42898 1.16417 1.69378
66.9819 1.44123 1.17964 1.70282
69.7809 1.45348 1.19509 1.71187
72.58 1.46573 1.21052 1.72093
75.3791 1.47797 1.22593 1.73002
78.1782 1.49022 1.24133 1.73912
80.9773 1.50247 1.2567 1.74824
83.7763 1.51472 1.27206 1.75739
86.5754 1.52697 1.2874 1.76655
89.3745 1.53922 1.30271 1.77573
92.1736 1.55147 1.31801 1.78493
94.9727 1.56372 1.33328 1.79416
97.7718 1.57597 1.34853 1.80341
100.571 1.58822 1.36375 1.81269
103.37 1.60047 1.37895 1.82199
106.169 1.61272 1.39412 1.83131
108.968 1.62497 1.40926 1.84067
111.767 1.63722 1.42438 1.85005
114.566 1.64947 1.43946 1.85947
117.365 1.66171 1.45452 1.86891
120.164 1.67396 1.46954 1.87839
122.964 1.68621 1.48453 1.8879
125.763 1.69846 1.49948 1.89745
128.562 1.71071 1.5144 1.90703
131.361 1.72296 1.52927 1.91665
134.16 1.73521 1.54411 1.92631
136.959 1.74746 1.55891 1.93601
139.758 1.75971 1.57366 1.94576
142.557 1.77196 1.58837 1.95555
145.356 1.78421 1.60303 1.96538
148.155 1.79646 1.61765 1.97527
150.954 1.80871 1.63221 1.9852
153.753 1.82096 1.64672 1.99519
156.552 1.83321 1.66118 2.00523
159.352 1.84545 1.67558 2.01533
162.151 1.8577 1.68992 2.02549
164.95 1.86995 1.7042 2.03571
167.749 1.8822 1.71841 2.04599
170.548 1.89445 1.73256 2.05634
173.347 1.9067 1.74664 2.06676
176.146 1.91895 1.76066 2.07725
178.945 1.9312 1.7746 2.08781
181.744 1.94345 1.78846 2.09844
184.543 1.9557 1.80225 2.10915
187.342 1.96795 1.81595 2.11994
190.141 1.9802 1.82958 2.13082
192.941 1.99245 1.84312 2.14178
195.74 2.0047 1.85657 2.15282
198.539 2.01695 1.86993 2.16396
201.338 2.02919 1.88321 2.17518
204.137 2.04144 1.89639 2.1865
206.936 2.05369 1.90948 2.19791
209.735 2.06594 1.92247 2.20942
212.534 2.07819 1.93536 2.22103
215.333 2.09044 1.94815 2.23273
218.132 2.10269 1.96085 2.24454
220.931 2.11494 1.97344 2.25644
223.73 2.12719 1.98593 2.26845
226.53 2.13944 1.99832 2.28056
229.329 2.15169 2.0106 2.29278
232.128 2.16394 2.02278 2.30509
234.927 2.17619 2.03486 2.31751
237.726 2.18844 2.04684 2.33003
240.525 2.20069 2.05872 2.34265
243.324 2.21294 2.07049 2.35538
246.123 2.22518 2.08217 2.3682
248.922 2.23743 2.09375 2.38112
251.721 2.24968 2.10523 2.39414
254.52 2.26193 2.11661 2.40726
257.319 2.27418 2.1279 2.42046
260.119 2.28643 2.1391 2.43377
262.918 2.29868 2.1502 2.44716
265.717 2.31093 2.16122 2.46064
268.516 2.32318 2.17216 2.4742
271.315 2.33543 2.18301 2.48785
274.114 2.34768 2.19377 2.50158
276.913 2.35993 2.20446 2.51539
279.712 2.37218 2.21507 2.52928
282.511 2.38443 2.22561 2.54324
285.31 2.39668 2.23608 2.55727
288.109 2.40892 2.24647 2.57138
290.908 2.42117 2.2568 2.58555
293.708 2.43342 2.26706 2.59978
296.507 2.44567 2.27727 2.61408
299.306 2.45792 2.28741 2.62844
302.105 2.47017 2.29749 2.64285
304.904 2.48242 2.30751 2.65733
307.703 2.49467 2.31749 2.67185
310.502 2.50692 2.32741 2.68643
313.301 2.51917 2.33728 2.70106
316.1 2.53142 2.3471 2.71574
318.899 2.54367 2.35688 2.73046
321.698 2.55592 2.36661 2.74523
324.497 2.56817 2.3763 2.76003
327.297 2.58042 2.38595 2.77488
330.096 2.59266 2.39556 2.78977
332.895 2.60491 2.40513 2.8047
335.694 2.61716 2.41466 2.81966
338.493 2.62941 2.42416 2.83466
341.292 2.64166 2.43363 2.84969
344.091 2.65391 2.44307 2.86476
346.89 2.66616 2.45247 2.87985
349.689 2.67841 2.46185 2.89498
352.488 2.69066 2.47119 2.91013
355.287 2.70291 2.48051 2.92531
358.086 2.71516 2.4898 2.94051
360.886 2.72741 2.49907 2.95574
363.685 2.73966 2.50831 2.971
366.484 2.75191 2.51753 2.98628
369.283 2.76416 2.52673 3.00158
