# τ vs mean κ linear regression for data set DA_130128_E4.h5
# Using stimulation: 1, 2, 3, 4
# Best fit: tau = 1.12301 + 0.00432369 kappa_Fura
# Covariance matrix:
# [ +3.14373e-02, -1.10554e-04  
#   -1.10554e-04, +4.65504e-07  ]
# Total sum of squares (TSS) = 59.3784
# chisq (Residual sum of squares, RSS) = 19.2192
# Probability of observing a larger of equal RSS per DOF under the null hypothesis: 6.70817e-05
# R squared (1-RSS/TSS) = 0.676327
# Estimated gamma/v with standard error: 231.284 +/- 36.4966
# Estimates kappa_S with standard error (using error propagation): 258.734 +/- 57.9785
# kappa_S confidence intervals based on parametric bootstrap
# 0.95 CI for kappa_S: [137.494,485.882]
# 0.99 CI for kappa_S: [112.857,614.562]


# The data
# κ_Fura  τ   τ_SE
100.392 1.2526 0.137453
176.42 2.4886 0.165598
288.951 2.40438 0.142914
364.952 2.56488 0.135284


# The fitted data
# Preticted values with lower and upper bounds of 0.95 CI
# κ_Fura  τ   τ_lwr  τ_upr
-324.418 -0.279672 -1.04423 0.484883
-321.587 -0.267434 -1.02827 0.493402
-318.757 -0.255196 -1.01231 0.50192
-315.926 -0.242958 -0.996355 0.51044
-313.096 -0.230719 -0.980399 0.51896
-310.265 -0.218481 -0.964444 0.527481
-307.435 -0.206243 -0.94849 0.536003
-304.605 -0.194005 -0.932536 0.544525
-301.774 -0.181767 -0.916583 0.553048
-298.944 -0.169529 -0.90063 0.561572
-296.113 -0.157291 -0.884679 0.570097
-293.283 -0.145053 -0.868728 0.578622
-290.452 -0.132815 -0.852778 0.587148
-287.622 -0.120577 -0.836828 0.595675
-284.791 -0.108339 -0.82088 0.604202
-281.961 -0.0961006 -0.804932 0.612731
-279.13 -0.0838625 -0.788985 0.62126
-276.3 -0.0716244 -0.773038 0.62979
-273.469 -0.0593864 -0.757093 0.63832
-270.639 -0.0471483 -0.741148 0.646852
-267.808 -0.0349102 -0.725205 0.655384
-264.978 -0.0226721 -0.709262 0.663918
-262.147 -0.010434 -0.69332 0.672452
-259.317 0.00180405 -0.677379 0.680987
-256.487 0.0140421 -0.661439 0.689523
-253.656 0.0262802 -0.6455 0.69806
-250.826 0.0385183 -0.629561 0.706598
-247.995 0.0507564 -0.613624 0.715137
-245.165 0.0629944 -0.597688 0.723676
-242.334 0.0752325 -0.581752 0.732217
-239.504 0.0874706 -0.565818 0.740759
-236.673 0.0997087 -0.549885 0.749302
-233.843 0.111947 -0.533952 0.757846
-231.012 0.124185 -0.518021 0.766391
-228.182 0.136423 -0.502091 0.774937
-225.351 0.148661 -0.486162 0.783484
-222.521 0.160899 -0.470234 0.792032
-219.69 0.173137 -0.454307 0.800581
-216.86 0.185375 -0.438381 0.809132
-214.029 0.197613 -0.422457 0.817684
-211.199 0.209851 -0.406534 0.826236
-208.369 0.222089 -0.390611 0.83479
-205.538 0.234328 -0.374691 0.843346
-202.708 0.246566 -0.358771 0.851902
-199.877 0.258804 -0.342853 0.86046
-197.047 0.271042 -0.326936 0.869019
-194.216 0.28328 -0.31102 0.87758
-191.386 0.295518 -0.295106 0.886142
-188.555 0.307756 -0.279193 0.894705
-185.725 0.319994 -0.263282 0.90327
-182.894 0.332232 -0.247371 0.911836
-180.064 0.34447 -0.231463 0.920403
-177.233 0.356708 -0.215556 0.928973
-174.403 0.368946 -0.19965 0.937543
-171.572 0.381185 -0.183746 0.946115
-168.742 0.393423 -0.167844 0.954689
-165.911 0.405661 -0.151943 0.963264
-163.081 0.417899 -0.136044 0.971841
-160.251 0.430137 -0.120146 0.98042
-157.42 0.442375 -0.10425 0.989
-154.59 0.454613 -0.0883564 0.997582
-151.759 0.466851 -0.0724641 1.00617
-148.929 0.479089 -0.0565737 1.01475
-146.098 0.491327 -0.0406851 1.02334
-143.268 0.503565 -0.0247984 1.03193
-140.437 0.515803 -0.00891363 1.04052
-137.607 0.528041 0.00696916 1.04911
-134.776 0.54028 0.0228499 1.05771
-131.946 0.552518 0.0387286 1.06631
-129.115 0.564756 0.0546053 1.07491
-126.285 0.576994 0.0704797 1.08351
-123.454 0.589232 0.086352 1.09211
-120.624 0.60147 0.102222 1.10072
-117.794 0.613708 0.11809 1.10933
-114.963 0.625946 0.133955 1.11794
-112.133 0.638184 0.149818 1.12655
-109.302 0.650422 0.165679 1.13517
-106.472 0.66266 0.181537 1.14378
-103.641 0.674898 0.197392 1.1524
-100.811 0.687137 0.213245 1.16103
-97.9802 0.699375 0.229095 1.16965
-95.1497 0.711613 0.244943 1.17828
-92.3193 0.723851 0.260787 1.18691
-89.4888 0.736089 0.276629 1.19555
-86.6583 0.748327 0.292468 1.20419
-83.8279 0.760565 0.308304 1.21283
-80.9974 0.772803 0.324136 1.22147
-78.1669 0.785041 0.339966 1.23012
-75.3365 0.797279 0.355792 1.23877
-72.506 0.809517 0.371615 1.24742
-69.6755 0.821755 0.387435 1.25608
-66.845 0.833994 0.403251 1.26474
-64.0146 0.846232 0.419064 1.2734
-61.1841 0.85847 0.434873 1.28207
-58.3536 0.870708 0.450678 1.29074
-55.5232 0.882946 0.466479 1.29941
-52.6927 0.895184 0.482277 1.30809
-49.8622 0.907422 0.49807 1.31677
-47.0318 0.91966 0.513859 1.32546
-44.2013 0.931898 0.529644 1.33415
-41.3708 0.944136 0.545424 1.34285
-38.5403 0.956374 0.5612 1.35155
-35.7099 0.968612 0.576972 1.36025
-32.8794 0.98085 0.592738 1.36896
-30.0489 0.993089 0.6085 1.37768
-27.2185 1.00533 0.624257 1.3864
-24.388 1.01756 0.640009 1.39512
-21.5575 1.0298 0.655755 1.40385
-18.7271 1.04204 0.671496 1.41259
-15.8966 1.05428 0.687231 1.42133
-13.0661 1.06652 0.70296 1.43007
-10.2356 1.07876 0.718684 1.43883
-7.40518 1.09099 0.734401 1.44758
-4.57471 1.10323 0.750113 1.45635
-1.74424 1.11547 0.765817 1.46512
1.08623 1.12771 0.781515 1.4739
3.9167 1.13995 0.797206 1.48268
6.74717 1.15218 0.81289 1.49148
9.57765 1.16442 0.828567 1.50028
12.4081 1.17666 0.844236 1.50908
15.2386 1.1889 0.859898 1.5179
18.0691 1.20114 0.875551 1.52672
20.8995 1.21337 0.891196 1.53555
23.73 1.22561 0.906833 1.54439
26.5605 1.23785 0.922461 1.55324
29.3909 1.25009 0.93808 1.5621
32.2214 1.26233 0.953689 1.57096
35.0519 1.27456 0.969289 1.57984
37.8823 1.2868 0.984878 1.58873
40.7128 1.29904 1.00046 1.59762
43.5433 1.31128 1.01603 1.60653
46.3738 1.32352 1.03158 1.61545
49.2042 1.33575 1.04713 1.62438
52.0347 1.34799 1.06266 1.63332
54.8652 1.36023 1.07819 1.64228
57.6956 1.37247 1.09369 1.65124
60.5261 1.38471 1.10919 1.66022
63.3566 1.39695 1.12467 1.66922
66.187 1.40918 1.14014 1.67823
69.0175 1.42142 1.15559 1.68725
71.848 1.43366 1.17103 1.69629
74.6785 1.4459 1.18646 1.70534
77.5089 1.45814 1.20186 1.71441
80.3394 1.47037 1.21725 1.7235
83.1699 1.48261 1.23262 1.7326
86.0003 1.49485 1.24798 1.74172
88.8308 1.50709 1.26331 1.75086
91.6613 1.51933 1.27863 1.76003
94.4917 1.53156 1.29392 1.76921
97.3222 1.5438 1.30919 1.77841
100.153 1.55604 1.32444 1.78764
102.983 1.56828 1.33967 1.79688
105.814 1.58052 1.35488 1.80616
108.644 1.59275 1.37006 1.81545
111.475 1.60499 1.38521 1.82477
114.305 1.61723 1.40034 1.83412
117.136 1.62947 1.41544 1.8435
119.966 1.64171 1.43051 1.85291
122.796 1.65394 1.44554 1.86234
125.627 1.66618 1.46055 1.87181
128.457 1.67842 1.47553 1.88131
131.288 1.69066 1.49047 1.89085
134.118 1.7029 1.50537 1.90042
136.949 1.71514 1.52024 1.91003
139.779 1.72737 1.53507 1.91967
142.61 1.73961 1.54986 1.92936
145.44 1.75185 1.56461 1.93909
148.271 1.76409 1.57931 1.94886
151.101 1.77633 1.59397 1.95868
153.932 1.78856 1.60859 1.96854
156.762 1.8008 1.62315 1.97845
159.593 1.81304 1.63766 1.98842
162.423 1.82528 1.65212 1.99843
165.253 1.83752 1.66653 2.00851
168.084 1.84975 1.68087 2.01863
170.914 1.86199 1.69516 2.02882
173.745 1.87423 1.70939 2.03907
176.575 1.88647 1.72355 2.04938
179.406 1.89871 1.73765 2.05976
182.236 1.91094 1.75168 2.07021
185.067 1.92318 1.76564 2.08073
187.897 1.93542 1.77952 2.09132
190.728 1.94766 1.79333 2.10198
193.558 1.9599 1.80707 2.11273
196.389 1.97213 1.82072 2.12355
199.219 1.98437 1.83429 2.13446
202.05 1.99661 1.84778 2.14545
204.88 2.00885 1.86118 2.15652
207.711 2.02109 1.87449 2.16769
210.541 2.03333 1.88771 2.17894
213.371 2.04556 1.90084 2.19029
216.202 2.0578 1.91387 2.20173
219.032 2.07004 1.92681 2.21327
221.863 2.08228 1.93965 2.2249
224.693 2.09452 1.9524 2.23664
227.524 2.10675 1.96504 2.24847
230.354 2.11899 1.97758 2.2604
233.185 2.13123 1.99003 2.27243
236.015 2.14347 2.00237 2.28457
238.846 2.15571 2.01461 2.2968
241.676 2.16794 2.02675 2.30914
244.507 2.18018 2.03879 2.32158
247.337 2.19242 2.05072 2.33412
250.168 2.20466 2.06256 2.34676
252.998 2.2169 2.0743 2.3595
255.829 2.22913 2.08593 2.37233
258.659 2.24137 2.09748 2.38527
261.489 2.25361 2.10892 2.3983
264.32 2.26585 2.12027 2.41142
267.15 2.27809 2.13153 2.42464
269.981 2.29033 2.1427 2.43795
272.811 2.30256 2.15378 2.45134
275.642 2.3148 2.16478 2.46483
278.472 2.32704 2.17568 2.47839
281.303 2.33928 2.18651 2.49204
284.133 2.35152 2.19726 2.50577
286.964 2.36375 2.20793 2.51958
289.794 2.37599 2.21852 2.53346
292.625 2.38823 2.22904 2.54742
295.455 2.40047 2.23949 2.56144
298.286 2.41271 2.24987 2.57554
301.116 2.42494 2.26019 2.5897
303.947 2.43718 2.27044 2.60392
306.777 2.44942 2.28063 2.61821
309.607 2.46166 2.29076 2.63255
312.438 2.4739 2.30084 2.64696
315.268 2.48613 2.31086 2.66141
318.099 2.49837 2.32082 2.67592
320.929 2.51061 2.33074 2.69048
323.76 2.52285 2.3406 2.70509
326.59 2.53509 2.35042 2.71975
329.421 2.54732 2.3602 2.73445
332.251 2.55956 2.36993 2.7492
335.082 2.5718 2.37961 2.76399
337.912 2.58404 2.38926 2.77882
340.743 2.59628 2.39887 2.79368
343.573 2.60852 2.40844 2.80859
346.404 2.62075 2.41798 2.82353
349.234 2.63299 2.42748 2.8385
352.065 2.64523 2.43695 2.85351
354.895 2.65747 2.44639 2.86854
357.725 2.66971 2.4558 2.88361
360.556 2.68194 2.46518 2.89871
363.386 2.69418 2.47453 2.91384
366.217 2.70642 2.48385 2.92899
369.047 2.71866 2.49315 2.94417
371.878 2.7309 2.50242 2.95937
374.708 2.74313 2.51167 2.9746
377.539 2.75537 2.5209 2.98985
380.369 2.76761 2.5301 3.00512
