# Data from DA_130128_E4.h5 stim 3
# Ratiometric estimator
# Ratiometric estimator:
#    Time    Ca (est)    Ca (se)
 2800.015 0.0267158522 0.00209384861
 2800.115 0.0233880817 0.002047832
 2800.215 0.0233131539 0.00204797982
 2800.315 0.0251900648 0.00207979656
 2800.415 0.0224635928 0.00202927724
 2800.515 0.024448611 0.00205278544
 2800.615 0.0279546517 0.00208238284
 2800.715 0.0215317645 0.00199609686
 2800.815 0.0282281997 0.00211335757
 2800.915 0.0249643532 0.00206403736
 2801.015 0.0234274493 0.00206115778
 2801.115 0.0235296191 0.00204757849
 2801.215 0.0241184858 0.00203724051
 2801.315 0.0249446199 0.00206796356
 2801.415 0.0248399927 0.0020502912
 2801.515 0.030627764 0.00216249675
 2801.615 0.039910456 0.00232387824
 2801.715 0.053769575 0.00255776545
 2801.815 0.0690981261 0.00290051978
 2801.915 0.0755260796 0.00297060841
 2802.015 0.0822776693 0.00316809095
 2802.115 0.0772933375 0.00311058877
 2802.215 0.0823505253 0.00312780458
 2802.315 0.0803162974 0.00308441632
 2802.415 0.0714450496 0.00290781213
 2802.515 0.0707602939 0.00295520467
 2802.615 0.066428805 0.00289301854
 2802.715 0.0644981414 0.00283365216
 2802.815 0.0653151166 0.00282284421
 2802.915 0.0659616792 0.00280690921
 2803.015 0.0617843155 0.00271956487
 2803.115 0.0592954534 0.00269841255
 2803.215 0.0587772563 0.00263977849
 2803.315 0.056213509 0.00264268363
 2803.415 0.053066803 0.00258745287
 2803.515 0.0534847228 0.00255918158
 2803.615 0.0511042247 0.00252682921
 2803.715 0.0444087406 0.00241048453
 2803.815 0.0445817209 0.00240984235
 2803.915 0.0452636184 0.00243947471
 2804.015 0.0463891418 0.0024247925
 2804.115 0.0474214449 0.00244500223
 2804.215 0.0473189279 0.00248552848
 2804.315 0.0467781069 0.00244845876
 2804.415 0.040424459 0.00236960723
 2804.515 0.0424859022 0.00239249052
 2804.615 0.0401766522 0.00235059028
 2804.715 0.0398396159 0.0022854032
 2804.815 0.0403052496 0.00232817734
 2804.915 0.0374418952 0.00226122425
 2805.015 0.0438938561 0.00237646359
 2805.115 0.0371464675 0.00224639041
 2805.215 0.0389715147 0.0022913052
 2805.315 0.0360602803 0.00223955536
 2805.415 0.0347516153 0.00227019821
 2805.515 0.033934485 0.00223158164
 2805.615 0.034447572 0.00223891919
 2805.715 0.0363808919 0.00225065198
 2805.815 0.0355183956 0.00221867308
 2805.915 0.0363342126 0.00228584147
 2806.015 0.0339760588 0.00224585512
 2806.115 0.0342416108 0.0022149446
 2806.215 0.0326120678 0.00220685317
 2806.315 0.0305947741 0.00215780155
 2806.415 0.0369441681 0.00226494566
 2806.515 0.0323467868 0.0022006194
 2806.615 0.0331217243 0.00219560396
 2806.715 0.0324395662 0.00220346058
 2806.815 0.0301013077 0.00213921046
 2806.915 0.0288555912 0.00212344758
 2807.015 0.0319976571 0.00220077946
 2807.115 0.0286056303 0.00214319085
 2807.215 0.0310843844 0.0021917689
 2807.315 0.0281830962 0.00212180684
 2807.415 0.0269893325 0.00213962715
 2807.515 0.0299132517 0.00211471347
 2807.615 0.0298195775 0.00214518836
 2807.715 0.0322510062 0.00218885915
 2807.815 0.0288631051 0.00213155106
 2807.915 0.0273420087 0.00210687405
 2808.015 0.0266272955 0.00212963784
 2808.115 0.0312192961 0.00218562809
 2808.215 0.0285638391 0.00214385545
 2808.315 0.0298711821 0.00213799764
 2808.415 0.0285640127 0.00211173904
 2808.515 0.0302627194 0.00218793629
 2808.615 0.029562525 0.00213718054
 2808.715 0.0288921475 0.00212270342
 2808.815 0.0324720429 0.00217526507
 2808.915 0.026977147 0.00210540775
 2809.015 0.0267819683 0.0021045683
 2809.115 0.0246603852 0.00205190509
 2809.215 0.0276649556 0.00211887331
 2809.315 0.0258925227 0.00208383727
 2809.415 0.0242825688 0.00200318381
 2809.515 0.0287656811 0.00214255818
 2809.615 0.0280823644 0.00209508917
 2809.715 0.0294512218 0.00218235271
 2809.815 0.0284651051 0.00212164642
 2809.915 0.0256283104 0.00207543482
 2810.015 0.0240424209 0.00204124767
 2810.115 0.0256276901 0.00204899313
 2810.215 0.0260108291 0.00207563688
 2810.315 0.0274181424 0.00209398285
 2810.415 0.0296046534 0.00214664361
 2810.515 0.0233756915 0.00204005709
 2810.615 0.025986785 0.00209220724
 2810.715 0.0243297499 0.00205904978
 2810.815 0.0229436727 0.00202242939
 2810.915 0.0247493779 0.00206673527
 2811.015 0.0280828946 0.00210974156
 2811.115 0.0259148407 0.00206003875
 2811.215 0.0306033406 0.00221294093
 2811.315 0.0313764814 0.00213835079
 2811.415 0.0265148186 0.00209876238
 2811.515 0.0295211597 0.00212609568
 2811.615 0.0246478255 0.00205455877
 2811.715 0.0263239083 0.00210749787
 2811.815 0.0267471838 0.00209129838
 2811.915 0.0259604258 0.00206259089
 2812.015 0.0289501052 0.00211192264
 2812.115 0.0306317813 0.002176778
 2812.215 0.0284125838 0.00212438717
 2812.315 0.0303890718 0.00212993121
 2812.415 0.0280736639 0.00208948718
 2812.515 0.0277972734 0.00210937867
 2812.615 0.0208391907 0.00202944946
 2812.715 0.0231648384 0.00202791209
 2812.815 0.0231167724 0.00204147564
 2812.915 0.0262282222 0.00204984937
 2813.015 0.0272060047 0.00210590749
 2813.115 0.0229937173 0.00200298571
 2813.215 0.0245547369 0.0020644932
 2813.315 0.0289056075 0.00213881365
 2813.415 0.0299300215 0.00217874394
 2813.515 0.0233814683 0.00205691228
 2813.615 0.0228281267 0.0020134068
 2813.715 0.0291051934 0.00210200504
 2813.815 0.024207509 0.00200702456
 2813.915 0.0223560466 0.00201970963
 2814.015 0.027019886 0.00206834103
 2814.115 0.0240940793 0.00203867324
 2814.215 0.0229518083 0.00202302425
 2814.315 0.0234480152 0.00201344319
 2814.415 0.0273546811 0.00209036403
 2814.515 0.0244972373 0.00204826013
 2814.615 0.0244574476 0.00207527185
 2814.715 0.0274182289 0.00207807828
 2814.815 0.024175574 0.00204708002
 2814.915 0.0251630577 0.00211322295
 2815.015 0.026550946 0.00209921039
 2815.115 0.0270787389 0.00209140621
 2815.215 0.0224826875 0.00199939534
 2815.315 0.0256644337 0.00206707127
 2815.415 0.0258609678 0.00208976777
 2815.515 0.0231031477 0.00199516744
 2815.615 0.0219118402 0.00201037408
 2815.715 0.0244089166 0.00201176272
 2815.815 0.02471945 0.00209458681
 2815.915 0.02962788 0.00214507885
 2816.015 0.0214141388 0.00203155147
 2816.115 0.0266349446 0.00206511321
 2816.215 0.0228902513 0.00198430032
 2816.315 0.0238104181 0.00204825933
 2816.415 0.0290779624 0.0021276958
 2816.515 0.0275349381 0.0021052268
 2816.615 0.0226960958 0.00202280599
 2816.715 0.0233803268 0.00204470429
 2816.815 0.0271644813 0.0020904971
 2816.915 0.0271404454 0.00209601316
 2817.015 0.0215822519 0.00200996905
 2817.115 0.0290403768 0.00211493314
 2817.215 0.0252245829 0.00205614112
 2817.315 0.0226441095 0.00201792532
 2817.415 0.0241499408 0.00207165631
 2817.515 0.0241265843 0.00206773919
 2817.615 0.0252944923 0.00207806026
 2817.715 0.027037828 0.00209652266
 2817.815 0.0230493551 0.0020315289
 2817.915 0.0216356026 0.00200792218
 2818.015 0.0246574165 0.00204749819
 2818.115 0.0261825951 0.00206136174
 2818.215 0.0250532607 0.00205373181
 2818.315 0.0278336394 0.00212885553
 2818.415 0.0229275019 0.00202582637
 2818.515 0.0236250232 0.00202987494
 2818.615 0.0247015033 0.00205377298
 2818.715 0.0262251456 0.00205961572
 2818.815 0.0267921437 0.00207718497
 2818.915 0.0247631368 0.00204197817
 2819.015 0.0255529838 0.00208227266
 2819.115 0.0242621526 0.00205623437
 2819.215 0.0259454126 0.00207153729
 2819.315 0.0280093507 0.0021437278
 2819.415 0.0248589763 0.00205359541
 2819.515 0.0289975605 0.00211735015
 2819.615 0.027645638 0.00209634698
 2819.715 0.020751376 0.00199085152
 2819.815 0.0222073709 0.00203145168
 2819.915 0.0240490264 0.00206032675


