# Cellular [Fura] for dataset DA_130128_E4.h5

# Loading curve with 243 elements
#    Time   AMPLITUDE
    0.021 -0.0616687223
   30.021 0.1050035
   60.021 -0.342511417
   90.021 -0.130004333
  120.021 -0.600020001
  150.021 0.803360112
  180.021 -0.922530751
  210.021 0.0191673056
  240.021 0.882529418
  270.021 0.85419514
  300.021 0.356678556
  330.021 -0.244174806
  360.021 0.0141671389
  390.021 -0.71169039
  420.021 0.113337111
  450.021 0.280009334
  480.021 -0.215007167
  510.021 0.362512084
  540.021 -0.163338778
  570.021 0.495016501
  600.021 1.75755859
  630.021 2.0509017
  660.021 2.39924664
  690.021 2.99509984
  720.021 3.47928264
  750.021 2.16173872
  780.021 1.95506517
  810.021 2.84759492
  840.021 2.8609287
  870.021 2.20257342
  900.021 3.00426681
  930.021 3.46678223
  960.021 3.8809627
  990.021 3.92263075
 1020.021 3.50761692
 1050.021 2.70092336
 1080.021 3.54345145
 1110.021 3.95763192
 1200.021 4.22430748
 1230.021 4.06763559
 1260.021 4.35514517
 1290.021 5.55435181
 1320.021 5.68352278
 1350.021 5.62852095
 1380.021 5.82352745
 1410.021 7.49524984
 1440.021 7.47858262
 1470.021 8.67028901
 1500.021 8.59028634
 1710.021 13.7954598
 1740.021 14.2879763
 1770.021 16.2938765
 1800.021 17.571419
 1830.021 18.1056035
 1860.021 19.3048102
 1890.021 20.8940298
 1920.021 23.8349612
 2040.021 32.518584
 2070.021 32.2569086
 2100.021 36.2462082
 2130.021 36.5653855
 2160.021 38.6721224
 2190.021 40.3963465
 2220.021 42.0064002
 2250.021 43.0139338
 2280.021 45.5931864
 2310.021 49.2649755
 2460.021 56.378546
 2490.021 59.2686423
 2520.021 61.5462182
 2550.021 62.9795993
 2580.021 65.4105137
 2610.021 68.7481249
 2640.021 71.4382146
 2670.021 72.4340811
 2700.021 74.420814
 2730.021 76.8500617
 2850.021 82.5452515
 2880.021 84.8369946
 2910.021 85.8011934
 2940.021 89.3463115
 2970.021 90.8996967
 3000.021 92.2272409
 3030.021 94.3248108
 3060.021  95.89903
 3090.021 96.8090603
 3120.021 98.029101
 3240.021 104.822661
 3270.021 105.686856
 3300.021 108.791126
 3330.021 108.713624
 3360.021 108.631121
 3390.021 111.460382
 3420.021 110.118671
 3450.021 115.174672
 3480.021 116.216374
 3510.021 117.442248
 3540.021 118.487283
 3690.021 119.710657
 3720.021 120.051502
 3750.021 121.395713
 3780.021 121.664055
 3810.021 122.945765
 3840.021 122.546585
 3870.021 122.472416
 3900.021 124.165806
 3930.021 124.068302
 3960.021 123.124937
 3990.021 124.733324
 4020.021 123.224107
 4050.021 124.351645
 4080.021 124.072469
 4110.021 127.280076
 4140.021  126.0042
 4170.021 127.235908
 4200.021 128.027601
 4230.021 127.975099
 4260.021 129.267642
 4410.021 128.885963
 4440.021 127.748425
 4470.021 129.325978
 4500.021 128.266776
 4530.021 129.332644
 4560.021 128.590953
 4590.021 127.338411
 4620.021 128.382613
 4650.021 124.559985
 4680.021 126.153372
 4710.021 126.475883
 4740.021 126.048368
 4770.021 126.365879
 4800.021 127.732591
 4830.021 127.745092
 4860.021 130.460182
 4890.021 129.340145
 4920.021 126.68589
 4950.021 128.340111
 4980.021 127.622587
 5010.021 130.368512
 5040.021 132.031901
 5070.021 131.161872
 5100.021 130.61102
 5130.021 131.88773
 5160.021 129.960999
 5190.021 134.044468
 5220.021 133.236941
 5250.021 134.68949
 5280.021 135.017001
 5310.021 132.070236
 5340.021 134.217807
 5370.021 136.456215
 5400.021 134.971999
 5430.021 134.980333
 5460.021 134.468649
 5490.021 137.471249
 5610.021 137.733758
 5640.021 138.882963
 5670.021 139.115471
 5700.021 139.414647
 5730.021 141.271376
 5760.021 141.993066
 5790.021 143.268109
 5820.021 145.238175
 5850.021 146.234874
 5880.021 144.951498
 5910.021 144.468149
 5940.021 134.501983
 5970.021 140.976366
 6000.021  145.9882
 6030.021 145.133171
 6060.021 148.574952
 6090.021 148.319944
 6120.021 154.065969
 6150.021 153.875129
 6180.021 158.431948
 6210.021 156.802727
 6240.021 162.218741
 6270.021 162.376246
 6300.021 166.161372
 6330.021 166.343878
 6360.021 166.929731
 6390.021 166.502217
 6420.021 169.834828
 6450.021 176.071702
 6480.021 178.38928
 6510.021 179.461815
 6540.021 179.716824
 6570.021 180.436015
 6600.021 178.832628
 6630.021 178.377613
 6660.021 180.559352
 6690.021 184.865329
 6720.021 183.752792
 6750.021 185.955365
 6780.021 188.051268
 6810.021 189.850495
 6840.021 191.823894
 6870.021 190.988866
 6900.021 190.601353
 6930.021 193.438948
 6960.021 191.80556
 6990.021 193.268942
 7020.021 189.773826
 7050.021 193.61312
 7080.021 193.241441
 7110.021 194.30731
 7140.021 194.483149
 7170.021 195.134838
 7200.021 196.540718
 7230.021 197.440748
 7260.021 196.482383
 7290.021 196.919897
 7320.021 195.667356
 7350.021 197.369079
 7380.021 193.006434
 7410.021 198.277443
 7440.021 191.725558
 7470.021 195.282343
 7500.021 199.862495
 7530.021 199.896663
 7560.021 196.215707
 7590.021 191.187206
 7620.021 194.321477
 7650.021 192.546418
 7680.021 193.993966
 7710.021 194.087303
 7740.021 196.563219
 7770.021 198.539951
 7800.021 199.39498
 7830.021 198.598287
 7860.021       200
 7890.021 199.513317
 7920.021 194.898163
 7950.021 199.461649
 7980.021 199.136638
 8010.021 197.194906
 8040.021 193.538118
 8070.021 194.533151
 8100.021 194.948165
 8130.021 191.465549
 8160.021 194.31231
 8190.021 194.358145
 8220.021 192.133071


# Stim 1 with 200 elements
#    Time   AMPLITUDE
 1995.015 29.0793026
 1995.115 29.9284976
 1995.215 29.6426548
 1995.315 29.260142
 1995.415 29.8626621
 1995.515 30.1826728
 1995.615 29.1568052
 1995.715 28.4867829
 1995.815 29.9209974
 1995.915 29.3134771
 1996.015 29.740158
 1996.115 29.1784726
 1996.215 29.1501383
 1996.315 28.1684389
 1996.415 29.2493083
 1996.515 29.8668289
 1996.615 28.4576153
 1996.715 29.8059935
 1996.815 28.6792893
 1996.915 27.1834061
 1997.015 27.8159272
 1997.115 27.2525751
 1997.215 28.3267776
 1997.315 27.8550952
 1997.415 29.3551452
 1997.515 27.4250808
 1997.615 27.940098
 1997.715 28.4184473
 1997.815 28.680956
 1997.915 29.4084803
 1998.015 30.0868362
 1998.115 27.9417647
 1998.215 29.7293243
 1998.315 28.9442981
 1998.415 29.1551385
 1998.515 29.3509784
 1998.615 29.2734758
 1998.715 28.8976299
 1998.815 28.5059502
 1998.915 30.2610087
 1999.015 28.7167906
 1999.115 29.7293243
 1999.215 28.0542685
 1999.315 28.9676323
 1999.415 29.0343011
 1999.515 29.2534751
 1999.615 28.6134538
 1999.715 30.1643388
 1999.815 29.0759692
 1999.915 28.5317844
 2000.015 29.4368146
 2000.115 29.1051368
 2000.215 28.759292
 2000.315 29.040968
 2000.415 29.7001567
 2000.515 28.5151172
 2000.615 30.0918364
 2000.715 28.5692856
 2000.815 28.7492916
 2000.915 30.0976699
 2001.015 29.0118004
 2001.115 29.110137
 2001.215 30.0060002
 2001.315 29.6426548
 2001.415 30.0301677
 2001.515 29.9926664
 2001.615 29.7551585
 2001.715 28.9942998
 2001.815 30.1243375
 2001.915 29.5009834
 2002.015 29.6051535
 2002.115 30.3018434
 2002.215 29.6751558
 2002.315 29.5826528
 2002.415 30.0268342
 2002.515 29.3476449
 2002.615 28.9801327
 2002.715 28.8259609
 2002.815 30.6660222
 2002.915 30.9326978
 2003.015 29.3718124
 2003.115 29.8943298
 2003.215 29.4409814
 2003.315 28.6342878
 2003.415 29.4468149
 2003.515 29.8859962
 2003.615 29.140138
 2003.715 30.6518551
 2003.815 28.8992966
 2003.915 29.2859762
 2004.015 30.3560119
 2004.115 29.6976566
 2004.215 29.6326544
 2004.315 29.1768059
 2004.415 29.0868029
 2004.515 29.2026401
 2004.615 29.5009834
 2004.715 29.5568186
 2004.815 29.5768192
 2004.915 29.0609687
 2005.015 30.6976899
 2005.115 30.4701823
 2005.215 28.7426248
 2005.315 30.2935098
 2005.415 29.2843095
 2005.515 28.3759459
 2005.615 30.058502
 2005.715 30.6760225
 2005.815 30.0768359
 2005.915 29.5859862
 2006.015 30.0301677
 2006.115 30.6318544
 2006.215 29.2259742
 2006.315 28.8651288
 2006.415 29.8876629
 2006.515 28.8884629
 2006.615 28.980966
 2006.715 29.3551452
 2006.815 29.7043235
 2006.915 29.1409714
 2007.015 29.8526618
 2007.115 29.8468282
 2007.215 30.9151972
 2007.315 30.1135038
 2007.415 30.2160072
 2007.515 30.2360079
 2007.615 28.5351178
 2007.715 29.2368079
 2007.815 28.9576319
 2007.915 28.7209574
 2008.015 29.1151372
 2008.115 29.4901497
 2008.215 29.9276643
 2008.315  30.79936
 2008.415 28.5476183
 2008.515 30.4193473
 2008.615 30.6451882
 2008.715 28.6217874
 2008.815 29.989333
 2008.915 30.2376746
 2009.015 29.8876629
 2009.115 29.3643121
 2009.215 29.4626488
 2009.315  28.60012
 2009.415 30.1493383
 2009.515 31.0927031
 2009.615 30.2326744
 2009.715 29.8451615
 2009.815 29.7626588
 2009.915 29.020134
 2010.015 28.8884629
 2010.115 30.5601853
 2010.215 29.9176639
 2010.315 30.3743458
 2010.415 30.5651855
 2010.515 29.7576586
 2010.615 30.9593653
 2010.715 30.2585086
 2010.815 29.4918164
 2010.915 29.380146
 2011.015 30.0943365
 2011.115 29.9576653
 2011.215 29.6818227
 2011.315 30.1051702
 2011.415 29.8634954
 2011.515 29.1134704
 2011.615 29.8851628
 2011.715 29.8751625
 2011.815 30.5035168
 2011.915 30.0635021
 2012.015 30.4293476
 2012.115 28.2884429
 2012.215 30.8835295
 2012.315 29.0743025
 2012.415 29.6251542
 2012.515 29.9943331
 2012.615 29.3251442
 2012.715 29.8634954
 2012.815 29.2659755
 2012.915 29.0334678
 2013.015 30.511017
 2013.115 30.4410147
 2013.215 29.2768092
 2013.315 29.929331
 2013.415 30.5093503
 2013.515 28.8484616
 2013.615 30.2476749
 2013.715 29.0784693
 2013.815 29.710157
 2013.915 29.4259809
 2014.015 30.2735091
 2014.115 30.0343345
 2014.215 30.0243341
 2014.315  29.50015
 2014.415 28.8542951
 2014.515 29.9476649
 2014.615 29.8876629
 2014.715 29.1593053
 2014.815 28.8084603
 2014.915 29.5859862


# Stim 2 with 200 elements
#    Time   AMPLITUDE
 2380.015 52.8742625
 2380.115 52.8542618
 2380.215 51.7808927
 2380.315 51.1883729
 2380.415 50.7675256
 2380.515 52.7642588
 2380.615 51.7825594
 2380.715 53.0751025
 2380.815 52.7950932
 2380.915 52.8034268
 2381.015 52.2775759
 2381.115 52.4234141
 2381.215 52.8092603
 2381.315 51.4225474
 2381.415 51.7450582
 2381.515 52.2217407
 2381.615 50.9408647
 2381.715 52.0984033
 2381.815 50.8125271
 2381.915 50.7133571
 2382.015 51.1808727
 2382.115 52.8325944
 2382.215 49.8683289
 2382.315 50.279176
 2382.415 50.7225241
 2382.515 50.8916964
 2382.615 51.7900597
 2382.715 50.5583519
 2382.815 51.3900463
 2382.915 52.0684023
 2383.015 51.7758925
 2383.115 51.740058
 2383.215 52.5525851
 2383.315 51.5333844
 2383.415 51.5642188
 2383.515 51.5817194
 2383.615 51.5767192
 2383.715 50.9400313
 2383.815 50.6500217
 2383.915 49.6891563
 2384.015 51.4650488
 2384.115 51.5850528
 2384.215 52.4384146
 2384.315  52.30091
 2384.415 50.4766826
 2384.515 50.6383546
 2384.615 51.4350478
 2384.715 51.4833828
 2384.815 51.5675523
 2384.915 52.760092
 2385.015 51.5017167
 2385.115 51.7325578
 2385.215 51.7058902
 2385.315 51.0267009
 2385.415 51.620054
 2385.515 52.5450848
 2385.615 50.9966999
 2385.715 52.7634254
 2385.815 52.0650688
 2385.915 52.0984033
 2386.015 52.2467416
 2386.115 52.4350812
 2386.215 51.9242308
 2386.315 51.8758959
 2386.415 52.5342511
 2386.515 53.0384346
 2386.615 51.3958799
 2386.715 51.6542218
 2386.815 51.1667056
 2386.915 51.2975433
 2387.015 50.9625321
 2387.115 53.2184406
 2387.215 51.6517217
 2387.315 51.7058902
 2387.415 51.9583986
 2387.515 52.2850762
 2387.615 51.7967266
 2387.715 51.3067102
 2387.815 51.3150438
 2387.915 52.3484116
 2388.015 52.8950965
 2388.115 52.4759159
 2388.215 52.0850695
 2388.315 52.5859195
 2388.415 53.1217707
 2388.515  52.49925
 2388.615 52.2617421
 2388.715 51.950065
 2388.815 52.8492616
 2388.915 52.4909164
 2389.015 52.7084236
 2389.115 51.9458982
 2389.215 52.0017334
 2389.315 52.3175773
 2389.415 51.1842061
 2389.515 53.5092836
 2389.615 52.5759192
 2389.715 52.1159039
 2389.815 52.9784326
 2389.915 52.4984166
 2390.015 52.5017501
 2390.115 52.4025801
 2390.215 52.8334278
 2390.315  51.59922
 2390.415 52.2700757
 2390.515 51.7333911
 2390.615 51.730891
 2390.715 53.1451048
 2390.815 52.7242575
 2390.915 53.8201273
 2391.015 53.7992933
 2391.115 52.7184239
 2391.215 52.0025668
 2391.315 53.0426014
 2391.415 53.1092703
 2391.515 52.1192373
 2391.615 52.0225674
 2391.715 52.5525851
 2391.815 53.0384346
 2391.915 52.5575853
 2392.015 52.5759192
 2392.115 52.9917664
 2392.215 51.9100637
 2392.315 52.6109204
 2392.415 53.4351145
 2392.515 52.6092536
 2392.615 52.820094
 2392.715 53.7142905
 2392.815 52.0117337
 2392.915 52.9917664
 2393.015 53.4792826
 2393.115 52.6584219
 2393.215 52.2042401
 2393.315 53.009267
 2393.415 52.2925764
 2393.515 52.5367512
 2393.615 50.7191906
 2393.715 52.0900697
 2393.815 52.6384213
 2393.915 54.1176373
 2394.015 52.7842595
 2394.115 53.4701157
 2394.215 51.3450448
 2394.315 52.6992566
 2394.415 53.5392846
 2394.515 53.2976099
 2394.615 52.1584053
 2394.715 53.9334644
 2394.815 53.0134338
 2394.915 53.3109437
 2395.015 51.9042301
 2395.115 52.0625688
 2395.215 53.0142671
 2395.315 51.620054
 2395.415 53.3076103
 2395.515 52.280076
 2395.615 52.3967466
 2395.715 52.8875963
 2395.815 54.1893063
 2395.915 53.3051102
 2396.015 52.4667489
 2396.115 53.1134371
 2396.215 51.0633688
 2396.315 52.880096
 2396.415 52.8634288
 2396.515 52.3075769
 2396.615 52.5067502
 2396.715 53.1959399
 2396.815 52.9517651
 2396.915 52.8542618
 2397.015 54.1318044
 2397.115 51.7550585
 2397.215 53.1451048
 2397.315 53.5476183
 2397.415 53.0492683
 2397.515 52.949265
 2397.615 52.0650688
 2397.715 52.4867496
 2397.815 52.8950965
 2397.915 52.1175706
 2398.015 52.2725758
 2398.115 51.8817294
 2398.215 52.7350912
 2398.315 53.1809394
 2398.415 52.5834194
 2398.515 53.6417881
 2398.615 53.5859529
 2398.715 51.9958999
 2398.815 52.5642521
 2398.915 53.0034334
 2399.015 51.6342211
 2399.115 53.6609554
 2399.215 52.6625888
 2399.315 51.2892096
 2399.415 52.5117504
 2399.515 54.4184806
 2399.615 52.979266
 2399.715 52.8834294
 2399.815 52.7917597
 2399.915 52.2775759


# Stim 3 with 200 elements
#    Time   AMPLITUDE
 2800.015 80.9868662
 2800.115 80.4968499
 2800.215 79.9576653
 2800.315 79.6359879
 2800.415 79.7018234
 2800.515 80.1760059
 2800.615 80.1010034
 2800.715 79.3601453
 2800.815 81.4918831
 2800.915 80.0218341
 2801.015 80.8768626
 2801.115 81.0010334
 2801.215 79.4884829
 2801.315 81.9368979
 2801.415 77.8567619
 2801.515 80.8993633
 2801.615 80.9751992
 2801.715 77.9709324
 2801.815 79.0084669
 2801.915 77.739258
 2802.015 79.1718057
 2802.115 78.0734358
 2802.215 78.1526051
 2802.315 78.0342678
 2802.415 78.7059569
 2802.515 79.1518051
 2802.615 80.1610054
 2802.715 79.3351445
 2802.815 80.5043501
 2802.915 78.8984633
 2803.015 78.9767992
 2803.115 78.9309644
 2803.215 79.0234674
 2803.315 79.3059769
 2803.415 78.2676089
 2803.515 77.7542585
 2803.615 80.1218374
 2803.715 78.9926331
 2803.815 80.4751825
 2803.915 79.3668122
 2804.015 78.7726258
 2804.115 78.9126304
 2804.215 78.8376279
 2804.315 79.650155
 2804.415 79.7859929
 2804.515 78.5342845
 2804.615 80.2118404
 2804.715 80.5176839
 2804.815 79.0684689
 2804.915 79.5593186
 2805.015 81.0493683
 2805.115 78.8334611
 2805.215 80.9168639
 2805.315 79.430981
 2805.415 80.961032
 2805.515 80.1610054
 2805.615 78.8592953
 2805.715 80.9643655
 2805.815 80.0235008
 2805.915 79.9384979
 2806.015 79.2826428
 2806.115 80.130171
 2806.215 81.0985366
 2806.315 79.8676623
 2806.415 79.1076369
 2806.515 79.4359812
 2806.615 80.8676956
 2806.715 79.9726658
 2806.815 80.7651922
 2806.915 80.5626854
 2807.015 79.9868329
 2807.115 80.289343
 2807.215 79.8159939
 2807.315 80.4776826
 2807.415 79.8643288
 2807.515 79.8526618
 2807.615 77.8600953
 2807.715 79.7893263
 2807.815 80.7951932
 2807.915 79.9959999
 2808.015 79.5059835
 2808.115 79.8743291
 2808.215 80.9035301
 2808.315 80.3501783
 2808.415 80.4801827
 2808.515 81.660222
 2808.615 81.4835495
 2808.715 80.8160272
 2808.815 81.210207
 2808.915 80.3160105
 2809.015 80.6743558
 2809.115 79.4543151
 2809.215 80.0676689
 2809.315 82.5119171
 2809.415 81.2993766
 2809.515 79.8276609
 2809.615 80.0543351
 2809.715 80.8885296
 2809.815 81.6277209
 2809.915 79.1968066
 2810.015 80.8776959
 2810.115 80.6526884
 2810.215 80.8560285
 2810.315 81.4068802
 2810.415 80.0185006
 2810.515 80.0510017
 2810.615 79.9268309
 2810.715 81.1360379
 2810.815 80.4735158
 2810.915 79.9218307
 2811.015 81.5002167
 2811.115 78.8942965
 2811.215 80.4660155
 2811.315 80.0526684
 2811.415 81.1910397
 2811.515 80.2485083
 2811.615 80.6576886
 2811.715 81.0202007
 2811.815 81.4635488
 2811.915 82.7785926
 2812.015 79.6884896
 2812.115 81.0452015
 2812.215 80.2876763
 2812.315 80.1593386
 2812.415 79.7501583
 2812.515 80.0168339
 2812.615 80.3426781
 2812.715 80.2843428
 2812.815 80.3785126
 2812.915 79.6176539
 2813.015 80.8935298
 2813.115 80.6976899
 2813.215 80.1276709
 2813.315 80.2576753
 2813.415 80.9543651
 2813.515 80.0826694
 2813.615 79.9418314
 2813.715 80.6335211
 2813.815 80.8268609
 2813.915 80.4476816
 2814.015 80.4460149
 2814.115 80.2826761
 2814.215 80.5576853
 2814.315 80.511017
 2814.415 80.3393446
 2814.515 80.6226874
 2814.615 81.0910364
 2814.715 80.340178
 2814.815 81.480216
 2814.915 80.5418514
 2815.015 79.9093303
 2815.115 79.0634688
 2815.215 80.7451915
 2815.315 80.2368412
 2815.415 80.1960065
 2815.515 81.228541
 2815.615 80.0693356
 2815.715 80.9418647
 2815.815 80.7926931
 2815.915 80.718524
 2816.015 79.8959965
 2816.115 81.5410514
 2816.215 81.2360412
 2816.315 80.0210007
 2816.415 81.8635621
 2816.515 80.6418547
 2816.615 79.3876463
 2816.715 80.1935065
 2816.815 81.5902197
 2816.915 79.1818061
 2817.015 80.5018501
 2817.115 80.2926764
 2817.215 79.8618287
 2817.315 81.7243908
 2817.415 80.9435315
 2817.515 80.6276876
 2817.615 79.820994
 2817.715 79.9243308
 2817.815 80.2718424
 2817.915 80.7585253
 2818.015 80.6801893
 2818.115 80.3168439
 2818.215 81.3143771
 2818.315 80.7660255
 2818.415 81.2593753
 2818.515 81.8185606
 2818.615 80.8793626
 2818.715 80.2526751
 2818.815 78.9167972
 2818.915 79.140138
 2819.015 80.1535051
 2819.115 80.8935298
 2819.215 81.3960465
 2819.315 80.2626754
 2819.415 81.5318844
 2819.515 81.2360412
 2819.615 79.6168206
 2819.715 80.5101837
 2819.815 80.0926698
 2819.915 80.6476883


# Stim 4 with 200 elements
#    Time   AMPLITUDE
 3200.015 103.020934
 3200.115 103.461782
 3200.215 103.49595
 3200.315 103.062602
 3200.415 101.964232
 3200.515 103.20344
 3200.615 102.730091
 3200.715 102.89343
 3200.815 103.405947
 3200.915 103.363445
 3201.015 102.637588
 3201.115 103.70929
 3201.215 104.074302
 3201.315 102.545085
 3201.415 103.40678
 3201.515 103.580119
 3201.615 100.470016
 3201.715 101.701723
 3201.815 100.535851
 3201.915 101.734224
 3202.015 99.9499983
 3202.115 99.7116571
 3202.215 100.032501
 3202.315 100.671689
 3202.415 100.990033
 3202.515 100.207507
 3202.615 100.89003
 3202.715 100.636688
 3202.815 101.116704
 3202.915 101.624221
 3203.015 100.522517
 3203.115 99.9083303
 3203.215 100.591686
 3203.315 101.149205
 3203.415 100.657522
 3203.515 100.413347
 3203.615 100.125838
 3203.715 100.88753
 3203.815 101.404213
 3203.915 100.636688
 3204.015 101.038368
 3204.115 101.440048
 3204.215 99.2983099
 3204.315 102.426748
 3204.415 100.776693
 3204.515 100.035001
 3204.615 102.495917
 3204.715 101.19754
 3204.815 101.743391
 3204.915 101.273376
 3205.015 101.28671
 3205.115 101.647555
 3205.215 101.402547
 3205.315 101.628388
 3205.415 99.3683123
 3205.515 103.952632
 3205.615 100.370846
 3205.715 102.788426
 3205.815 102.573419
 3205.915 101.974232
 3206.015 103.311777
 3206.115 101.341711
 3206.215 101.720891
 3206.315 100.51335
 3206.415 102.649255
 3206.515 102.812594
 3206.615 102.923431
 3206.715 102.045068
 3206.815 101.565886
 3206.915 100.760025
 3207.015 101.78756
 3207.115 102.017567
 3207.215 101.49755
 3207.315 103.057602
 3207.415 102.020067
 3207.515 100.745025
 3207.615 102.724257
 3207.715 102.180906
 3207.815 103.492616
 3207.915 102.452582
 3208.015 103.258442
 3208.115 102.910097
 3208.215 101.41088
 3208.315 102.179239
 3208.415 102.916764
 3208.515 101.861729
 3208.615 101.373379
 3208.715 103.315111
 3208.815 102.955099
 3208.915 102.640088
 3209.015 101.361712
 3209.115 103.183439
 3209.215 103.750125
 3209.315 102.520917
 3209.415 100.718357
 3209.515 102.824261
 3209.615 101.936731
 3209.715 102.282576
 3209.815 101.849228
 3209.915 102.137571
 3210.015 102.887596
 3210.115 101.763392
 3210.215 103.915964
 3210.315 102.375079
 3210.415 103.023434
 3210.515 102.60092
 3210.615 101.684223
 3210.715 101.025868
 3210.815 102.429248
 3210.915 102.869262
 3211.015 103.482616
 3211.115  102.9926
 3211.215 102.029234
 3211.315 103.70429
 3211.415 103.060102
 3211.515 104.407647
 3211.615 102.709257
 3211.715 102.620087
 3211.815 102.955099
 3211.915 103.403447
 3212.015 103.540118
 3212.115 102.324244
 3212.215 103.444281
 3212.315 101.397547
 3212.415 101.919231
 3212.515 102.670089
 3212.615 101.501717
 3212.715  102.0034
 3212.815 102.915097
 3212.915 103.033434
 3213.015 102.736758
 3213.115 101.328378
 3213.215 103.31011
 3213.315 102.223407
 3213.415 102.306744
 3213.515 100.801693
 3213.615 101.473382
 3213.715 102.152572
 3213.815 102.334244
 3213.915 101.520884
 3214.015 102.597587
 3214.115 103.943465
 3214.215 103.733458
 3214.315 101.786726
 3214.415 101.106704
 3214.515 103.070936
 3214.615 103.121771
 3214.715 102.066736
 3214.815 100.747525
 3214.915 102.568419
 3215.015 102.80926
 3215.115 103.728458
 3215.215 103.497617
 3215.315 103.182606
 3215.415 102.60842
 3215.515 101.09837
 3215.615 101.387546
 3215.715 102.505084
 3215.815 102.330911
 3215.915 102.510084
 3216.015 101.924231
 3216.115 103.164272
 3216.215 101.944231
 3216.315 103.610954
 3216.415 102.320911
 3216.515 103.177606
 3216.615 101.510884
 3216.715 102.493416
 3216.815 102.250075
 3216.915 102.883429
 3217.015 102.715924
 3217.115 101.990066
 3217.215 103.000933
 3217.315 103.530951
 3217.415 101.444215
 3217.515 102.314244
 3217.615 102.505917
 3217.715 102.197573
 3217.815 103.263442
 3217.915 100.380846
 3218.015 101.722557
 3218.115 102.136738
 3218.215 103.115937
 3218.315 103.815127
 3218.415 101.544218
 3218.515 102.471749
 3218.615 103.207607
 3218.715 102.431748
 3218.815 102.635921
 3218.915 102.950098
 3219.015 102.865929
 3219.115  101.9884
 3219.215 100.510017
 3219.315 103.062602
 3219.415 100.934198
 3219.515 102.767592
 3219.615 103.424281
 3219.715 102.325078
 3219.815 101.559219
 3219.915 101.850895


# Stim 5 with 200 elements
#    Time   AMPLITUDE
 3640.015 118.663955
 3640.115 120.373179
 3640.215 118.449782
 3640.315 119.819827
 3640.415 119.735658
 3640.515 120.583186
 3640.615 120.449848
 3640.715 121.165706
 3640.815 121.179873
 3640.915 118.205607
 3641.015 119.533151
 3641.115 119.102303
 3641.215 118.376446
 3641.315 119.971499
 3641.415 120.702357
 3641.515 120.469849
 3641.615 118.088103
 3641.715 118.098103
 3641.815 116.88723
 3641.915 117.517251
 3642.015 116.830561
 3642.115 116.248042
 3642.215 116.896397
 3642.315 116.456382
 3642.415 117.049735
 3642.515 116.598887
 3642.615 116.670556
 3642.715 119.28731
 3642.815 117.583086
 3642.915 116.662222
 3643.015 116.738891
 3643.115 117.683089
 3643.215 117.903097
 3643.315 117.307244
 3643.415 116.772226
 3643.515 118.519784
 3643.615 116.673056
 3643.715 117.968099
 3643.815 118.580619
 3643.915 117.058069
 3644.015 117.873096
 3644.115 119.047302
 3644.215 118.79646
 3644.315 117.59892
 3644.415 116.89973
 3644.515 118.537285
 3644.615 117.823094
 3644.715 118.202273
 3644.815 119.390646
 3644.915 118.431448
 3645.015 117.977266
 3645.115 119.618987
 3645.215 116.345545
 3645.315 117.683089
 3645.415 118.825628
 3645.515 119.424814
 3645.615 117.106404
 3645.715 119.128138
 3645.815 119.260642
 3645.915 117.459749
 3646.015 117.323077
 3646.115 117.929764
 3646.215 118.809794
 3646.315 118.432281
 3646.415 117.648088
 3646.515 118.71479
 3646.615 118.540618
 3646.715 118.478116
 3646.815 118.968966
 3646.915 119.220641
 3647.015 119.270642
 3647.115 120.003167
 3647.215 119.888996
 3647.315 115.802193
 3647.415 118.847295
 3647.515 118.60062
 3647.615 118.249775
 3647.715 116.838061
 3647.815 118.713124
 3647.915 119.531484
 3648.015 118.172272
 3648.115 119.011467
 3648.215 118.003933
 3648.315 117.839761
 3648.415 119.513984
 3648.515 118.676456
 3648.615 118.818127
 3648.715 120.639855
 3648.815 117.738091
 3648.915 119.081469
 3649.015 119.769826
 3649.115 119.69149
 3649.215 118.683956
 3649.315 118.841461
 3649.415 118.090603
 3649.515 118.536451
 3649.615 119.735658
 3649.715 116.011367
 3649.815 118.355612
 3649.915 118.834794
 3650.015 119.28981
 3650.115 119.060635
 3650.215 119.381479
 3650.315 119.342311
 3650.415 117.853095
 3650.515 118.643955
 3650.615 118.528118
 3650.715 119.148138
 3650.815 117.813094
 3650.915 118.784793
 3651.015 116.980566
 3651.115 118.368946
 3651.215 119.488983
 3651.315 118.29061
 3651.415 118.723957
 3651.515 120.023167
 3651.615 119.179806
 3651.715 119.270642
 3651.815 117.956432
 3651.915 119.590653
 3652.015 119.656489
 3652.115 119.693156
 3652.215 120.870696
 3652.315 121.917397
 3652.415 118.358112
 3652.515 118.383946
 3652.615 120.78736
 3652.715 119.784826
 3652.815 119.765659
 3652.915 119.374812
 3653.015 120.127338
 3653.115 117.530584
 3653.215 119.283976
 3653.315 119.168972
 3653.415 121.385713
 3653.515 118.851462
 3653.615 120.023167
 3653.715 118.60562
 3653.815 118.384779
 3653.915 118.408114
 3654.015 120.20234
 3654.115 119.91483
 3654.215 118.617287
 3654.315 119.628988
 3654.415 117.506417
 3654.515 119.40648
 3654.615 118.413114
 3654.715 119.29731
 3654.815 118.497283
 3654.915 120.124004
 3655.015 118.184773
 3655.115 120.030668
 3655.215 118.296443
 3655.315 119.352312
 3655.415 120.58652
 3655.515 118.59312
 3655.615 120.274009
 3655.715 118.927298
 3655.815 118.568119
 3655.915 117.118904
 3656.015 119.293143
 3656.115 118.683123
 3656.215 119.552318
 3656.315 119.327311
 3656.415 118.418114
 3656.515 119.753158
 3656.615 119.090636
 3656.715 118.816461
 3656.815 118.913964
 3656.915 119.692323
 3657.015 119.347312
 3657.115 120.19484
 3657.215 119.668989
 3657.315 118.783959
 3657.415 118.91063
 3657.515 119.387313
 3657.615 119.519817
 3657.715 118.559785
 3657.815 120.484016
 3657.915 118.388113
 3658.015 118.187273
 3658.115 119.19314
 3658.215 119.339811
 3658.315 120.139005
 3658.415 118.973966
 3658.515 119.142305
 3658.615 119.700657
 3658.715 119.738158
 3658.815 118.018101
 3658.915 119.317311
 3659.015 118.950632
 3659.115 118.384779
 3659.215 118.849795
 3659.315 118.824794
 3659.415 117.984766
 3659.515 120.315677
 3659.615 119.008967
 3659.715 118.975633
 3659.815 121.237375
 3659.915 119.668989


