# τ vs max κ linear regression for data set DA_130128_E4.h5
# Using stimulation: 1, 2, 3, 4
# Best fit: tau = 1.10072 + 0.00428917 kappa_Fura
# Covariance matrix:
# [ +3.24474e-02, -1.11471e-04  
#   -1.11471e-04, +4.55723e-07  ]
# Total sum of squares (TSS) = 59.3784
# chisq (Residual sum of squares, RSS) = 19.0097
# Probability of observing a larger of equal RSS per DOF under the null hypothesis: 7.449e-05
# R squared (1-RSS/TSS) = 0.679855
# Estimated gamma/v with standard error: 233.145 +/- 36.6948
# Estimates kappa_S with standard error (using error propagation): 255.628 +/- 58.2678
# kappa_S confidence intervals based on parametric bootstrap
# 0.95 CI for kappa_S: [133.344,473.511]
# 0.99 CI for kappa_S: [105.193,590.883]


# The data
# κ_Fura  τ   τ_SE
105.537 1.2526 0.137453
183.273 2.4886 0.165598
297.774 2.40438 0.142914
372.597 2.56488 0.135284


# The fitted data
# Preticted values with lower and upper bounds of 0.95 CI
# κ_Fura  τ   τ_lwr  τ_upr
-320.535 -0.274108 -1.03506 0.486842
-317.687 -0.261896 -1.01914 0.495352
-314.84 -0.249685 -1.00323 0.503863
-311.993 -0.237473 -0.98732 0.512374
-309.146 -0.225262 -0.971409 0.520886
-306.299 -0.21305 -0.955499 0.529399
-303.452 -0.200839 -0.93959 0.537912
-300.605 -0.188627 -0.923681 0.546426
-297.758 -0.176416 -0.907773 0.554941
-294.911 -0.164204 -0.891865 0.563457
-292.064 -0.151993 -0.875959 0.571973
-289.217 -0.139781 -0.860053 0.58049
-286.37 -0.12757 -0.844148 0.589008
-283.523 -0.115358 -0.828243 0.597526
-280.676 -0.103147 -0.81234 0.606046
-277.829 -0.0909356 -0.796437 0.614566
-274.982 -0.0787241 -0.780535 0.623087
-272.135 -0.0665126 -0.764634 0.631608
-269.288 -0.0543012 -0.748733 0.640131
-266.441 -0.0420897 -0.732834 0.648654
-263.594 -0.0298782 -0.716935 0.657179
-260.747 -0.0176668 -0.701037 0.665704
-257.899 -0.00545531 -0.68514 0.67423
-255.052 0.00675615 -0.669244 0.682757
-252.205 0.0189676 -0.653349 0.691284
-249.358 0.0311791 -0.637455 0.699813
-246.511 0.0433905 -0.621562 0.708343
-243.664 0.055602 -0.60567 0.716874
-240.817 0.0678135 -0.589778 0.725405
-237.97 0.0800249 -0.573888 0.733938
-235.123 0.0922364 -0.557999 0.742471
-232.276 0.104448 -0.54211 0.751006
-229.429 0.116659 -0.526223 0.759542
-226.582 0.128871 -0.510337 0.768079
-223.735 0.141082 -0.494452 0.776617
-220.888 0.153294 -0.478568 0.785155
-218.041 0.165505 -0.462685 0.793696
-215.194 0.177717 -0.446804 0.802237
-212.347 0.189928 -0.430923 0.810779
-209.5 0.20214 -0.415044 0.819323
-206.653 0.214351 -0.399165 0.827868
-203.806 0.226563 -0.383289 0.836414
-200.959 0.238774 -0.367413 0.844961
-198.112 0.250985 -0.351538 0.853509
-195.264 0.263197 -0.335665 0.862059
-192.417 0.275408 -0.319793 0.87061
-189.57 0.28762 -0.303923 0.879163
-186.723 0.299831 -0.288054 0.887716
-183.876 0.312043 -0.272186 0.896272
-181.029 0.324254 -0.25632 0.904828
-178.182 0.336466 -0.240455 0.913386
-175.335 0.348677 -0.224592 0.921946
-172.488 0.360889 -0.20873 0.930507
-169.641 0.3731 -0.192869 0.939069
-166.794 0.385312 -0.17701 0.947634
-163.947 0.397523 -0.161153 0.956199
-161.1 0.409734 -0.145298 0.964767
-158.253 0.421946 -0.129444 0.973336
-155.406 0.434157 -0.113591 0.981906
-152.559 0.446369 -0.0977409 0.990479
-149.712 0.45858 -0.0818921 0.999053
-146.865 0.470792 -0.0660451 1.00763
-144.018 0.483003 -0.0502 1.01621
-141.171 0.495215 -0.0343567 1.02479
-138.324 0.507426 -0.0185153 1.03337
-135.476 0.519638 -0.00267579 1.04195
-132.629 0.531849 0.0131617 1.05054
-129.782 0.544061 0.0289972 1.05912
-126.935 0.556272 0.0448305 1.06771
-124.088 0.568483 0.0606618 1.07631
-121.241 0.580695 0.0764909 1.0849
-118.394 0.592906 0.0923179 1.09349
-115.547 0.605118 0.108143 1.10209
-112.7 0.617329 0.123965 1.11069
-109.853 0.629541 0.139785 1.1193
-107.006 0.641752 0.155603 1.1279
-104.159 0.653964 0.171418 1.13651
-101.312 0.666175 0.18723 1.14512
-98.4649 0.678387 0.20304 1.15373
-95.6178 0.690598 0.218848 1.16235
-92.7708 0.70281 0.234653 1.17097
-89.9238 0.715021 0.250455 1.17959
-87.0767 0.727233 0.266254 1.18821
-84.2297 0.739444 0.28205 1.19684
-81.3826 0.751655 0.297843 1.20547
-78.5356 0.763867 0.313634 1.2141
-75.6885 0.776078 0.329421 1.22274
-72.8415 0.78829 0.345205 1.23137
-69.9944 0.800501 0.360986 1.24002
-67.1474 0.812713 0.376763 1.24866
-64.3003 0.824924 0.392537 1.25731
-61.4533 0.837136 0.408308 1.26596
-58.6062 0.849347 0.424075 1.27462
-55.7592 0.861559 0.439838 1.28328
-52.9121 0.87377 0.455598 1.29194
-50.0651 0.885982 0.471353 1.30061
-47.2181 0.898193 0.487105 1.30928
-44.371 0.910404 0.502853 1.31796
-41.524 0.922616 0.518596 1.32664
-38.6769 0.934827 0.534335 1.33532
-35.8299 0.947039 0.55007 1.34401
-32.9828 0.95925 0.565801 1.3527
-30.1358 0.971462 0.581526 1.3614
-27.2887 0.983673 0.597247 1.3701
-24.4417 0.995885 0.612963 1.37881
-21.5946 1.0081 0.628674 1.38752
-18.7476 1.02031 0.64438 1.39624
-15.9005 1.03252 0.66008 1.40496
-13.0535 1.04473 0.675775 1.41369
-10.2065 1.05694 0.691465 1.42242
-7.3594 1.06915 0.707148 1.43116
-4.51236 1.08136 0.722826 1.4399
-1.66531 1.09358 0.738497 1.44866
1.18173 1.10579 0.754163 1.45741
4.02878 1.118 0.769821 1.46618
6.87583 1.13021 0.785473 1.47495
9.72287 1.14242 0.801118 1.48373
12.5699 1.15463 0.816756 1.49251
15.417 1.16685 0.832387 1.5013
18.264 1.17906 0.84801 1.5101
21.1111 1.19127 0.863626 1.51891
23.9581 1.20348 0.879233 1.52773
26.8052 1.21569 0.894832 1.53655
29.6522 1.2279 0.910422 1.54538
32.4992 1.24011 0.926004 1.55422
35.3463 1.25233 0.941577 1.56307
38.1933 1.26454 0.95714 1.57193
41.0404 1.27675 0.972693 1.5808
43.8874 1.28896 0.988236 1.58968
46.7345 1.30117 1.00377 1.59857
49.5815 1.31338 1.01929 1.60747
52.4286 1.32559 1.0348 1.61639
55.2756 1.33781 1.0503 1.62531
58.1227 1.35002 1.06579 1.63424
60.9697 1.36223 1.08127 1.64319
63.8168 1.37444 1.09673 1.65215
66.6638 1.38665 1.11218 1.66113
69.5109 1.39886 1.12761 1.67011
72.3579 1.41107 1.14304 1.67911
75.2049 1.42329 1.15844 1.68813
78.052 1.4355 1.17383 1.69716
80.899 1.44771 1.18921 1.70621
83.7461 1.45992 1.20457 1.71527
86.5931 1.47213 1.21991 1.72435
89.4402 1.48434 1.23524 1.73345
92.2872 1.49655 1.25054 1.74257
95.1343 1.50877 1.26583 1.7517
97.9813 1.52098 1.2811 1.76085
100.828 1.53319 1.29635 1.77003
103.675 1.5454 1.31157 1.77923
106.522 1.55761 1.32678 1.78845
109.37 1.56982 1.34196 1.79769
112.217 1.58204 1.35712 1.80695
115.064 1.59425 1.37225 1.81624
117.911 1.60646 1.38736 1.82556
120.758 1.61867 1.40244 1.8349
123.605 1.63088 1.41749 1.84427
126.452 1.64309 1.43251 1.85367
129.299 1.6553 1.4475 1.8631
132.146 1.66752 1.46247 1.87256
134.993 1.67973 1.47739 1.88206
137.84 1.69194 1.49229 1.89159
140.687 1.70415 1.50715 1.90115
143.534 1.71636 1.52197 1.91075
146.381 1.72857 1.53675 1.92039
149.228 1.74078 1.5515 1.93007
152.075 1.753 1.5662 1.93979
154.922 1.76521 1.58086 1.94956
157.769 1.77742 1.59547 1.95937
160.616 1.78963 1.61004 1.96922
163.463 1.80184 1.62455 1.97913
166.31 1.81405 1.63902 1.98908
169.157 1.82626 1.65344 1.99909
172.005 1.83848 1.66779 2.00916
174.852 1.85069 1.6821 2.01928
177.699 1.8629 1.69634 2.02946
180.546 1.87511 1.71052 2.0397
183.393 1.88732 1.72464 2.05
186.24 1.89953 1.7387 2.06037
189.087 1.91174 1.75268 2.07081
191.934 1.92396 1.7666 2.08131
194.781 1.93617 1.78044 2.09189
197.628 1.94838 1.79421 2.10255
200.475 1.96059 1.8079 2.11328
203.322 1.9728 1.82151 2.12409
206.169 1.98501 1.83504 2.13498
209.016 1.99722 1.84849 2.14596
211.863 2.00944 1.86185 2.15702
214.71 2.02165 1.87512 2.16817
217.557 2.03386 1.88831 2.17941
220.404 2.04607 1.9014 2.19074
223.251 2.05828 1.9144 2.20217
226.098 2.07049 1.9273 2.21369
228.945 2.08271 1.94011 2.2253
231.793 2.09492 1.95282 2.23702
234.64 2.10713 1.96543 2.24883
237.487 2.11934 1.97794 2.26074
240.334 2.13155 1.99035 2.27275
243.181 2.14376 2.00266 2.28486
246.028 2.15597 2.01488 2.29707
248.875 2.16819 2.02699 2.30938
251.722 2.1804 2.039 2.3218
254.569 2.19261 2.05091 2.33431
257.416 2.20482 2.06272 2.34692
260.263 2.21703 2.07443 2.35963
263.11 2.22924 2.08605 2.37244
265.957 2.24145 2.09757 2.38534
268.804 2.25367 2.10899 2.39834
271.651 2.26588 2.12032 2.41143
274.498 2.27809 2.13156 2.42461
277.345 2.2903 2.14271 2.43789
280.192 2.30251 2.15377 2.45125
283.039 2.31472 2.16475 2.4647
285.886 2.32693 2.17564 2.47823
288.733 2.33915 2.18645 2.49184
291.58 2.35136 2.19719 2.50553
294.428 2.36357 2.20784 2.5193
297.275 2.37578 2.21842 2.53314
300.122 2.38799 2.22893 2.54706
302.969 2.4002 2.23936 2.56104
305.816 2.41241 2.24973 2.5751
308.663 2.42463 2.26004 2.58922
311.51 2.43684 2.27028 2.6034
314.357 2.44905 2.28046 2.61764
317.204 2.46126 2.29058 2.63194
320.051 2.47347 2.30064 2.6463
322.898 2.48568 2.31065 2.66072
325.745 2.49789 2.3206 2.67519
328.592 2.51011 2.33051 2.6897
331.439 2.52232 2.34037 2.70427
334.286 2.53453 2.35017 2.71888
337.133 2.54674 2.35994 2.73354
339.98 2.55895 2.36966 2.74824
342.827 2.57116 2.37934 2.76299
345.674 2.58338 2.38898 2.77777
348.521 2.59559 2.39858 2.79259
351.368 2.6078 2.40814 2.80745
354.216 2.62001 2.41767 2.82235
357.063 2.63222 2.42717 2.83727
359.91 2.64443 2.43663 2.85224
362.757 2.65664 2.44606 2.86723
365.604 2.66886 2.45546 2.88225
368.451 2.68107 2.46483 2.8973
371.298 2.69328 2.47417 2.91238
374.145 2.70549 2.48349 2.92749
376.992 2.7177 2.49278 2.94262
379.839 2.72991 2.50204 2.95778
382.686 2.74212 2.51129 2.97296
385.533 2.75434 2.5205 2.98817
388.38 2.76655 2.5297 3.00339
