# Data from DA_130128_E4.h5 stim 1
# Ratiometric estimator
# Ratiometric estimator:
#    Time    Ca (est)    Ca (se)
 1995.015 0.0300266726 0.0048214899
 1995.115 0.0310597055 0.00469161317
 1995.215 0.0300457252 0.00457793961
 1995.315 0.0381694257 0.00501086041
 1995.415 0.0311330519 0.00462656114
 1995.515 0.0350447121 0.00484646333
 1995.615 0.026137894 0.00446438427
 1995.715 0.0336972218 0.00469691562
 1995.815 0.0246226303 0.00454042103
 1995.915 0.028877978 0.00460693077
 1996.015 0.0398544614 0.00498545074
 1996.115 0.0273909602 0.00458256782
 1996.215 0.0376788632 0.00490830836
 1996.315 0.0367795728 0.00483340867
 1996.415 0.028850865 0.00460312995
 1996.515 0.0295560402 0.00471670356
 1996.615 0.0679875288 0.0060949182
 1996.715 0.0774556097 0.00649426276
 1996.815 0.103624295 0.00753092653
 1996.915 0.11447216 0.0081847093
 1997.015 0.117674112 0.00834663793
 1997.115 0.130825012 0.00915074903
 1997.215 0.113153332 0.00803619106
 1997.315 0.087548292 0.00716999758
 1997.415 0.0874343357 0.0070405376
 1997.515 0.0985981015 0.00743121474
 1997.615 0.0710734381 0.00633748367
 1997.715 0.0655622323 0.00599072979
 1997.815 0.0680116807 0.00592451955
 1997.915 0.0604280815 0.005857574
 1998.015 0.0778660896 0.00652982424
 1998.115 0.0630292168 0.00600426716
 1998.215 0.0565897944 0.00569606823
 1998.315 0.0519909706 0.0055196259
 1998.415 0.0521607231 0.00550179663
 1998.515 0.0456111732 0.00529596742
 1998.615 0.0472203124 0.00525517806
 1998.715 0.050565143 0.0053033913
 1998.815 0.0469904742 0.00521908062
 1998.915 0.0365116226 0.00489047581
 1999.015 0.0591670561 0.00571984563
 1999.115 0.0485198044 0.00514044798
 1999.215 0.0438479867 0.0051050675
 1999.315 0.044604962 0.00513863928
 1999.415 0.0566339549 0.00563342324
 1999.515 0.0466202327 0.00520514098
 1999.615 0.0393749784 0.0050028637
 1999.715 0.0339658175 0.00473230022
 1999.815 0.035091496 0.00480720065
 1999.915 0.0352992868 0.00466875615
 2000.015 0.0362620663 0.00486048928
 2000.115 0.0362011943 0.00479870704
 2000.215 0.0375873917 0.0048450211
 2000.315 0.0361594611 0.00475719922
 2000.415 0.0358742714 0.00493030636
 2000.515 0.0312082295 0.00462535259
 2000.615 0.0343019123 0.00485332591
 2000.715 0.0369636657 0.00484451193
 2000.815 0.0376803746 0.00487647457
 2000.915 0.0270022614 0.00461665655
 2001.015 0.0320753587 0.00473372585
 2001.115 0.0367535914 0.00481579772
 2001.215 0.033706836 0.00472256992
 2001.315 0.0349075639 0.0048989919
 2001.415 0.0352582196 0.00487447674
 2001.515 0.0400091898 0.00497856981
 2001.615 0.041576796 0.00483601053
 2001.715 0.0372784493 0.00488215073
 2001.815 0.041259037 0.00480765523
 2001.915 0.0308617696 0.00462780371
 2002.015 0.0247442383 0.00446516771
 2002.115 0.0266830177 0.00454683705
 2002.215 0.035988911 0.00487647875
 2002.315 0.0376758208 0.00485111221
 2002.415 0.0372997158 0.00490158377
 2002.515 0.0377471549 0.00473171733
 2002.615 0.0278082877 0.00441828487
 2002.715 0.0422947724 0.00504641769
 2002.815 0.0423570803 0.00481750487
 2002.915 0.0284146722 0.00459144255
 2003.015 0.0426227318 0.00508080968
 2003.115 0.0306406108 0.00463075451
 2003.215 0.0380807688 0.00486445258
 2003.315 0.0244284838 0.00441998437
 2003.415 0.0370752266 0.00471924306
 2003.515 0.0297335499 0.00452140305
 2003.615 0.033808365 0.00468203572
 2003.715 0.0278479819 0.00452458827
 2003.815 0.0386734954 0.0048824343
 2003.915 0.0412527788 0.00494639171
 2004.015 0.0308606302 0.00461512835
 2004.115 0.0276368102 0.00445100606
 2004.215 0.0277704227 0.00450180024
 2004.315 0.0445441951 0.00505414956
 2004.415 0.0304318841 0.00458732524
 2004.515 0.024583797 0.00446267729
 2004.615 0.0312510047 0.00453553757
 2004.715 0.0366844676 0.00482511871
 2004.815 0.0320257194 0.00471578872
 2004.915 0.0319764407 0.00462607228
 2005.015 0.0382984655 0.00482036795
 2005.115 0.0303000483 0.00441813456
 2005.215 0.0351794932 0.00464217753
 2005.315 0.0342850579 0.00479486745
 2005.415 0.0332969952 0.00460797368
 2005.515 0.0391520273 0.00488937775
 2005.615 0.0286924513 0.00456431746
 2005.715 0.0314937164 0.00458285212
 2005.815 0.0386903571 0.00490889334
 2005.915 0.0306249026 0.00461119076
 2006.015 0.0359947088 0.00480746627
 2006.115 0.0293350249 0.00455691644
 2006.215 0.0332381048 0.00475501073
 2006.315 0.036442255 0.00475860176
 2006.415 0.0335256023 0.00460019613
 2006.515 0.0392706444 0.00488581009
 2006.615 0.0453354798 0.00508740522
 2006.715 0.0312469884 0.00469254174
 2006.815 0.0309705051 0.00468502081
 2006.915 0.0379627652 0.00489223451
 2007.015 0.0287064652 0.00455619219
 2007.115 0.0326817322 0.00477457533
 2007.215 0.0327144428 0.00461791118
 2007.315 0.031482752 0.00461080755
 2007.415 0.0303663422 0.00451975053
 2007.515 0.0296739403 0.00456913757
 2007.615 0.0356123585 0.00480216056
 2007.715 0.0309439619 0.00459006742
 2007.815 0.0340311474 0.00476242917
 2007.915 0.0278889348 0.00441059247
 2008.015 0.0398692193 0.00490722827
 2008.115 0.0346286182 0.00469930618
 2008.215 0.0269802242 0.00446659878
 2008.315 0.0347994718 0.00482320902
 2008.415 0.0351140303 0.00480157705
 2008.515 0.042493053 0.00493002005
 2008.615 0.0363920908 0.00467966409
 2008.715 0.0292927823 0.00450474034
 2008.815 0.0374250171 0.00471939617
 2008.915 0.0335387196 0.00476286829
 2009.015 0.0356716362 0.00478941575
 2009.115 0.0338628679 0.00470320815
 2009.215 0.0321812096 0.00457604269
 2009.315 0.024599879 0.00423184933
 2009.415 0.0306250072 0.00459104176
 2009.515 0.0315611889 0.00460598567
 2009.615 0.0320003333 0.00455788219
 2009.715 0.029936521 0.00454007165
 2009.815 0.0358465169 0.0047485555
 2009.915 0.0373749502 0.00479082113
 2010.015 0.0306131823 0.00462352459
 2010.115 0.0228901975 0.00438036052
 2010.215 0.0396914815 0.00471797229
 2010.315 0.0273312114 0.00447390502
 2010.415 0.0363337904 0.00475539056
 2010.515 0.0338825207 0.00439831151
 2010.615 0.030906583 0.00455099106
 2010.715 0.0309387998 0.00436249468
 2010.815 0.0311206243 0.0046089281
 2010.915 0.0357915617 0.00470660255
 2011.015 0.02155942 0.00432866122
 2011.115 0.0298036819 0.00455239615
 2011.215 0.0252967204 0.00428068948
 2011.315 0.0343416733 0.00462223539
 2011.415 0.0328328489 0.00463235075
 2011.515 0.0322482475 0.00478265527
 2011.615 0.0260806998 0.00437881928
 2011.715 0.0397815063 0.00490381222
 2011.815 0.0281970611 0.00452831879
 2011.915 0.0340319324 0.00471636423
 2012.015 0.0328026094 0.00466123226
 2012.115 0.0398864815 0.00484870865
 2012.215 0.0290878922 0.004673807
 2012.315 0.0391753492 0.00475669818
 2012.415 0.0276019869 0.00443061663
 2012.515 0.0297122205 0.00450358283
 2012.615 0.0366667144 0.00466873182
 2012.715 0.0300255425 0.00452112697
 2012.815 0.0281029931 0.00449994427
 2012.915 0.0320261564 0.0045571583
 2013.015 0.031225183 0.00450960799
 2013.115 0.0264605334 0.00431394109
 2013.215 0.0272275626 0.00435675766
 2013.315 0.0382656579 0.00480287289
 2013.415 0.0286168884 0.00449489616
 2013.515 0.0349692947 0.00455326818
 2013.615 0.0357393076 0.00476441831
 2013.715 0.0440257565 0.00493637736
 2013.815 0.0293895401 0.00451224971
 2013.915 0.0333106397 0.00466118133
 2014.015 0.0288351204 0.00452374229
 2014.115 0.0286188887 0.00442762153
 2014.215 0.029144368 0.00447833925
 2014.315 0.0248692546 0.00446792031
 2014.415 0.02556939 0.00431510331
 2014.515 0.0336172959 0.0045514748
 2014.615 0.0375154877 0.00468701174
 2014.715 0.0293918143 0.00445663583
 2014.815 0.0389972726 0.00481291064
 2014.915 0.0333793191 0.0046504307


