# Data from DA_121015_E1.h5 stim 3
# Ratiometric estimator
# Ratiometric estimator:
#    Time    Ca (est)    Ca (se)
 1222.275 0.0790421085 0.00253492225
 1222.375 0.0823611354 0.00259053997
 1222.475 0.0792062472 0.00254665145
 1222.575 0.075557362 0.00250007089
 1222.675 0.0798248132 0.00254173164
 1222.775 0.0782005087 0.00251432501
 1222.875 0.0822121412 0.00254875885
 1222.975 0.0742463729 0.00244678209
 1223.075 0.0727501204 0.00243571803
 1223.175 0.0768903827 0.00249540119
 1223.275 0.0837152 0.00261666342
 1223.375 0.0791145501 0.002529309
 1223.475 0.0783899113 0.00250331836
 1223.575 0.0750977335 0.00245675408
 1223.675 0.074681818 0.0024642825
 1223.775 0.0927336522 0.00278255965
 1223.875 0.16446654 0.00408855997
 1223.975 0.183663304 0.00444349153
 1224.075 0.200277477 0.0048654823
 1224.175 0.204316657 0.00487431842
 1224.275 0.201442148 0.0049265268
 1224.375 0.214341871 0.00523284913
 1224.475 0.201411048 0.00485319571
 1224.575 0.204248692 0.00495259806
 1224.675 0.209842462 0.00504372103
 1224.775 0.21224979 0.00512379196
 1224.875 0.204322631 0.00502028681
 1224.975 0.200222097 0.00490690711
 1225.075 0.201242623 0.00483409957
 1225.175 0.190063863 0.00464633246
 1225.275 0.19152003 0.00469661995
 1225.375 0.201728599 0.00486985156
 1225.475 0.184720734 0.00450672506
 1225.575 0.187029708 0.00458325791
 1225.675 0.196440481 0.0048394727
 1225.775 0.183206648 0.00446635788
 1225.875 0.194113261 0.00468977062
 1225.975 0.185406908 0.00449102289
 1226.075 0.188104763 0.00455338814
 1226.175 0.183330919 0.00449515271
 1226.275 0.177444101 0.00437542023
 1226.375 0.183993988 0.00444801186
 1226.475 0.177839711 0.00439381532
 1226.575 0.184991326 0.00448775647
 1226.675 0.181428096 0.00445476692
 1226.775 0.177099262 0.00440906361
 1226.875 0.181509797 0.00447019077
 1226.975 0.175539752 0.0042505114
 1227.075 0.182692098 0.00445399919
 1227.175 0.174568915 0.00425559666
 1227.275 0.170376676 0.00422928301
 1227.375 0.168153826 0.00411939837
 1227.475 0.170515299 0.00417470074
 1227.575 0.166673933 0.00410200236
 1227.675 0.169724349 0.0042294161
 1227.775 0.169413374 0.00418110686
 1227.875 0.164118497 0.00407129192
 1227.975 0.159224218 0.00397675161
 1228.075 0.157955822 0.00390509696
 1228.175 0.160351358 0.00404674876
 1228.275 0.163869697 0.00413921908
 1228.375 0.160235095 0.00397246204
 1228.475 0.160874684 0.00401193913
 1228.575 0.15386822 0.00387239406
 1228.675 0.154681208 0.00385587367
 1228.775 0.151675151 0.00386388955
 1228.875 0.148894039 0.00379361128
 1228.975 0.14999886 0.00380211385
 1229.075 0.153550516 0.00387589154
 1229.175 0.152358936 0.00381344436
 1229.275 0.150877526 0.00384351852
 1229.375 0.148142298 0.00378007185
 1229.475 0.145251887 0.00375112307
 1229.575 0.147054133 0.00376777667
 1229.675 0.148524192 0.00382788148
 1229.775 0.150555741 0.00376684443
 1229.875 0.148829372 0.00377987757
 1229.975 0.141286701 0.00366580974
 1230.075 0.143154047 0.00366294304
 1230.175 0.143839384 0.0036745017
 1230.275 0.140123281 0.00364204644
 1230.375 0.13912098 0.00362286772
 1230.475 0.14261679 0.00368373568
 1230.575 0.140431933 0.00359737424
 1230.675 0.142304008 0.00362108617
 1230.775 0.142671817 0.00367725023
 1230.875 0.138097201 0.00357051361
 1230.975 0.138766324 0.00362071155
 1231.075 0.139115088 0.00360301218
 1231.175 0.140030301 0.00362777758
 1231.275 0.133368831 0.0034889693
 1231.375 0.138612136 0.00357837089
 1231.475 0.133434122 0.00347738294
 1231.575 0.133491075 0.00347283989
 1231.675 0.130885647 0.003385195
 1231.775 0.130969303 0.00346475458
 1231.875 0.12886273 0.00335075596
 1231.975 0.129145065 0.00345232501
 1232.075 0.122016804 0.00327418125
 1232.175 0.128003375 0.00337068787
 1232.275 0.124894482 0.00331136351
 1232.375 0.131068114 0.00339141403
 1232.475 0.13108217 0.00342503231
 1232.575 0.122323146 0.00324402454
 1232.675 0.128783256 0.00343982671
 1232.775 0.124842428 0.00334738054
 1232.875 0.125744934 0.00335981924
 1232.975 0.126507806 0.00338556238
 1233.075 0.125070222 0.00331042661
 1233.175 0.122836881 0.00330112718
 1233.275 0.120954678 0.00327507826
 1233.375 0.119143267 0.00320546346
 1233.475 0.12186812 0.00333987684
 1233.575 0.120670059 0.00323971693
 1233.675 0.119871311 0.00325864672
 1233.775 0.12008645 0.00321394796
 1233.875 0.11334685 0.00312265599
 1233.975 0.121837424 0.00328746801
 1234.075 0.119489932 0.00321117799
 1234.175 0.113874081 0.00313297065
 1234.275 0.11960657 0.00322283094
 1234.375 0.117419328 0.00322594674
 1234.475 0.116974603 0.00321180104
 1234.575 0.11812505 0.0031717503
 1234.675 0.11748146 0.00313161754
 1234.775 0.111264178 0.00308595692
 1235.175 0.111738346 0.00309911867
 1235.275 0.108503915 0.00304365291
 1235.375 0.109003666 0.00303796452
 1235.475 0.116195422 0.00311216022
 1235.575 0.113657644 0.00316348518
 1235.675 0.116140801 0.00311403827
 1235.775 0.106663825 0.00301691845
 1235.875 0.109339653 0.00309083736
 1235.975 0.107123631 0.00305972442
 1236.075 0.112077727 0.00312807407
 1236.175 0.105689015 0.00296131645
 1236.275 0.114054677 0.00310237965
 1236.375 0.112325549 0.00307224209
 1236.475 0.110205561 0.00305259097
 1236.575 0.104296665 0.00294089883
 1236.675 0.108260161 0.00303011373
 1236.775 0.111374908 0.00306673499
 1236.875 0.109318001 0.00299757398
 1236.975 0.106469156 0.00298209043
 1237.075 0.104262336 0.002932939
 1237.175 0.104378692 0.00299312592
 1237.275 0.107461422 0.00299464708
 1237.375 0.10129551 0.00292460428
 1237.475 0.110566523 0.00312702459
 1237.575 0.107688846 0.00300957515
 1237.675 0.108278489 0.00301636172
 1237.775 0.103904913 0.0029100103
 1237.875 0.10311153 0.00291903442
 1237.975 0.101154794 0.00289649113
 1238.075 0.102232111 0.00284148332
 1238.175 0.105914583 0.00297604775
 1238.275 0.105158484 0.00295536656
 1238.375 0.105218762 0.00302407408
 1238.475 0.108594297 0.00302777045
 1238.575 0.109579643 0.00306775137
 1238.675 0.107657312 0.00298117073
 1238.775 0.105703957 0.00294956361
 1238.875 0.101134735 0.00289385986
 1238.975 0.102190852 0.00292379351
 1239.075 0.101195529 0.00291477321
 1239.175 0.105158028 0.00296327757
 1239.275 0.102155939 0.00292484668
 1239.375 0.103719278 0.0029520769
 1239.475 0.100193775 0.00289081816
 1239.575 0.100425104 0.00288631044
 1239.675 0.0996942612 0.00287172421
 1239.775 0.101912597 0.00291052193
 1239.875 0.100411036 0.00284996643
 1239.975 0.0974333059 0.00285185702
 1240.075 0.096611673 0.00283449826
 1240.175 0.100158511 0.00289606296
 1240.275 0.103659635 0.00295523856
 1240.375 0.0981721462 0.0028527437
 1240.475 0.0950799002 0.00279374409
 1240.575 0.0983185214 0.00286338755
 1240.675 0.0984967019 0.00282185051
 1240.775 0.093685991 0.00278681655
 1240.875 0.0968686089 0.00287961842
 1240.975 0.0980694234 0.0028484785
 1241.075 0.0924714819 0.00273794829
 1241.175 0.0996772636 0.00286881736
 1241.275 0.0967721021 0.00277706056
 1241.375 0.0981408311 0.00284519682
 1241.475 0.0922388401 0.00269321127
 1241.575 0.0964281336 0.00284215455
 1241.675 0.102681318 0.00292521851
 1241.775 0.094742901 0.00279555605
 1241.875 0.103627528 0.00297547324
 1241.975 0.0946135445 0.00279160472
 1242.075 0.0972587612 0.00281661718
 1242.175 0.0979680125 0.00286060624
 1242.275 0.0931652073 0.00273857978
 1242.375 0.0904463792 0.00272431265
 1242.475 0.0971839912 0.00283417606


