# Data from DA_121015_E1.h5 stim 4
# Ratiometric estimator
# Ratiometric estimator:
#    Time    Ca (est)    Ca (se)
 1842.888 0.0993333153 0.00263642431
 1843.088 0.100421421 0.00267196604
 1843.288 0.0991403762 0.00263231119
 1843.488 0.0999746131 0.00267338459
 1843.688 0.101916618 0.00266461119
 1843.888 0.104198891 0.00271310901
 1844.088 0.0979947594 0.00260770694
 1844.288 0.102718913 0.00267583857
 1844.488 0.177908775 0.00399760736
 1844.688 0.211088244 0.00466037539
 1844.888 0.215997405 0.00479472236
 1845.088 0.225262346 0.0049438131
 1845.288 0.219047355 0.00480412361
 1845.488 0.211721096 0.00467909312
 1845.688 0.222354104 0.00488896076
 1845.888 0.219432345 0.00489923294
 1846.088 0.213595642 0.00472391622
 1846.288 0.214306541 0.00469603232
 1846.488 0.206777106 0.00459770052
 1846.688 0.206937032 0.00455773154
 1846.888 0.202574998 0.00451316004
 1847.088 0.204658637 0.0046436309
 1847.288 0.203006356 0.00452107894
 1847.488 0.196326318 0.00438050684
 1847.688 0.197651143 0.00439316943
 1847.888 0.197441433 0.00443577987
 1848.088 0.201279461 0.00454007465
 1848.288 0.193780267 0.00434288872
 1848.488 0.199169736 0.00438834035
 1848.688 0.18247068 0.00410067746
 1848.888 0.182590204 0.00408041786
 1849.088 0.186761785 0.00418051111
 1849.288 0.188173068 0.00420268478
 1849.488 0.1842248 0.0041383239
 1849.688 0.184814368 0.00419050179
 1849.888 0.185583425 0.00414483055
 1850.088 0.17440925 0.00397291646
 1850.288 0.179323669 0.00403296201
 1850.488 0.173572432 0.00392056319
 1850.688 0.181985047 0.00409350213
 1850.888 0.175178871 0.0039528345
 1851.088 0.172542194 0.00392267228
 1851.288 0.170547566 0.00390879707
 1851.488 0.170835044 0.00385038897
 1851.688 0.168738569 0.00384556023
 1851.888 0.171406014 0.00392497249
 1852.088 0.161984486 0.00376132026
 1852.288 0.158951755 0.00362824366
 1852.488 0.16542852 0.00374023678
 1852.688 0.160516082 0.00367518202
 1852.888 0.165886542 0.0037907311
 1853.088 0.160830845 0.00366575783
 1853.288 0.157062184 0.0036053577
 1853.488 0.158464217 0.00362356285
 1853.688 0.161606092 0.00372442816
 1853.888 0.151924848 0.00350274644
 1854.088 0.160728455 0.00366521711
 1854.288 0.15375945 0.00353284136
 1854.488 0.147165394 0.00340816309
 1854.688 0.147465562 0.00348781981
 1854.888 0.151765295 0.0035774811
 1855.088 0.150997809 0.00349638477
 1855.288 0.143822881 0.00339202386
 1855.488 0.150574272 0.00350229464
 1855.688 0.157197195 0.00359512848
 1855.888 0.149007424 0.00348706046
 1856.088 0.148398312 0.00347830641
 1856.288 0.140726087 0.00333462995
 1856.488 0.140139351 0.00331134072
 1856.688 0.145122638 0.00338520057
 1856.888 0.155723294 0.00358350268
 1857.088 0.144630054 0.00341183174
 1857.288 0.142614446 0.00338828273
 1857.488 0.143070777 0.00340183862
 1857.688 0.144138107 0.00342448462
 1857.888 0.13879389 0.00327307333
 1858.088 0.1365343 0.00326405397
 1858.288 0.139811497 0.00329619984
 1858.488 0.140702589 0.00329995246
 1858.688 0.139005753 0.00329544965
 1858.888 0.135811592 0.00325321294
 1859.088 0.132339452 0.00321144143
 1859.288 0.136840415 0.00327833064
 1859.488 0.139576348 0.00328918266
 1859.688 0.134014087 0.00320443629
 1859.888 0.138009884 0.00331406283
 1860.088 0.132973332 0.00320129246
 1860.288 0.139041435 0.00329541547
 1860.488 0.12857551 0.00313713496
 1860.688 0.134194301 0.00323393223
 1860.888 0.128486512 0.00310895478
 1861.088 0.133130617 0.00317756887
 1861.288 0.133306866 0.00323324792
 1861.488 0.134779303 0.00324493612
 1861.688 0.132428446 0.00311549365
 1861.888 0.131033944 0.0031653925
 1862.088 0.128881728 0.00309059395
 1862.288 0.128883633 0.00314843792
 1862.488 0.130310309 0.00315365887
 1862.688 0.129423583 0.00313634918
 1862.888 0.127922487 0.0031135839
 1863.088 0.131071399 0.0031132725
 1863.288 0.12797804 0.0030976932
 1863.488 0.122845682 0.00301099888
 1863.688 0.124359795 0.00307946116
 1863.888 0.130876762 0.00316400564
 1864.088 0.124202254 0.00306700201
 1864.288 0.128932348 0.00315883099
 1864.488 0.123867084 0.00300203955
 1864.688 0.1263252 0.00310170046
 1864.888 0.118654564 0.00295809336
 1865.088 0.127405614 0.00308047111
 1865.288 0.12427812 0.00311910161
 1865.488 0.123443498 0.00303569925
 1865.688 0.126242439 0.00309006087
 1865.888 0.124405422 0.00303787697
 1866.088 0.123080175 0.00302913276
 1866.288 0.120996774 0.00301009038
 1866.488 0.120359325 0.00297480888
 1866.688 0.118089369 0.00295133452
 1866.888 0.121950559 0.00298278881
 1867.088 0.116525698 0.00296724316
 1867.288 0.120219437 0.00301167921
 1867.488 0.113638414 0.00286172424
 1867.688 0.120635598 0.00295165048
 1867.888 0.121224786 0.00301373603
 1868.088 0.11766604 0.00297337696
 1868.288 0.117993109 0.00292443445
 1868.488 0.122312047 0.0030199337
 1868.688 0.117137842 0.00286468487
 1868.888 0.117117654 0.00296997635
 1869.088 0.12258698 0.00297362342
 1869.288 0.121263107 0.00301132294
 1869.488 0.116664604 0.00295279631
 1869.688 0.119033318 0.00298570112
 1869.888 0.112008918 0.00284229788
 1870.088 0.118524496 0.00292256693
 1870.288 0.117117216 0.00292102166
 1870.488 0.115702059 0.00288631781
 1870.688 0.116856786 0.00292582715
 1870.888 0.121113679 0.00295011888
 1871.088 0.11035209 0.0028161207
 1871.288 0.118212224 0.00295450441
 1871.488 0.113814876 0.00285174861
 1871.688 0.111494436 0.00282222036
 1871.888 0.113263111 0.00284964313
 1872.088 0.118930165 0.00296847565
 1872.288 0.114415923 0.00285385521
 1872.488 0.113762994 0.00285775436
 1872.688 0.113358457 0.00292726019
 1872.888 0.111541573 0.00284757966
 1873.088 0.114788737 0.00288029805
 1873.288 0.115553503 0.00286393594
 1873.488 0.10927215 0.00279032324
 1873.688 0.111203844 0.00282599289
 1873.888 0.111223011 0.00277828892
 1874.088 0.112742775 0.00284901114
 1874.288 0.112792818 0.0028357426
 1874.488 0.112486584 0.00289905016
 1874.688 0.113723503 0.00287812215
 1874.888 0.111903297 0.00287056999
 1875.088 0.11046624 0.0027973609
 1875.288 0.111135401 0.00280078585
 1875.488 0.110692562 0.00280519635
 1875.688 0.111553473 0.00283765068
 1875.888 0.110969336 0.00285303297
 1876.088 0.110823292 0.00282431645
 1876.288 0.107298464 0.00277455058
 1876.488 0.112664594 0.00286136779
 1876.688 0.106696643 0.00276558083
 1876.888 0.111811164 0.00282641661
 1877.088 0.110794392 0.0028151648
 1877.288 0.110678846 0.00281276925
 1877.488 0.109125324 0.00277502692
 1877.688 0.109285546 0.00283582129
 1877.888 0.112709953 0.00285671476
 1878.088 0.108671078 0.00280016013
 1878.288 0.108803264 0.00278063158
 1878.488 0.108029056 0.00278975598
 1878.688 0.113861309 0.00284803078
 1878.888 0.11050755 0.00280515635
 1879.088 0.108790711 0.00274493982
 1879.288 0.105728784 0.0027382435
 1879.488 0.109518279 0.00284403384
 1879.688 0.104589548 0.00272774132
 1879.888 0.109693387 0.00278599101
 1880.088 0.109553138 0.00281041241
 1880.288 0.109141297 0.00276868757
 1880.488 0.104032702 0.00270547022
 1880.688 0.109521719 0.00275845976
 1880.888 0.10851479 0.0028068725
 1881.088 0.108756503 0.0027994494
 1881.288 0.108993863 0.00279120602
 1881.488 0.108166692 0.00282290992
 1881.688 0.106756715 0.00275185399
 1881.888 0.106225519 0.00273732242
 1882.088 0.108716292 0.00279114224
 1882.288 0.109936547 0.00279248291
 1882.488 0.108156849 0.00276602714
 1882.688 0.109470926 0.00282494939


