# τ vs max κ linear regression for data set DA_121015_E1.h5
# Using stimulation: 1, 2, 3, 4
# Best fit: tau = -4.22176 + 0.0690607 kappa_Fura
# Covariance matrix:
# [ +1.64786e-01, -1.13146e-03  
#   -1.13146e-03, +8.37977e-06  ]
# Total sum of squares (TSS) = 632.37
# chisq (Residual sum of squares, RSS) = 63.2162
# Probability of observing a larger of equal RSS per DOF under the null hypothesis: 1.87403e-14
# R squared (1-RSS/TSS) = 0.900033
# Estimated gamma/v with standard error: 14.48 +/- 0.606952
# Estimates kappa_S with standard error (using error propagation): -62.1312 +/- 6.41224
# kappa_S confidence intervals based on parametric bootstrap
# 0.95 CI for kappa_S: [-68.6007,-54.8779]
# 0.99 CI for kappa_S: [-70.4805,-52.1554]


# The data
# κ_Fura  τ   τ_SE
107.908 3.25205 0.13552
173.589 7.46707 0.283033
195.707 8.35488 0.284295
197.172 13.0041 0.504556


# The fitted data
# Preticted values with lower and upper bounds of 0.95 CI
# κ_Fura  τ   τ_lwr  τ_upr
0 -4.22176 -5.0174 -3.42612
0.828124 -4.16457 -4.95569 -3.37345
1.65625 -4.10738 -4.89397 -3.32078
2.48437 -4.05019 -4.83226 -3.26811
3.3125 -3.993 -4.77056 -3.21544
4.14062 -3.93581 -4.70885 -3.16276
4.96874 -3.87861 -4.64715 -3.11008
5.79687 -3.82142 -4.58545 -3.0574
6.62499 -3.76423 -4.52375 -3.00472
7.45312 -3.70704 -4.46205 -2.95203
8.28124 -3.64985 -4.40036 -2.89934
9.10936 -3.59266 -4.33867 -2.84665
9.93749 -3.53547 -4.27698 -2.79396
10.7656 -3.47828 -4.21529 -2.74127
11.5937 -3.42109 -4.15361 -2.68857
12.4219 -3.3639 -4.09193 -2.63587
13.25 -3.30671 -4.03025 -2.58317
14.0781 -3.24952 -3.96857 -2.53046
14.9062 -3.19233 -3.9069 -2.47775
15.7344 -3.13513 -3.84523 -2.42504
16.5625 -3.07794 -3.78356 -2.37233
17.3906 -3.02075 -3.72189 -2.31961
18.2187 -2.96356 -3.66023 -2.26689
19.0469 -2.90637 -3.59857 -2.21417
19.875 -2.84918 -3.53692 -2.16144
20.7031 -2.79199 -3.47526 -2.10871
21.5312 -2.7348 -3.41362 -2.05598
22.3593 -2.67761 -3.35197 -2.00325
23.1875 -2.62042 -3.29033 -1.95051
24.0156 -2.56323 -3.22869 -1.89777
24.8437 -2.50604 -3.16705 -1.84502
25.6718 -2.44884 -3.10542 -1.79227
26.5 -2.39165 -3.04379 -1.73952
27.3281 -2.33446 -2.98216 -1.68676
28.1562 -2.27727 -2.92054 -1.634
28.9843 -2.22008 -2.85892 -1.58124
29.8125 -2.16289 -2.79731 -1.52847
30.6406 -2.1057 -2.7357 -1.4757
31.4687 -2.04851 -2.6741 -1.42292
32.2968 -1.99132 -2.61249 -1.37014
33.125 -1.93413 -2.5509 -1.31736
33.9531 -1.87694 -2.4893 -1.26457
34.7812 -1.81975 -2.42772 -1.21178
35.6093 -1.76256 -2.36613 -1.15898
36.4375 -1.70536 -2.30455 -1.10618
37.2656 -1.64817 -2.24298 -1.05337
38.0937 -1.59098 -2.18141 -1.00056
38.9218 -1.53379 -2.11984 -0.947742
39.75 -1.4766 -2.05828 -0.89492
40.5781 -1.41941 -1.99673 -0.842093
41.4062 -1.36222 -1.93518 -0.78926
42.2343 -1.30503 -1.87364 -0.736423
43.0625 -1.24784 -1.8121 -0.683579
43.8906 -1.19065 -1.75056 -0.63073
44.7187 -1.13346 -1.68904 -0.577876
45.5468 -1.07627 -1.62752 -0.525015
46.3749 -1.01908 -1.566 -0.472148
47.2031 -0.961884 -1.50449 -0.419275
48.0312 -0.904694 -1.44299 -0.366396
48.8593 -0.847503 -1.3815 -0.31351
49.6874 -0.790312 -1.32001 -0.260617
50.5156 -0.733121 -1.25852 -0.207718
51.3437 -0.67593 -1.19705 -0.154811
52.1718 -0.61874 -1.13558 -0.101898
52.9999 -0.561549 -1.07412 -0.0489766
53.8281 -0.504358 -1.01267 0.00395201
54.6562 -0.447167 -0.951223 0.0568884
55.4843 -0.389976 -0.889786 0.109833
56.3124 -0.332786 -0.828357 0.162785
57.1406 -0.275595 -0.766936 0.215746
57.9687 -0.218404 -0.705524 0.268716
58.7968 -0.161213 -0.64412 0.321694
59.6249 -0.104022 -0.582726 0.374681
60.4531 -0.0468317 -0.521341 0.427678
61.2812 0.0103591 -0.459966 0.480684
62.1093 0.0675499 -0.3986 0.5337
62.9374 0.124741 -0.337245 0.586726
63.7656 0.181931 -0.275899 0.639762
64.5937 0.239122 -0.214565 0.692809
65.4218 0.296313 -0.153241 0.745867
66.2499 0.353504 -0.0919287 0.798936
67.078 0.410695 -0.0306278 0.852017
67.9062 0.467885 0.0306613 0.90511
68.7343 0.525076 0.0919382 0.958214
69.5624 0.582267 0.153203 1.01133
70.3905 0.639458 0.214454 1.06446
71.2187 0.696649 0.275692 1.1176
72.0468 0.753839 0.336917 1.17076
72.8749 0.81103 0.398127 1.22393
73.703 0.868221 0.459323 1.27712
74.5312 0.925412 0.520504 1.33032
75.3593 0.982603 0.58167 1.38354
76.1874 1.03979 0.64282 1.43677
77.0155 1.09698 0.703953 1.49001
77.8437 1.15417 0.76507 1.54328
78.6718 1.21137 0.82617 1.59656
79.4999 1.26856 0.887252 1.64986
80.328 1.32575 0.948315 1.70318
81.1562 1.38294 1.00936 1.75652
81.9843 1.44013 1.07038 1.80987
82.8124 1.49732 1.13139 1.86325
83.6405 1.55451 1.19237 1.91665
84.4687 1.6117 1.25334 1.97007
85.2968 1.66889 1.31428 2.02351
86.1249 1.72608 1.37519 2.07697
86.953 1.78327 1.43609 2.13046
87.7811 1.84046 1.49696 2.18397
88.6093 1.89766 1.5578 2.23751
89.4374 1.95485 1.61862 2.29107
90.2655 2.01204 1.67941 2.34466
91.0936 2.06923 1.74017 2.39828
91.9218 2.12642 1.80091 2.45193
92.7499 2.18361 1.86162 2.5056
93.578 2.2408 1.92229 2.55931
94.4061 2.29799 1.98293 2.61305
95.2343 2.35518 2.04355 2.66682
96.0624 2.41237 2.10412 2.72062
96.8905 2.46956 2.16467 2.77446
97.7186 2.52675 2.22517 2.82834
98.5468 2.58394 2.28564 2.88225
99.3749 2.64114 2.34607 2.9362
100.203 2.69833 2.40646 2.99019
101.031 2.75552 2.46681 3.04422
101.859 2.81271 2.52712 3.09829
102.687 2.8699 2.58739 3.15241
103.516 2.92709 2.64761 3.20657
104.344 2.98428 2.70778 3.26078
105.172 3.04147 2.7679 3.31504
106 3.09866 2.82798 3.36935
106.828 3.15585 2.888 3.4237
107.656 3.21304 2.94797 3.47812
108.484 3.27023 3.00789 3.53258
109.312 3.32742 3.06775 3.5871
110.14 3.38462 3.12755 3.64169
110.969 3.44181 3.18729 3.69633
111.797 3.499 3.24697 3.75103
112.625 3.55619 3.30658 3.80579
113.453 3.61338 3.36613 3.86063
114.281 3.67057 3.42561 3.91553
115.109 3.72776 3.48503 3.97049
115.937 3.78495 3.54437 4.02553
116.765 3.84214 3.60364 4.08065
117.594 3.89933 3.66283 4.13583
118.422 3.95652 3.72195 4.1911
119.25 4.01371 3.78099 4.24644
120.078 4.07091 3.83994 4.30187
120.906 4.1281 3.89882 4.35738
121.734 4.18529 3.95761 4.41297
122.562 4.24248 4.01631 4.46865
123.39 4.29967 4.07492 4.52441
124.219 4.35686 4.13345 4.58027
125.047 4.41405 4.19188 4.63622
125.875 4.47124 4.25022 4.69226
126.703 4.52843 4.30847 4.74839
127.531 4.58562 4.36662 4.80462
128.359 4.64281 4.42468 4.86095
129.187 4.7 4.48263 4.91738
130.015 4.75719 4.54049 4.9739
130.844 4.81439 4.59825 5.03053
131.672 4.87158 4.6559 5.08725
132.5 4.92877 4.71345 5.14408
133.328 4.98596 4.77091 5.20101
134.156 5.04315 4.82826 5.25804
134.984 5.10034 4.8855 5.31518
135.812 5.15753 4.94265 5.37241
136.64 5.21472 4.99969 5.42975
137.469 5.27191 5.05663 5.4872
138.297 5.3291 5.11346 5.54474
139.125 5.38629 5.1702 5.60239
139.953 5.44348 5.22683 5.66013
140.781 5.50067 5.28337 5.71798
141.609 5.55787 5.3398 5.77593
142.437 5.61506 5.39614 5.83397
143.265 5.67225 5.45238 5.89212
144.094 5.72944 5.50852 5.95035
144.922 5.78663 5.56457 6.00869
145.75 5.84382 5.62053 6.06711
146.578 5.90101 5.67639 6.12563
147.406 5.9582 5.73217 6.18423
148.234 6.01539 5.78785 6.24293
149.062 6.07258 5.84345 6.30171
149.89 6.12977 5.89897 6.36058
150.719 6.18696 5.9544 6.41953
151.547 6.24416 6.00975 6.47856
152.375 6.30135 6.06502 6.53767
153.203 6.35854 6.12022 6.59685
154.031 6.41573 6.17534 6.65612
154.859 6.47292 6.23039 6.71545
155.687 6.53011 6.28536 6.77486
156.515 6.5873 6.34027 6.83433
157.344 6.64449 6.3951 6.89388
158.172 6.70168 6.44988 6.95349
159 6.75887 6.50458 7.01316
159.828 6.81606 6.55923 7.07289
160.656 6.87325 6.61382 7.13269
161.484 6.93044 6.66835 7.19254
162.312 6.98764 6.72282 7.25245
163.14 7.04483 6.77723 7.31242
163.969 7.10202 6.8316 7.37244
164.797 7.15921 6.88591 7.43251
165.625 7.2164 6.94017 7.49263
166.453 7.27359 6.99438 7.5528
167.281 7.33078 7.04855 7.61301
168.109 7.38797 7.10267 7.67327
168.937 7.44516 7.15675 7.73357
169.765 7.50235 7.21078 7.79392
170.594 7.55954 7.26478 7.85431
171.422 7.61673 7.31873 7.91474
172.25 7.67392 7.37265 7.9752
173.078 7.73112 7.42653 8.03571
173.906 7.78831 7.48037 8.09625
174.734 7.8455 7.53417 8.15682
175.562 7.90269 7.58795 8.21743
176.39 7.95988 7.64169 8.27807
177.219 8.01707 7.6954 8.33874
178.047 8.07426 7.74908 8.39944
178.875 8.13145 7.80273 8.46018
179.703 8.18864 7.85635 8.52094
180.531 8.24583 7.90994 8.58173
181.359 8.30302 7.9635 8.64254
182.187 8.36021 8.01704 8.70338
183.015 8.41741 8.07056 8.76425
183.844 8.4746 8.12405 8.82514
184.672 8.53179 8.17751 8.88606
185.5 8.58898 8.23096 8.947
186.328 8.64617 8.28438 9.00796
187.156 8.70336 8.33778 9.06894
187.984 8.76055 8.39116 9.12994
188.812 8.81774 8.44452 9.19097
189.64 8.87493 8.49786 9.25201
190.469 8.93212 8.55118 9.31307
191.297 8.98931 8.60448 9.37415
192.125 9.0465 8.65776 9.43525
192.953 9.10369 8.71103 9.49636
193.781 9.16089 8.76428 9.55749
194.609 9.21808 8.81751 9.61864
195.437 9.27527 8.87073 9.67981
196.265 9.33246 8.92393 9.74099
197.094 9.38965 8.97712 9.80218
197.922 9.44684 9.03029 9.86339
198.75 9.50403 9.08345 9.92461
199.578 9.56122 9.13659 9.98585
200.406 9.61841 9.18972 10.0471
201.234 9.6756 9.24284 10.1084
202.062 9.73279 9.29595 10.1696
202.89 9.78998 9.34904 10.2309
203.719 9.84717 9.40212 10.2922
204.547 9.90437 9.45519 10.3535
205.375 9.96156 9.50825 10.4149
206.203 10.0187 9.5613 10.4762
