# Data from DA_121015_E1.h5 stim 2
# Ratiometric estimator
# Ratiometric estimator:
#    Time    Ca (est)    Ca (se)
  781.658 0.0580597759 0.00262818527
  781.758 0.0590199584 0.00264565584
  781.858 0.0577585175 0.00261808109
  781.958 0.0565647188 0.00263439155
  782.058 0.0589167273 0.00263905424
  782.158 0.0579614715 0.00262054342
  782.258 0.0581696973 0.00260727476
  782.358 0.0591068321 0.00264020344
  782.458 0.0599511115 0.00263016958
  782.558 0.0538215012 0.0025548561
  782.658 0.0541495368 0.00259385398
  782.758 0.0569972311 0.0026293511
  782.858 0.0564968991 0.00259434009
  782.958 0.0606314536 0.00266664229
  783.058 0.0586239422 0.00264401567
  783.158 0.0699850551 0.00291786164
  783.258 0.153614998 0.00456317232
  783.358 0.173252988 0.00504073989
  783.458 0.185414269 0.00539232554
  783.558 0.185272768 0.00539345175
  783.658 0.18303567 0.00538352066
  783.758 0.182348957 0.0054081705
  783.858 0.180544406 0.00529423327
  783.958 0.186274832 0.00537310059
  784.058 0.16566519 0.00491113543
  784.158 0.159551421 0.00477792684
  784.258 0.174084949 0.0051916313
  784.358 0.171348285 0.00504297663
  784.458 0.155759959 0.00467881139
  784.558 0.160252683 0.00478379163
  784.658 0.164585164 0.00491472302
  784.758 0.166009391 0.00491708612
  784.858 0.157046777 0.00467575966
  784.958 0.155680487 0.0046806654
  785.058 0.157752017 0.00479396201
  785.158 0.151786878 0.00456953147
  785.258 0.156731294 0.0046866413
  785.358 0.137237998 0.00426591574
  785.458 0.154164276 0.00460349849
  785.558 0.151641906 0.00459513234
  785.658 0.14749711 0.00450001209
  785.758 0.152408616 0.00457407269
  785.858 0.141592814 0.00436991583
  785.958 0.136523656 0.00422330061
  786.058 0.127870307 0.00401405433
  786.158 0.133903061 0.00422339193
  786.258 0.138387927 0.00428678515
  786.358 0.126692048 0.00400130403
  786.458 0.131590589 0.00408310328
  786.558 0.124608401 0.00390129798
  786.658 0.129852948 0.0040928539
  786.758 0.132997027 0.00407870411
  786.858 0.119288479 0.00382169357
  786.958 0.122010732 0.00385593102
  787.058 0.122186504 0.00396772132
  787.158 0.122881361 0.00391388734
  787.258 0.119634491 0.00387054424
  787.358 0.114521159 0.00373173988
  787.458 0.117332072 0.00378343732
  787.558 0.122822278 0.0039241712
  787.658 0.118128824 0.00388858502
  787.758 0.112180861 0.00367908191
  787.858 0.114426876 0.00374764076
  787.958 0.112504516 0.00366546215
  788.058 0.119596448 0.00378627788
  788.158 0.118384538 0.00380654122
  788.258 0.110955659 0.00370570316
  788.358 0.108914901 0.00361367648
  788.458 0.11048714 0.00363914004
  788.558 0.111294821 0.00363576544
  788.658 0.106748386 0.00358410464
  788.758 0.10681141 0.00360494006
  788.858 0.106124891 0.00357028723
  788.958 0.109543926 0.00367483613
  789.058 0.107585502 0.00364870899
  789.158 0.103290268 0.00345949758
  789.258 0.107819565 0.00358169657
  789.358 0.106286731 0.0035622523
  789.458 0.105847492 0.00351767821
  789.558 0.105244412 0.00356757864
  789.658 0.101422783 0.00347905525
  789.758 0.0961188223 0.0033985805
  789.858 0.10249766 0.00351060547
  789.958 0.0996552872 0.00344401611
  790.058 0.0972816971 0.00335852829
  790.158 0.101338544 0.00346787975
  790.258 0.0973934397 0.00336098301
  790.358 0.100629075 0.0034475032
  790.458 0.0967988885 0.00336874847
  790.558 0.0957639582 0.00336986972
  790.658 0.0984824997 0.00339242118
  790.758 0.0972643198 0.00334899161
  790.858 0.0968576291 0.0033576157
  790.958 0.0957147121 0.00335713675
  791.058 0.0937396396 0.00324819586
  791.158 0.095676913 0.00334318882
  791.258 0.0909366652 0.00319601452
  791.358 0.0938418239 0.00332906035
  791.458 0.0918465905 0.0032578683
  791.558 0.0939643128 0.00328914329
  791.658 0.0887786172 0.0031974978
  791.758 0.0859743296 0.0031175619
  791.858 0.0937555586 0.00325635665
  791.958 0.0960028484 0.0033041625
  792.058 0.0882623815 0.00322100651
  792.158 0.0883012014 0.00319233862
  792.258 0.0918435166 0.00328863804
  792.358 0.0867022846 0.00317419201
  792.458 0.0875720565 0.00315330471
  792.558 0.092006128 0.00325270289
  792.658 0.0887685659 0.00320516858
  792.758 0.0847700064 0.00310539979
  792.858 0.0877989227 0.00324089711
  792.958 0.0844918762 0.00307531718
  793.058 0.0848092409 0.0031040941
  793.158 0.0838039054 0.00308053938
  793.258 0.0881218616 0.00319215935
  793.358 0.0856249479 0.00316922269
  793.458 0.0745368912 0.00289850781
  793.558 0.0791295631 0.00302448181
  793.658 0.0833338533 0.00307947534
  793.758 0.0899800329 0.00327090447
  793.858 0.0845422273 0.00312979698
  793.958 0.0809177128 0.00302789304
  794.058 0.0846814157 0.00307619095
  794.158 0.0768297507 0.00299021792
  794.258 0.0807209616 0.00308038939
  794.358 0.0818727011 0.00301700876
  794.458 0.0844404739 0.00310873226
  794.558 0.0766330697 0.00291559299
  794.658 0.0835881727 0.00312354376
  794.758 0.0864034904 0.00311107469
  794.858 0.0806379012 0.00302445471
  794.958 0.0787209498 0.00303644723
  795.058 0.075908814 0.00298505085
  795.158 0.0831529483 0.00309237448
  795.258 0.0782083479 0.00295786447
  795.358 0.0774519456 0.00295321751
  795.458 0.0764716914 0.00292746909
  795.558 0.0802919323 0.00299947649
  795.658 0.0860432649 0.00310520746
  795.758 0.0779658726 0.00299700109
  795.858 0.0762084575 0.00293939131
  795.958 0.0755577613 0.00287158622
  796.058 0.0782890999 0.00300305137
  796.158 0.0783730726 0.00295341972
  796.258 0.0783279122 0.00299288305
  796.358 0.0807639718 0.00300627574
  796.458 0.074442693 0.00288547435
  796.558 0.0795303629 0.00307613998
  796.658 0.0730205993 0.0029002268
  796.758 0.0812719331 0.00301563481
  796.858 0.0754640269 0.00287602293
  796.958 0.0721099989 0.00286889172
  797.058 0.0716009533 0.00288298499
  797.158 0.074824592 0.00286856862
  797.258 0.0818729769 0.00303208456
  797.358 0.0824435024 0.003009433
  797.458 0.0757171507 0.00296708618
  797.558 0.074331298 0.00293813453
  797.658 0.0720603185 0.00291614548
  797.758 0.0775214663 0.00294967325
  797.858 0.0750920803 0.00289266737
  797.958 0.0705608523 0.00284058832
  798.058 0.074881958 0.00291322316
  798.158 0.0729584548 0.00293387458
  798.258 0.0707739536 0.00283920217
  798.358 0.0703571996 0.00283894287
  798.458 0.0748791119 0.00295197379
  798.558 0.075548229 0.00289838905
  798.658 0.0716178801 0.00284330579
  798.758 0.0731580037 0.00289567038
  798.858 0.0713483791 0.00284414088
  798.958 0.0721932178 0.00284226036
  799.058 0.0678398857 0.00281084528
  799.158 0.0709276835 0.00284898056
  799.258 0.0707755249 0.0028374375
  799.358 0.0727804822 0.0028758714
  799.458 0.0663724702 0.00275986101
  799.558 0.0680425888 0.00276216883
  799.658 0.0715399255 0.0028354756
  799.758 0.0716155906 0.00281386662
  799.858 0.0691485874 0.0027919658
  799.958 0.0637746919 0.00274447695
  800.058 0.0689325022 0.00280482445
  800.158 0.0662539141 0.00273942196
  800.258 0.0699724039 0.00283661907
  800.358 0.0683036567 0.00277190194
  800.458 0.0734623541 0.0028685505
  800.558 0.0713801668 0.00284283338
  800.658 0.0704326679 0.0028646212
  800.758 0.070585234 0.00284108058
  800.858 0.0669467786 0.00277846906
  800.958 0.0695384656 0.00285708499
  801.058 0.0692864066 0.00282470722
  801.158 0.0650833619 0.00272269552
  801.258 0.0669670216 0.00279632753
  801.358 0.0726289 0.00285280419
  801.458 0.0680280792 0.00277156826
  801.558 0.0635299737 0.00270706277


