# Data from DA_121015_E1.h5 stim 1
# Ratiometric estimator
# Ratiometric estimator:
#    Time    Ca (est)    Ca (se)
  461.015 0.0350315114 0.00361600371
  461.115 0.0429940588 0.00380086609
  461.215 0.0349700769 0.00361940376
  461.315 0.0386221797 0.00369373447
  461.415 0.0413531614 0.00375747986
  461.515 0.0340073644 0.00356700623
  461.615 0.0398841476 0.00369309832
  461.715 0.0346823277 0.00357600341
  461.815 0.0309278894 0.00350241369
  461.915 0.0269350876 0.00340738006
  462.015 0.0378997487 0.00374001684
  462.115 0.0366251463 0.00368595915
  462.215 0.0356872925 0.00356798995
  462.315 0.0384088656 0.0036941813
  462.415 0.0370233592 0.00367621337
  462.515 0.0594370634 0.00434656369
  462.615 0.139418755 0.00695394749
  462.715 0.172546552 0.00792897534
  462.815 0.160275628 0.00771115046
  462.915 0.164835477 0.00774560219
  463.015 0.15512718 0.00757499141
  463.115 0.158931967 0.00782694296
  463.215 0.157009469 0.00758562698
  463.315 0.145414221 0.00715033517
  463.415 0.15047184 0.00736080586
  463.515 0.14752334 0.00726200693
  463.615 0.132693605 0.00680282403
  463.715 0.140413347 0.00697665402
  463.815 0.131657565 0.00665043017
  463.915 0.12463139 0.00649277408
  464.015 0.122872454 0.00642282878
  464.115 0.117599941 0.00621629686
  464.215 0.126330092 0.00635267655
  464.315 0.105683183 0.00575028111
  464.415 0.124466588 0.00652114377
  464.515 0.105150909 0.00564823837
  464.615 0.118997002 0.00618984671
  464.715 0.104045472 0.0056493588
  464.815 0.105338772 0.00562993811
  464.915 0.110540839 0.00590696384
  465.015 0.104852767 0.00572986572
  465.115 0.0984502981 0.00540952599
  465.215 0.0921985168 0.00539995981
  465.315 0.0864837138 0.0050604642
  465.415 0.0881231518 0.00510128663
  465.515 0.102168047 0.00560407656
  465.615 0.0911098823 0.00528372308
  465.715 0.0877131325 0.00505641658
  465.815 0.0882164215 0.00508853669
  465.915 0.0842941084 0.00490848366
  466.015 0.0910578865 0.00520669982
  466.115 0.0846030713 0.00493812012
  466.215 0.0813979659 0.00487279607
  466.315 0.0907638284 0.00512559207
  466.415 0.0714078582 0.00466250119
  466.515 0.0759151069 0.00473791555
  466.615 0.0755682694 0.0047325936
  466.715 0.0779576694 0.00471979874
  466.815 0.0679086898 0.00445600101
  466.915 0.071679684 0.00460376953
  467.015 0.0731022484 0.00463750181
  467.115 0.0713883552 0.00453929408
  467.215 0.0645638263 0.00445542426
  467.315 0.0728957104 0.00458488652
  467.415 0.0653239989 0.00429355394
  467.515 0.06912038 0.00453579585
  467.615 0.062804789 0.00432747008
  467.715 0.0641706282 0.00437492554
  467.815 0.0667063891 0.00443788407
  467.915 0.0603221424 0.00424425677
  468.015 0.0596539714 0.00424632775
  468.115 0.0675497911 0.00444654086
  468.215 0.0592087717 0.00426623866
  468.315 0.0619031796 0.00421866508
  468.415 0.0550956832 0.00411864437
  468.515 0.0620144174 0.00420981704
  468.615 0.0576792774 0.0040935588
  468.715 0.0602114349 0.00422792126
  468.815 0.060623944 0.00412778237
  468.915 0.0542803559 0.00405875267
  469.015 0.0559330364 0.00420330299
  469.115 0.0558689782 0.00407403429
  469.215 0.0524769966 0.00400188352
  469.315 0.0549216623 0.00408092284
  469.415 0.0583296808 0.00412141182
  469.515 0.0539129336 0.00411382011
  469.615 0.0549753068 0.00406729964
  469.715 0.0531553237 0.00396747032
  469.815 0.0481196555 0.00384282502
  469.915 0.0464326316 0.0038978188
  470.015 0.0551003204 0.00404483039
  470.115 0.0510798781 0.00391047004
  470.215 0.0548021726 0.00401840204
  470.315 0.049170047 0.00390231645
  470.415 0.0477291442 0.00378460211
  470.515 0.0511350579 0.00398523839
  470.615 0.0496348491 0.0038684054
  470.715 0.0426752673 0.00377358812
  470.815 0.0476548814 0.00382022458
  470.915 0.0448970376 0.00379665261
  471.015 0.045560321 0.00375460265
  471.115 0.0450869745 0.00369662835
  471.215 0.042286028 0.00363987006
  471.315 0.0527910094 0.00385752232
  471.415 0.041194181 0.00364266684
  471.515 0.0461055761 0.00376229402
  471.615 0.0508713 0.00390891421
  471.715 0.0523188706 0.00397894088
  471.815 0.0448013496 0.00371535265
  471.915 0.0510604617 0.00388054948
  472.015 0.0516288888 0.00391684112
  472.115 0.0435827026 0.00370015147
  472.215 0.0509373687 0.00401866081
  472.315 0.0386846077 0.00357847855
  472.415 0.0448098068 0.00372464072
  472.515 0.0498819767 0.00389515961
  472.615 0.0439189625 0.00373624239
  472.715 0.042478504 0.00374779226
  472.815 0.045246153 0.00365523553
  472.915 0.0466410973 0.00376918069
  473.015 0.0410479837 0.00360393717
  473.115 0.039870333 0.00363410521
  473.215 0.0418713236 0.00366708576
  473.315 0.0398806237 0.00355318245
  473.415 0.0415821033 0.00360552339
  473.515 0.0401887956 0.00355345118
  473.615 0.0409749572 0.00364362474
  473.715 0.0411007574 0.00360532582
  473.815 0.0371242532 0.00360323423
  473.915 0.0456171752 0.00369448607
  474.015 0.0413740941 0.00369467977
  474.115 0.0419186716 0.00355458142
  474.215 0.0418673416 0.00369996815
  474.315 0.0402801592 0.00365160254
  474.415 0.0411638514 0.00364403336
  474.515 0.0447560884 0.00367457366
  474.615 0.046882586 0.00371353917
  474.715 0.0351444119 0.00346017207
  474.815 0.0362901704 0.00343053539
  474.915 0.0460626853 0.00372608248
  475.015 0.039870305 0.00356091478
  475.115 0.0371984142 0.00350693669
  475.215 0.0461761064 0.00367212015
  475.315 0.0419303146 0.00352020935
  475.415 0.0444208834 0.00370210075
  475.515 0.0435256022 0.00361036938
  475.615 0.0433371028 0.00365712418
  475.715 0.0417197963 0.00359009084
  475.815 0.0416813885 0.0036527053
  475.915 0.0463501809 0.00380106759
  476.015 0.0382265602 0.00349212447
  476.115 0.0459413244 0.00369582362
  476.215 0.0467880623 0.00368051027
  476.315 0.0399059804 0.00350452581
  476.415 0.037713536 0.00348019937
  476.515 0.0357970232 0.00335568636
  476.615 0.0413169747 0.00353625745
  476.715 0.0497005434 0.00370627771
  476.815 0.0386656258 0.0035673501
  476.915 0.0332222786 0.00338379786
  477.015 0.0412966019 0.00361968351
  477.115 0.0437015255 0.00356892193
  477.215 0.0352327699 0.0034395741
  477.315 0.0425317379 0.00361711059
  477.415 0.0363249199 0.00346569449
  477.515 0.0394784367 0.00354337089
  477.615 0.0470882466 0.00376384969
  477.715 0.0395347233 0.0035271837
  477.815 0.0380250249 0.00352239424
  477.915 0.0381799619 0.00347244776
  478.015 0.0436428068 0.00359892448
  478.115 0.0405314572 0.00354315491
  478.215 0.0379097244 0.00348298521
  478.315 0.0396624509 0.00347893655
  478.415 0.0417957527 0.00357481923
  478.515 0.04040073 0.0035413065
  478.615 0.0344579299 0.00342378329
  478.715 0.0365036427 0.00340267214
  478.815 0.0390724588 0.00349187583
  478.915 0.0346940844 0.00337232362
  479.015 0.0396232826 0.00350031774
  479.115 0.0315187658 0.00332811112
  479.215 0.0333606632 0.00338156588
  479.315 0.0416361509 0.00358300928
  479.415 0.0415088819 0.00354472926
  479.515 0.0384003217 0.00344321109
  479.615 0.0422152863 0.00356969622
  479.715 0.0324471256 0.00333084567
  479.815 0.0409402485 0.00356614634
  479.915 0.0406236437 0.00344103383
  480.015 0.042009697 0.00354566288
  480.115 0.0412089492 0.003520806
  480.215 0.0377424487 0.00343766327
  480.315 0.0392625494 0.00353306334
  480.415 0.0348737349 0.00338675933
  480.515 0.030769907 0.00323538865
  480.615 0.0328550083 0.00333308348
  480.715 0.0383880085 0.00341318895
  480.815 0.0343779303 0.00336299076
  480.915 0.0321792761 0.00338510121


