# τ vs min κ linear regression for data set DA_121015_E1.h5
# Using stimulation: 1, 2, 3, 4
# Best fit: tau = -2.7618 + 0.0644621 kappa_Fura
# Covariance matrix:
# [ +1.20960e-01, -8.92951e-04  
#   -8.92951e-04, +7.31890e-06  ]
# Total sum of squares (TSS) = 632.37
# chisq (Residual sum of squares, RSS) = 64.6124
# Probability of observing a larger of equal RSS per DOF under the null hypothesis: 9.32363e-15
# R squared (1-RSS/TSS) = 0.897825
# Estimated gamma/v with standard error: 15.513 +/- 0.65105
# Estimates kappa_S with standard error (using error propagation): -43.8438 +/- 5.68704
# kappa_S confidence intervals based on parametric bootstrap
# 0.95 CI for kappa_S: [-50.7583,-35.8668]
# 0.99 CI for kappa_S: [-52.7969,-33.211]


# The data
# κ_Fura  τ   τ_SE
92.9483 3.25205 0.13552
164.047 7.46707 0.283033
186.609 8.35488 0.284295
187.708 13.0041 0.504556


# The fitted data
# Preticted values with lower and upper bounds of 0.95 CI
# κ_Fura  τ   τ_lwr  τ_upr
0 -2.7618 -3.44347 -2.08012
0.788372 -2.71098 -3.38869 -2.03327
1.57674 -2.66016 -3.3339 -1.98641
2.36511 -2.60934 -3.27912 -1.93955
3.15349 -2.55852 -3.22434 -1.89269
3.94186 -2.5077 -3.16957 -1.84583
4.73023 -2.45688 -3.11479 -1.79896
5.5186 -2.40606 -3.06002 -1.75209
6.30697 -2.35524 -3.00526 -1.70522
7.09534 -2.30442 -2.95049 -1.65834
7.88372 -2.2536 -2.89573 -1.61146
8.67209 -2.20278 -2.84098 -1.56458
9.46046 -2.15196 -2.78622 -1.51769
10.2488 -2.10114 -2.73147 -1.4708
11.0372 -2.05032 -2.67672 -1.42391
11.8256 -1.9995 -2.62197 -1.37702
12.6139 -1.94868 -2.56723 -1.33012
13.4023 -1.89786 -2.51249 -1.28322
14.1907 -1.84704 -2.45776 -1.23631
14.9791 -1.79622 -2.40303 -1.1894
15.7674 -1.7454 -2.3483 -1.14249
16.5558 -1.69458 -2.29358 -1.09558
17.3442 -1.64376 -2.23886 -1.04866
18.1325 -1.59294 -2.18414 -1.00173
18.9209 -1.54212 -2.12943 -0.954804
19.7093 -1.4913 -2.07472 -0.907873
20.4977 -1.44048 -2.02001 -0.860938
21.286 -1.38966 -1.96531 -0.813998
22.0744 -1.33884 -1.91062 -0.767054
22.8628 -1.28802 -1.85593 -0.720106
23.6511 -1.2372 -1.80124 -0.673153
24.4395 -1.18638 -1.74655 -0.626196
25.2279 -1.13556 -1.69188 -0.579234
26.0163 -1.08474 -1.6372 -0.532268
26.8046 -1.03392 -1.58253 -0.485297
27.593 -0.983095 -1.52787 -0.438321
28.3814 -0.932275 -1.47321 -0.39134
29.1697 -0.881455 -1.41856 -0.344354
29.9581 -0.830635 -1.36391 -0.297362
30.7465 -0.779815 -1.30926 -0.250366
31.5349 -0.728995 -1.25463 -0.203364
32.3232 -0.678175 -1.19999 -0.156356
33.1116 -0.627355 -1.14537 -0.109343
33.9 -0.576535 -1.09075 -0.0623235
34.6884 -0.525715 -1.03613 -0.0152985
35.4767 -0.474895 -0.981522 0.0317326
36.2651 -0.424074 -0.926919 0.07877
37.0535 -0.373254 -0.872322 0.125814
37.8418 -0.322434 -0.817733 0.172864
38.6302 -0.271614 -0.763149 0.219921
39.4186 -0.220794 -0.708573 0.266984
40.207 -0.169974 -0.654003 0.314055
40.9953 -0.119154 -0.599441 0.361132
41.7837 -0.0683341 -0.544885 0.408217
42.5721 -0.0175141 -0.490338 0.45531
43.3604 0.033306 -0.435798 0.50241
44.1488 0.084126 -0.381265 0.549517
44.9372 0.134946 -0.326741 0.596633
45.7256 0.185766 -0.272225 0.643757
46.5139 0.236586 -0.217717 0.69089
47.3023 0.287406 -0.163218 0.738031
48.0907 0.338226 -0.108728 0.785181
48.879 0.389046 -0.0542467 0.832339
49.6674 0.439866 0.000225276 0.879508
50.4558 0.490686 0.0546878 0.926685
51.2442 0.541507 0.109141 0.973873
52.0325 0.592327 0.163583 1.02107
52.8209 0.643147 0.218016 1.06828
53.6093 0.693967 0.272438 1.1155
54.3976 0.744787 0.326849 1.16272
55.186 0.795607 0.381249 1.20996
55.9744 0.846427 0.435638 1.25722
56.7628 0.897247 0.490016 1.30448
57.5511 0.948067 0.544381 1.35175
58.3395 0.998887 0.598734 1.39904
59.1279 1.04971 0.653074 1.44634
59.9162 1.10053 0.707402 1.49365
60.7046 1.15135 0.761716 1.54098
61.493 1.20217 0.816017 1.58832
62.2814 1.25299 0.870303 1.63567
63.0697 1.30381 0.924576 1.68304
63.8581 1.35463 0.978833 1.73042
64.6465 1.40545 1.03308 1.77782
65.4348 1.45627 1.0873 1.82523
66.2232 1.50709 1.14151 1.87266
67.0116 1.55791 1.19571 1.92011
67.8 1.60873 1.24988 1.96757
68.5883 1.65955 1.30404 2.01505
69.3767 1.71037 1.35818 2.06255
70.1651 1.76119 1.41231 2.11007
70.9534 1.81201 1.46641 2.1576
71.7418 1.86283 1.5205 2.20516
72.5302 1.91365 1.57456 2.25273
73.3186 1.96447 1.62861 2.30033
74.1069 2.01529 1.68263 2.34795
74.8953 2.06611 1.73663 2.39559
75.6837 2.11693 1.79061 2.44325
76.472 2.16775 1.84456 2.49094
77.2604 2.21857 1.89849 2.53864
78.0488 2.26939 1.9524 2.58638
78.8372 2.32021 2.00628 2.63414
79.6255 2.37103 2.06013 2.68192
80.4139 2.42185 2.11396 2.72973
81.2023 2.47267 2.16776 2.77757
81.9906 2.52349 2.22154 2.82544
82.779 2.57431 2.27528 2.87334
83.5674 2.62513 2.32899 2.92127
84.3558 2.67595 2.38267 2.96923
85.1441 2.72677 2.43632 3.01722
85.9325 2.77759 2.48994 3.06524
86.7209 2.82841 2.54352 3.1133
87.5092 2.87923 2.59707 3.16139
88.2976 2.93005 2.65058 3.20952
89.086 2.98087 2.70406 3.25768
89.8744 3.03169 2.75749 3.30588
90.6627 3.08251 2.81089 3.35413
91.4511 3.13333 2.86425 3.40241
92.2395 3.18415 2.91756 3.45073
93.0279 3.23497 2.97084 3.4991
93.8162 3.28579 3.02407 3.54751
94.6046 3.33661 3.07725 3.59597
95.393 3.38743 3.13039 3.64447
96.1813 3.43825 3.18348 3.69302
96.9697 3.48907 3.23653 3.74161
97.7581 3.53989 3.28952 3.79026
98.5465 3.59071 3.34246 3.83896
99.3348 3.64153 3.39535 3.88771
100.123 3.69235 3.44818 3.93652
100.912 3.74317 3.50096 3.98538
101.7 3.79399 3.55368 4.0343
102.488 3.84481 3.60635 4.08327
103.277 3.89563 3.65895 4.13231
104.065 3.94645 3.71149 4.18141
104.853 3.99727 3.76397 4.23057
105.642 4.04809 3.81639 4.27979
106.43 4.09891 3.86875 4.32908
107.219 4.14973 3.92103 4.37843
108.007 4.20055 3.97325 4.42785
108.795 4.25137 4.0254 4.47734
109.584 4.30219 4.07748 4.5269
110.372 4.35301 4.12949 4.57653
111.16 4.40383 4.18143 4.62623
111.949 4.45465 4.23329 4.67601
112.737 4.50547 4.28508 4.72586
113.526 4.55629 4.3368 4.77578
114.314 4.60711 4.38844 4.82578
115.102 4.65793 4.44 4.87586
115.891 4.70875 4.49148 4.92602
116.679 4.75957 4.54289 4.97626
117.467 4.81039 4.59421 5.02657
118.256 4.86121 4.64546 5.07697
119.044 4.91203 4.69662 5.12744
119.832 4.96285 4.74771 5.178
120.621 5.01367 4.79871 5.22863
121.409 5.06449 4.84963 5.27935
122.198 5.11531 4.90047 5.33015
122.986 5.16613 4.95123 5.38103
123.774 5.21695 5.00191 5.43199
124.563 5.26777 5.05251 5.48303
125.351 5.31859 5.10302 5.53416
126.139 5.36941 5.15346 5.58536
126.928 5.42023 5.20382 5.63665
127.716 5.47105 5.25409 5.68801
128.505 5.52187 5.30429 5.73945
129.293 5.57269 5.35441 5.79097
130.081 5.62351 5.40445 5.84257
130.87 5.67433 5.45442 5.89425
131.658 5.72515 5.5043 5.946
132.446 5.77597 5.55412 5.99783
133.235 5.82679 5.60386 6.04973
134.023 5.87761 5.65353 6.1017
134.812 5.92843 5.70312 6.15374
135.6 5.97925 5.75265 6.20586
136.388 6.03007 5.8021 6.25804
137.177 6.08089 5.85149 6.31029
137.965 6.13171 5.90081 6.36261
138.753 6.18253 5.95007 6.415
139.542 6.23335 5.99926 6.46745
140.33 6.28417 6.04839 6.51996
141.119 6.33499 6.09745 6.57253
141.907 6.38581 6.14646 6.62517
142.695 6.43663 6.19541 6.67786
143.484 6.48745 6.2443 6.73061
144.272 6.53827 6.29313 6.78341
145.06 6.58909 6.34191 6.83627
145.849 6.63991 6.39064 6.88919
146.637 6.69073 6.43931 6.94215
147.425 6.74155 6.48794 6.99517
148.214 6.79237 6.53651 7.04824
149.002 6.84319 6.58504 7.10135
149.791 6.89401 6.63351 7.15451
150.579 6.94483 6.68195 7.20772
151.367 6.99565 6.73034 7.26097
152.156 7.04647 6.77868 7.31426
152.944 7.09729 6.82699 7.3676
153.732 7.14811 6.87525 7.42098
154.521 7.19893 6.92347 7.47439
155.309 7.24975 6.97166 7.52785
156.098 7.30057 7.0198 7.58134
156.886 7.35139 7.06791 7.63487
157.674 7.40221 7.11599 7.68844
158.463 7.45303 7.16403 7.74204
159.251 7.50385 7.21204 7.79567
160.039 7.55467 7.26001 7.84934
160.828 7.60549 7.30796 7.90303
161.616 7.65631 7.35587 7.95676
162.405 7.70713 7.40375 8.01052
163.193 7.75795 7.45161 8.0643
163.981 7.80877 7.49943 8.11812
164.77 7.85959 7.54723 8.17196
165.558 7.91041 7.595 8.22583
166.346 7.96123 7.64275 8.27972
167.135 8.01205 7.69047 8.33364
167.923 8.06287 7.73817 8.38758
168.712 8.11369 7.78584 8.44155
169.5 8.16451 7.83349 8.49554
170.288 8.21533 7.88112 8.54955
171.077 8.26615 7.92873 8.60358
171.865 8.31697 7.97632 8.65763
172.653 8.36779 8.02388 8.71171
173.442 8.41861 8.07143 8.7658
174.23 8.46943 8.11895 8.81992
175.018 8.52025 8.16646 8.87405
175.807 8.57107 8.21395 8.9282
176.595 8.62189 8.26142 8.98237
177.384 8.67272 8.30888 9.03655
178.172 8.72354 8.35632 9.09075
178.96 8.77436 8.40374 9.14497
179.749 8.82518 8.45114 9.19921
180.537 8.876 8.49853 9.25346
181.325 8.92682 8.54591 9.30772
182.114 8.97764 8.59327 9.362
182.902 9.02846 8.64062 9.41629
183.691 9.07928 8.68795 9.4706
184.479 9.1301 8.73527 9.52492
185.267 9.18092 8.78258 9.57926
186.056 9.23174 8.82987 9.6336
186.844 9.28256 8.87715 9.68796
187.632 9.33338 8.92442 9.74233
188.421 9.3842 8.97168 9.79672
189.209 9.43502 9.01892 9.85111
189.998 9.48584 9.06616 9.90552
190.786 9.53666 9.11338 9.95993
191.574 9.58748 9.16059 10.0144
192.363 9.6383 9.2078 10.0688
193.151 9.68912 9.25499 10.1232
193.939 9.73994 9.30217 10.1777
194.728 9.79076 9.34934 10.2322
195.516 9.84158 9.39651 10.2866
196.305 9.8924 9.44366 10.3411
