# Cellular [Fura] for dataset DA_121015_E1.h5

# Loading curve with 76 elements
#    Time   AMPLITUDE
    0.021 2.56902661
   30.021 2.85024614
   60.021 2.68000824
   90.021 1.97586942
  120.021 2.52324669
  150.021 2.87838791
  180.021 3.0797403
  210.021 1.9804276
  240.021 2.17246546
  270.021 2.49252856
  480.021 32.6607054
  540.021 40.9177388
  600.021 45.9788976
  660.021 50.6321989
  720.021 55.371511
  780.021 62.3764338
  840.021 63.9795239
  900.021 67.179164
  960.021 69.808636
 1020.021 72.5873386
 1080.021 74.1490087
 1140.021 76.9453495
 1230.021 79.0327951
 1290.021 81.9171284
 1350.021 82.3226078
 1410.021 84.0901884
 1470.021 84.319088
 1530.021 84.3846861
 1590.021 86.8498656
 1650.021 88.1108944
 1710.021 89.9442714
 1770.021 90.6008466
 1860.021 91.6638921
 1920.021 91.4472798
 1980.021 90.9577715
 2040.021 92.1526077
 2100.021 93.6613633
 2160.021 96.0203176
 2220.021 95.6336655
 2280.021 94.3222986
 2340.021 96.1285247
 2400.021 96.5387603
 2460.021 98.2453011
 2520.021 96.2823135
 2580.021 98.5562479
 2640.021 97.3037409
 2700.021 96.3326516
 2760.021 97.7290383
 2820.021 97.2970027
 2880.021 97.3415935
 2940.021 97.775611
 3000.021 98.1779194
 3060.021 97.7224984
 3120.021 98.6390877
 3180.021 98.9304145
 3240.021 99.6288061
 3300.021 98.4409062
 3360.021 98.1325359
 3420.021 98.5677424
 3480.021 96.6953237
 3540.021 95.5734183
 3600.021 91.8914045
 3660.021 92.4673199
 3720.021 95.5813456
 3780.021 96.8612016
 3840.021       100
 3900.021 99.8043949
 3960.021 98.9773835
 4020.021 97.8124728
 4080.021 99.8985311
 4140.021 97.6200385
 4200.021 97.6297494
 4260.021 96.8542653
 4320.021 97.4297843
 4380.021 97.4529715
 4440.021 96.7048364


# Stim 1 with 200 elements
#    Time   AMPLITUDE
  461.015 28.8766281
  461.115 29.9476008
  461.215 30.3372256
  461.315 30.3074984
  461.415 29.969599
  461.515 30.4735745
  461.615 29.6392304
  461.715 30.1507368
  461.815 29.4327253
  461.915 30.8255448
  462.015 30.4377036
  462.115 30.7966103
  462.215 29.9951644
  462.315 29.7210794
  462.415 30.1267569
  462.515 29.9999207
  462.615  29.35702
  462.715 29.5020888
  462.815 28.7626737
  462.915 28.4953269
  463.015 28.7472156
  463.115 28.7517737
  463.215 29.7926229
  463.315 30.3086875
  463.415 28.8770244
  463.515 28.671312
  463.615 28.9154716
  463.715 28.9331098
  463.815 29.1988712
  463.915 29.4055744
  464.015 28.8371899
  464.115 28.2000365
  464.215 28.2406637
  464.315 29.9937771
  464.415 29.4053763
  464.515 29.6390322
  464.615 29.1620094
  464.715 29.3195637
  464.815 28.5470522
  464.915 28.6861757
  465.015 29.3062855
  465.115 29.6598413
  465.215 28.9362807
  465.315 29.7841011
  465.415 29.5952341
  465.515 29.9299627
  465.615 29.1818276
  465.715 29.9493844
  465.815 29.8988482
  465.915 29.3039073
  466.015 29.7573466
  466.115 29.981688
  466.215 29.9188645
  466.315 29.6806504
  466.415 29.4087454
  466.515 30.2537912
  466.615 30.1856168
  466.715 29.7254394
  466.815 29.1889621
  466.915 29.9408626
  467.015 30.1620332
  467.115 30.2456658
  467.215 30.789674
  467.315 30.1095151
  467.415 30.3439638
  467.515 29.5659033
  467.615 29.9995244
  467.715 31.2686786
  467.815 30.7149595
  467.915 29.7716157
  468.015 30.1737259
  468.115 29.8201701
  468.215 30.7048523
  468.315 29.6362577
  468.415 29.9396736
  468.515 30.9870627
  468.615 31.245095
  468.715 30.9484173
  468.815 30.1998858
  468.915 30.7767922
  469.015 29.9481954
  469.115 29.9301608
  469.215 30.6473796
  469.315 30.4529636
  469.415 31.3844166
  469.515 31.0411663
  469.615 30.4755563
  469.715 30.7086177
  469.815 30.2486385
  469.915 30.6559014
  470.015 31.3820384
  470.115 30.2444767
  470.215 31.1408515
  470.315 29.6614267
  470.415 30.6027888
  470.515 30.2547821
  470.615 30.855272
  470.715 30.6043743
  470.815 31.1985224
  470.915 30.2462603
  471.015 31.1311407
  471.115 31.0435444
  471.215 30.3255329
  471.315 31.2078369
  471.415 30.4170928
  471.515 31.5903272
  471.615 30.8265357
  471.715 31.3865966
  471.815 30.5861416
  471.915 31.4777601
  472.015 31.8198213
  472.115 31.6596907
  472.215 30.857452
  472.315 32.1555408
  472.415 31.3406185
  472.515 31.4167202
  472.615 31.0241227
  472.715 31.1111243
  472.815 30.5736561
  472.915 30.8536866
  473.015 30.9285992
  473.115 31.5588163
  473.215 31.178506
  473.315 31.6793106
  473.415 31.8404322
  473.515 31.4228638
  473.615 31.3616257
  473.715 31.7052724
  473.815 31.6913997
  473.915 31.992041
  474.015 31.6604834
  474.115 31.5171982
  474.215 30.9652627
  474.315 33.1414937
  474.415 30.8721175
  474.515 32.0283082
  474.615 32.1704044
  474.715 31.2805695
  474.815 31.4817237
  474.915 32.3061587
  475.015 32.0100755
  475.115 32.5687492
  475.215 31.4006675
  475.315 32.8016124
  475.415 32.8031979
  475.515 32.2722697
  475.615 31.5760581
  475.715 31.3309076
  475.815 32.2445242
  475.915 31.8366667
  476.015 32.1365153
  476.115 32.1935916
  476.215 32.3083387
  476.315 32.7524634
  476.415 31.1919824
  476.515 32.2114279
  476.615 31.6755452
  476.715 32.3891967
  476.815 32.3755222
  476.915 31.9442793
  477.015 31.3911548
  477.115 32.3695768
  477.215 32.4347785
  477.315 32.435373
  477.415 32.6424727
  477.515 32.4161494
  477.615 32.3027896
  477.715 32.0681427
  477.815 32.3121041
  477.915 32.2958533
  478.015 32.816476
  478.115 31.7098306
  478.215 31.5090727
  478.315 32.2221297
  478.415 31.8313158
  478.515 32.4218967
  478.615 32.1876462
  478.715 32.1785298
  478.815 32.345795
  478.915 30.8982774
  479.015 32.6583272
  479.115 32.8933704
  479.215 33.0003884
  479.315 32.3721531
  479.415 33.0418084
  479.515 32.3016005
  479.615 31.9789611
  479.715 32.0518918
  479.815 32.6123491
  479.915 33.0887774
  480.015 32.3648204
  480.115 32.9242867
  480.215 32.1898262
  480.315 32.5243565
  480.415 32.8331233
  480.515 32.6004582
  480.615 32.3804767
  480.715 32.2585951
  480.815 32.7730743
  480.915 32.3422277


# Stim 2 with 200 elements
#    Time   AMPLITUDE
  781.658 59.8607181
  781.758 59.2261409
  781.858 60.2739265
  781.958 60.3268409
  782.058 59.9613942
  782.158 61.7210477
  782.258 59.7475564
  782.358 60.7953419
  782.458 60.3203009
  782.558 60.9711289
  782.658 60.6526513
  782.758 60.9194036
  782.858 60.1954466
  782.958 60.8769927
  783.058 60.160963
  783.158 59.8779598
  783.258 58.112361
  783.358 58.5927529
  783.458 58.3939769
  783.558 58.5693675
  783.658 59.1750101
  783.758 58.9251033
  783.858 57.553291
  783.958 59.0816666
  784.058 58.4863294
  784.158 59.0277613
  784.258 59.608433
  784.358 57.968283
  784.458 59.1387429
  784.558 58.848407
  784.658 58.0519156
  784.758 58.4871222
  784.858 59.2041428
  784.958 58.5287403
  785.058 59.6930565
  785.158 58.0285302
  785.258 59.8942107
  785.358 59.1123848
  785.458 60.0250105
  785.558 59.2370409
  785.658 59.8430799
  785.758 58.2009481
  785.858 59.3793352
  785.958 59.0450031
  786.058 59.4996314
  786.158 59.3250335
  786.258 59.4167915
  786.358 59.4217461
  786.458 59.5390695
  786.558 58.9151942
  786.658 59.850809
  786.758 58.5271548
  786.858 58.6589455
  786.958 59.3244389
  787.058 59.1324011
  787.158 59.1466702
  787.258 59.3660571
  787.358 60.1260831
  787.458 58.9768286
  787.558 60.2313174
  787.658 59.1583629
  787.758 59.6195312
  787.858 60.7467875
  787.958 60.167503
  788.058 59.4855605
  788.158 58.8371107
  788.258 59.9160107
  788.358 58.7063109
  788.458 60.2721428
  788.558 59.7404219
  788.658 59.7085147
  788.758 58.6954109
  788.858 60.1088413
  788.958 60.4923224
  789.058 60.9041436
  789.158 60.6798021
  789.258 60.7323202
  789.358 60.3942226
  789.458 60.4697298
  789.558 59.7170365
  789.658 59.3008554
  789.758 59.6458893
  789.858 60.5014388
  789.958 60.6924858
  790.058 59.3696243
  790.158 60.3512172
  790.258 58.9720723
  790.358 60.424148
  790.458 59.7927418
  790.558 59.2445718
  790.658 59.5523477
  790.758 59.7206037
  790.858 59.9233434
  790.958 59.6900838
  791.058 60.1072558
  791.158 59.4899205
  791.258 59.4661387
  791.358 59.9374143
  791.458 60.3868899
  791.558 60.4146353
  791.658 61.4535027
  791.758 59.0814684
  791.858 60.2965191
  791.958 59.9225507
  792.058 60.8869018
  792.158 60.3212918
  792.258 59.5515549
  792.358 60.291961
  792.458 60.5983495
  792.558 60.7378693
  792.658 61.9479655
  792.758 59.9134343
  792.858 60.2945373
  792.958 59.6347912
  793.058 60.8666873
  793.158 61.2236121
  793.258 61.0295925
  793.358 59.6879038
  793.458 60.2761064
  793.558 59.8198927
  793.658 59.2477427
  793.758 60.8068365
  793.858 60.5622805
  793.958 60.8040619
  794.058 61.4889771
  794.158 62.070838
  794.258 60.6585967
  794.358 60.610835
  794.458 61.8855383
  794.558 60.9917398
  794.658 61.0186925
  794.758 59.6393493
  794.858 60.6633531
  794.958 60.6899094
  795.058 60.8633182
  795.158 61.250763
  795.258 60.9356544
  795.358 60.6467058
  795.458 60.2390465
  795.558 60.2279483
  795.658 61.7539458
  795.758 61.2553212
  795.858 60.0456214
  795.958 60.0404687
  796.058 60.8547964
  796.158 60.0860504
  796.258 60.8002965
  796.358 60.7553093
  796.458 60.6869367
  796.558 59.6748238
  796.658 61.0464379
  796.758 60.3474518
  796.858 60.6052859
  796.958 61.379581
  797.058 60.7622456
  797.158 61.1978485
  797.258 61.2559157
  797.358 61.0611033
  797.458 61.2119194
  797.558 60.5713969
  797.658 61.1812013
  797.758 60.7961347
  797.858 60.3757917
  797.958 60.0238214
  798.058 60.5030242
  798.158 60.9019636
  798.258 61.5658716
  798.358 61.5799424
  798.458 60.6175731
  798.558 60.6328331
  798.658 62.0095999
  798.758 61.3127938
  798.858 60.7323202
  798.958 61.4041555
  799.058 61.2434303
  799.158 60.621735
  799.258 60.4251389
  799.358 60.6587949
  799.458 60.4370298
  799.558 61.5531879
  799.658 61.2083522
  799.758 61.4919499
  799.858 60.7969274
  799.958 61.0708142
  800.058 60.3153464
  800.158 61.3016956
  800.258 60.8595527
  800.358 60.4974752
  800.458 60.9180163
  800.558 60.8920545
  800.658 60.8678764
  800.758 60.9863889
  800.858 61.5686461
  800.958 60.7939547
  801.058 61.5906442
  801.158 60.4275171
  801.258 60.2768992
  801.358 60.2388483
  801.458 60.0448287
  801.558 60.8486528


# Stim 3 with 200 elements
#    Time   AMPLITUDE
 1222.275 79.8823991
 1222.375 79.3590018
 1222.475 80.0645279
 1222.575 80.643416
 1222.675 79.8526719
 1222.775 79.5942432
 1222.875 79.3956654
 1222.975 79.2420747
 1223.075 80.9438591
 1223.175 79.2240402
 1223.275 80.5635489
 1223.375 79.6636067
 1223.475 81.3299167
 1223.575 80.8808374
 1223.675 80.6727469
 1223.775 79.1126622
 1223.875 79.0571714
 1223.975 78.1825965
 1224.075 77.6062847
 1224.175 78.4931469
 1224.275 77.3974014
 1224.375 77.0557366
 1224.475 77.7636408
 1224.575 76.8290169
 1224.675 76.7011899
 1224.775 78.7295774
 1224.875 77.5182922
 1224.975 78.3290526
 1225.075 76.5908028
 1225.175 77.1429364
 1225.275 77.2804744
 1225.375 77.3639088
 1225.475 77.6088611
 1225.575 77.4507123
 1225.675 77.0541511
 1225.775 78.4947323
 1225.875 78.9656115
 1225.975 77.9219878
 1226.075 77.8674879
 1226.175 77.9739114
 1226.275 77.0497911
 1226.375 78.4764996
 1226.475 79.2113566
 1226.575 76.9283059
 1226.675 78.6659611
 1226.775 77.864317
 1226.875 78.5928322
 1226.975 77.8203207
 1227.075 79.2127439
 1227.175 78.8994189
 1227.275 78.8195518
 1227.375 79.1334713
 1227.475 78.3227108
 1227.575 78.7517737
 1227.675 77.2818616
 1227.775 78.5932285
 1227.875 77.5315703
 1227.975 77.6211483
 1228.075 78.9015989
 1228.175 77.491934
 1228.275 78.8021118
 1228.375 78.7652501
 1228.475 78.0797403
 1228.575 77.9297169
 1228.675 78.6110649
 1228.775 79.8076847
 1228.875 77.4142469
 1228.975 79.4136999
 1229.075 80.0841479
 1229.175 78.844919
 1229.275 78.9658097
 1229.375 78.3615544
 1229.475 78.419027
 1229.575 78.8687008
 1229.675 78.3133963
 1229.775 77.9495351
 1229.875 78.8595845
 1229.975 78.2834709
 1230.075 79.0890786
 1230.175 78.9574861
 1230.275 79.6209977
 1230.375 78.5345668
 1230.475 79.0109951
 1230.575 79.3794145
 1230.675 79.1744948
 1230.775 77.6362101
 1230.875 78.8417481
 1230.975 78.8706826
 1231.075 79.168153
 1231.175 79.7486266
 1231.275 77.9011788
 1231.375 77.241829
 1231.475 78.4872014
 1231.575 78.9269662
 1231.675 78.3954434
 1231.775 79.2498038
 1231.875 78.7517737
 1231.975 79.8187828
 1232.075 79.1170222
 1232.175 78.7626737
 1232.275 77.6897191
 1232.375 79.5288433
 1232.475 79.4253926
 1232.575 77.7588845
 1232.675 78.6344503
 1232.775 79.9945698
 1232.875 78.7715919
 1232.975 78.891888
 1233.075  78.83065
 1233.175 80.9910263
 1233.275 80.1689695
 1233.375 79.1011677
 1233.475 79.6142596
 1233.575 78.6312794
 1233.675 78.8952571
 1233.775 79.1604239
 1233.875 79.9672208
 1233.975 79.1653785
 1234.075 78.6411885
 1234.175 80.0780042
 1234.275 78.138402
 1234.375 79.0090133
 1234.475 79.0831332
 1234.575 79.5880996
 1234.675 79.4111235
 1234.775 79.9898135
 1235.175 78.3270708
 1235.275 79.2789365
 1235.375 79.6634086
 1235.475 79.0104006
 1235.575 79.8397901
 1235.675 79.4993143
 1235.775 79.4303471
 1235.875 80.2018677
 1235.975 80.0348007
 1236.075 78.8948608
 1236.175 78.4737251
 1236.275 78.4566815
 1236.375 79.3195637
 1236.475 78.6608084
 1236.575 79.3381927
 1236.675 78.1950819
 1236.775 77.2261726
 1236.875 80.5235162
 1236.975 78.8694935
 1237.075 79.3280855
 1237.175 79.4808834
 1237.275 79.3772345
 1237.375 78.9430189
 1237.475 79.2167075
 1237.575 79.5952341
 1237.675 78.6723029
 1237.775 79.1782603
 1237.875 79.9929844
 1237.975 78.9739352
 1238.075 80.0266752
 1238.175 79.4753343
 1238.275 80.0877151
 1238.375 79.4452107
 1238.475 79.8027301
 1238.575 79.9206481
 1238.675 79.3263019
 1238.775 79.4475889
 1238.875 80.1011915
 1238.975 79.3841708
 1239.075 78.5385304
 1239.175 79.2874583
 1239.275 80.1739241
 1239.375 79.2961783
 1239.475 80.4486036
 1239.575 79.1138513
 1239.675 78.8094445
 1239.775 79.4624525
 1239.875 79.2607038
 1239.975 79.9735626
 1240.075 79.0187242
 1240.175 79.3667309
 1240.275 79.1869803
 1240.375 79.3062855
 1240.475 78.6750775
 1240.575 79.6186195
 1240.675 78.2474018
 1240.775 79.697694
 1240.875 79.0908622
 1240.975 78.6715102
 1241.075 79.9065772
 1241.175 79.8584191
 1241.275 80.8911429
 1241.375 79.281711
 1241.475 79.5561924
 1241.575 79.2716038
 1241.675 78.1911183
 1241.775 79.5381579
 1241.875 80.2549803
 1241.975 78.8903026
 1242.075 78.7111465
 1242.175 78.4723378
 1242.275 78.6738884
 1242.375 79.1017622
 1242.475 80.0458988


# Stim 4 with 200 elements
#    Time   AMPLITUDE
 1842.888 90.500765
 1843.088 91.2679255
 1843.288 91.526156
 1843.488 92.1450768
 1843.688 91.222542
 1843.888 90.3699652
 1844.088 91.4997979
 1844.288 91.5812504
 1844.488 90.4419051
 1844.688 90.7461137
 1844.888 89.310487
 1845.088 90.4375451
 1845.288 90.299809
 1845.488 89.0740565
 1845.688 88.9056022
 1845.888 88.8152314
 1846.088 89.7090299
 1846.288 90.3253744
 1846.488 89.8011843
 1846.688 88.7674697
 1846.888 89.2609416
 1847.088 88.2547742
 1847.288 88.541741
 1847.488 89.8340825
 1847.688 89.2070362
 1847.888 90.3979088
 1848.088 90.4803523
 1848.288 90.0318676
 1848.488 89.3485378
 1848.688 88.7567679
 1848.888 90.132742
 1849.088 90.1119329
 1849.288 89.0992255
 1849.488 90.365407
 1849.688 90.0227512
 1849.888 90.0502985
 1850.088 89.0760383
 1850.288 89.6682046
 1850.488 90.9177388
 1850.688 90.1995291
 1850.888 91.6103831
 1851.088 89.3205942
 1851.288 89.5138212
 1851.488 90.8178554
 1851.688 91.1282076
 1851.888 90.2445163
 1852.088 89.3029561
 1852.288 89.6323337
 1852.488 90.1036093
 1852.688 91.5630177
 1852.888 91.2744655
 1853.088 90.701721
 1853.288 88.6630281
 1853.488 90.0491094
 1853.688 88.6410299
 1853.888 90.5144395
 1854.088 90.0742784
 1854.288 90.6706065
 1854.488 89.8148589
 1854.688 90.2292563
 1854.888 89.8802587
 1855.088 90.1571183
 1855.288 90.288909
 1855.488 90.7094501
 1855.688 90.560814
 1855.888 90.275829
 1856.088 90.3541107
 1856.288 90.4958104
 1856.488 90.4633087
 1856.688 91.3216327
 1856.888 90.0647657
 1857.088 89.7355863
 1857.288 90.517214
 1857.488 90.8892007
 1857.688 91.7748738
 1857.888 89.740739
 1858.088 90.4252578
 1858.288 89.4567449
 1858.488 90.8267735
 1858.688 89.8005898
 1858.888 91.5303178
 1859.088 90.2365891
 1859.288 90.2835581
 1859.488 89.4884539
 1859.688 89.7417299
 1859.888 90.1822873
 1860.088 90.5354467
 1860.288 89.5590066
 1860.488 90.6606974
 1860.688 91.9096372
 1860.888 90.271469
 1861.088 90.3200235
 1861.288 90.8329172
 1861.488 90.5766685
 1861.688 90.6085757
 1861.888 90.2068618
 1862.088 91.5505323
 1862.288 89.917715
 1862.488 90.1232292
 1862.688 90.3301307
 1862.888 91.4561979
 1863.088 91.2429546
 1863.288 90.3521289
 1863.488 91.9809825
 1863.688 90.627403
 1863.888 90.3025835
 1864.088 90.7687064
 1864.288 90.4704432
 1864.488 92.0424188
 1864.688 91.3343163
 1864.888 90.5798394
 1865.088 89.5469175
 1865.288 91.0707349
 1865.488 90.6052066
 1865.688 91.223731
 1865.888 89.9807368
 1866.088 88.9248258
 1866.288 91.6912412
 1866.488 91.6387231
 1866.688 91.223731
 1866.888 90.3360762
 1867.088 90.6666429
 1867.288 89.7879062
 1867.488 91.2774382
 1867.688 92.0598587
 1867.888 90.8624462
 1868.088 90.2139964
 1868.288 91.990297
 1868.488 89.3947141
 1868.688 90.1311565
 1868.888 90.952817
 1869.088 90.5465449
 1869.288 91.6541812
 1869.488 90.8830571
 1869.688 90.8808771
 1869.888 90.0118513
 1870.088 91.0622131
 1870.288 91.515256
 1870.488 89.9714222
 1870.688 89.7867171
 1870.888 91.2171911
 1871.088 91.0743022
 1871.288 90.5493194
 1871.488 90.8190444
 1871.688 90.6824974
 1871.888 90.3132853
 1872.088 89.6888154
 1872.288 91.4500543
 1872.488 90.1363092
 1872.688 90.1424529
 1872.888 91.178942
 1873.088 91.4120035
 1873.288 91.4193362
 1873.488 90.9555915
 1873.688 90.1460201
 1873.888 91.7933046
 1874.088 91.1202803
 1874.288 91.4532252
 1874.488 90.5978739
 1874.688 90.0239403
 1874.888 91.9784061
 1875.088 91.9577953
 1875.288 90.9403315
 1875.488 91.1957875
 1875.688 91.6924303
 1875.888 91.3184618
 1876.088 91.7966737
 1876.288 91.260791
 1876.488 91.5081215
 1876.688 91.3150927
 1876.888 90.8907861
 1877.088 91.0259459
 1877.288 89.8225879
 1877.488 91.1517912
 1877.688 91.0542859
 1877.888 90.149191
 1878.088 91.2278929
 1878.288 92.3894345
 1878.488 91.3127145
 1878.688 91.1496112
 1878.888 90.6202684
 1879.088 91.2496928
 1879.288 90.7802009
 1879.488 93.110617
 1879.688 90.5017559
 1879.888 90.4539941
 1880.088 90.9922551
 1880.288 90.5647776
 1880.488 91.3838617
 1880.688 91.635354
 1880.888 92.7725194
 1881.088 90.2484799
 1881.288 91.1438639
 1881.488 90.6038194
 1881.688 89.9942131
 1881.888 90.7005319
 1882.088 91.2150111
 1882.288  90.22886
 1882.488 92.5828597
 1882.688 89.5346302


