# τ vs mean κ linear regression for data set DA_121015_E1.h5
# Using stimulation: 1, 2, 3, 4
# Best fit: tau = -3.63077 + 0.0675316 kappa_Fura
# Covariance matrix:
# [ +1.46389e-01, -1.03902e-03  
#   -1.03902e-03, +8.03394e-06  ]
# Total sum of squares (TSS) = 632.37
# chisq (Residual sum of squares, RSS) = 64.7138
# Probability of observing a larger of equal RSS per DOF under the null hypothesis: 8.86299e-15
# R squared (1-RSS/TSS) = 0.897665
# Estimated gamma/v with standard error: 14.8079 +/- 0.621513
# Estimates kappa_S with standard error (using error propagation): -54.764 +/- 6.09847
# kappa_S confidence intervals based on parametric bootstrap
# 0.95 CI for kappa_S: [-61.2509,-46.9312]
# 0.99 CI for kappa_S: [-63.0965,-44.2471]


# The data
# κ_Fura  τ   τ_SE
101.618 3.25205 0.13552
169.018 7.46707 0.283033
191.301 8.35488 0.284295
192.105 13.0041 0.504556


# The fitted data
# Preticted values with lower and upper bounds of 0.95 CI
# κ_Fura  τ   τ_lwr  τ_upr
0 -3.63077 -4.38068 -2.88086
0.806841 -3.57628 -4.3219 -2.83067
1.61368 -3.5218 -4.26312 -2.78047
2.42052 -3.46731 -4.20435 -2.73027
3.22736 -3.41282 -4.14557 -2.68007
4.03421 -3.35833 -4.0868 -2.62987
4.84105 -3.30385 -4.02803 -2.57966
5.64789 -3.24936 -3.96927 -2.52945
6.45473 -3.19487 -3.9105 -2.47924
7.26157 -3.14039 -3.85174 -2.42903
8.06841 -3.0859 -3.79298 -2.37882
8.87525 -3.03141 -3.73422 -2.3286
9.68209 -2.97692 -3.67547 -2.27838
10.4889 -2.92244 -3.61672 -2.22815
11.2958 -2.86795 -3.55797 -2.17793
12.1026 -2.81346 -3.49923 -2.1277
12.9095 -2.75898 -3.44048 -2.07747
13.7163 -2.70449 -3.38174 -2.02723
14.5231 -2.65 -3.32301 -1.97699
15.33 -2.59551 -3.26427 -1.92675
16.1368 -2.54103 -3.20554 -1.87651
16.9437 -2.48654 -3.14682 -1.82626
17.7505 -2.43205 -3.08809 -1.77601
18.5573 -2.37756 -3.02937 -1.72576
19.3642 -2.32308 -2.97065 -1.6755
20.171 -2.26859 -2.91194 -1.62524
20.9779 -2.2141 -2.85323 -1.57498
21.7847 -2.15962 -2.79452 -1.52471
22.5915 -2.10513 -2.73582 -1.47444
23.3984 -2.05064 -2.67712 -1.42416
24.2052 -1.99615 -2.61842 -1.37388
25.0121 -1.94167 -2.55973 -1.3236
25.8189 -1.88718 -2.50104 -1.27332
26.6258 -1.83269 -2.44236 -1.22302
27.4326 -1.7782 -2.38368 -1.17273
28.2394 -1.72372 -2.325 -1.12243
29.0463 -1.66923 -2.26633 -1.07213
29.8531 -1.61474 -2.20766 -1.02182
30.66 -1.56026 -2.149 -0.97151
31.4668 -1.50577 -2.09034 -0.921194
32.2736 -1.45128 -2.03169 -0.870873
33.0805 -1.39679 -1.97304 -0.820547
33.8873 -1.34231 -1.9144 -0.770217
34.6942 -1.28782 -1.85576 -0.719881
35.501 -1.23333 -1.79712 -0.669541
36.3078 -1.17884 -1.73849 -0.619195
37.1147 -1.12436 -1.67987 -0.568844
37.9215 -1.06987 -1.62125 -0.518488
38.7284 -1.01538 -1.56264 -0.468126
39.5352 -0.960896 -1.50403 -0.417758
40.3421 -0.906409 -1.44543 -0.367385
41.1489 -0.851921 -1.38684 -0.317006
41.9557 -0.797434 -1.32825 -0.26662
42.7626 -0.742947 -1.26966 -0.216229
43.5694 -0.68846 -1.21109 -0.165831
44.3763 -0.633972 -1.15252 -0.115427
45.1831 -0.579485 -1.09395 -0.0650155
45.9899 -0.524998 -1.0354 -0.0145977
46.7968 -0.470511 -0.976848 0.0358271
47.6036 -0.416023 -0.918306 0.0862591
48.4105 -0.361536 -0.85977 0.136698
49.2173 -0.307049 -0.801243 0.187145
50.0241 -0.252562 -0.742723 0.2376
50.831 -0.198074 -0.68421 0.288062
51.6378 -0.143587 -0.625706 0.338532
52.4447 -0.0890998 -0.567211 0.389011
53.2515 -0.0346126 -0.508723 0.439498
54.0584 0.0198747 -0.450245 0.489994
54.8652 0.074362 -0.391775 0.540499
55.672 0.128849 -0.333314 0.591013
56.4789 0.183336 -0.274863 0.641536
57.2857 0.237824 -0.216422 0.692069
58.0926 0.292311 -0.15799 0.742612
58.8994 0.346798 -0.0995685 0.793165
59.7062 0.401285 -0.0411574 0.843728
60.5131 0.455773 0.0172429 0.894303
61.3199 0.51026 0.0756323 0.944888
62.1268 0.564747 0.13401 0.995484
62.9336 0.619234 0.192377 1.04609
63.7404 0.673722 0.250731 1.09671
64.5473 0.728209 0.309074 1.14734
65.3541 0.782696 0.367403 1.19799
66.161 0.837183 0.42572 1.24865
66.9678 0.891671 0.484023 1.29932
67.7746 0.946158 0.542313 1.35
68.5815 1.00065 0.600589 1.4007
69.3883 1.05513 0.65885 1.45142
70.1952 1.10962 0.717096 1.50214
71.002 1.16411 0.775327 1.55289
71.8089 1.21859 0.833542 1.60365
72.6157 1.27308 0.891741 1.65442
73.4225 1.32757 0.949923 1.70521
74.2294 1.38206 1.00809 1.75602
75.0362 1.43654 1.06624 1.80685
75.8431 1.49103 1.12436 1.8577
76.6499 1.54552 1.18247 1.90856
77.4567 1.60001 1.24057 1.95944
78.2636 1.65449 1.29864 2.01035
79.0704 1.70898 1.35669 2.06127
79.8773 1.76347 1.41472 2.11222
80.6841 1.81795 1.47272 2.16319
81.4909 1.87244 1.53071 2.21418
82.2978 1.92693 1.58867 2.26519
83.1046 1.98142 1.64661 2.31623
83.9115 2.0359 1.70452 2.36729
84.7183 2.09039 1.76241 2.41837
85.5252 2.14488 1.82027 2.46949
86.332 2.19936 1.8781 2.52063
87.1388 2.25385 1.93591 2.5718
87.9457 2.30834 1.99368 2.623
88.7525 2.36283 2.05143 2.67422
89.5594 2.41731 2.10915 2.72548
90.3662 2.4718 2.16683 2.77677
91.173 2.52629 2.22448 2.82809
91.9799 2.58078 2.2821 2.87945
92.7867 2.63526 2.33969 2.93084
93.5936 2.68975 2.39723 2.98227
94.4004 2.74424 2.45474 3.03373
95.2072 2.79872 2.51222 3.08523
96.0141 2.85321 2.56965 3.13677
96.8209 2.9077 2.62704 3.18836
97.6278 2.96219 2.68439 3.23998
98.4346 3.01667 2.7417 3.29165
99.2414 3.07116 2.79896 3.34336
100.048 3.12565 2.85618 3.39512
100.855 3.18014 2.91335 3.44692
101.662 3.23462 2.97047 3.49878
102.469 3.28911 3.02754 3.55068
103.276 3.3436 3.08456 3.60264
104.082 3.39808 3.14152 3.65465
104.889 3.45257 3.19843 3.70671
105.696 3.50706 3.25528 3.75883
106.503 3.56155 3.31208 3.81101
107.31 3.61603 3.36881 3.86325
108.117 3.67052 3.42549 3.91555
108.924 3.72501 3.4821 3.96792
109.73 3.7795 3.53865 4.02034
110.537 3.83398 3.59513 4.07284
111.344 3.88847 3.65154 4.1254
112.151 3.94296 3.70788 4.17803
112.958 3.99744 3.76415 4.23074
113.765 4.05193 3.82035 4.28351
114.571 4.10642 3.87647 4.33637
115.378 4.16091 3.93252 4.38929
116.185 4.21539 3.98849 4.4423
116.992 4.26988 4.04438 4.49538
117.799 4.32437 4.10019 4.54855
118.606 4.37885 4.15591 4.6018
119.412 4.43334 4.21156 4.65513
120.219 4.48783 4.26711 4.70854
121.026 4.54232 4.32259 4.76205
121.833 4.5968 4.37797 4.81564
122.64 4.65129 4.43327 4.86932
123.447 4.70578 4.48847 4.92309
124.254 4.76027 4.54359 4.97694
125.06 4.81475 4.59861 5.03089
125.867 4.86924 4.65355 5.08493
126.674 4.92373 4.70839 5.13907
127.481 4.97821 4.76313 5.1933
128.288 5.0327 4.81779 5.24762
129.095 5.08719 4.87235 5.30203
129.901 5.14168 4.92682 5.35654
130.708 5.19616 4.98119 5.41114
131.515 5.25065 5.03547 5.46583
132.322 5.30514 5.08966 5.52062
133.129 5.35963 5.14375 5.5755
133.936 5.41411 5.19776 5.63047
134.742 5.4686 5.25167 5.68553
135.549 5.52309 5.30549 5.74069
136.356 5.57757 5.35922 5.79593
137.163 5.63206 5.41286 5.85126
137.97 5.68655 5.46641 5.90668
138.777 5.74104 5.51988 5.96219
139.584 5.79552 5.57326 6.01779
140.39 5.85001 5.62656 6.07346
141.197 5.9045 5.67977 6.12922
142.004 5.95899 5.7329 6.18507
142.811 6.01347 5.78595 6.24099
143.618 6.06796 5.83893 6.29699
144.425 6.12245 5.89182 6.35307
145.231 6.17693 5.94464 6.40923
146.038 6.23142 5.99739 6.46546
146.845 6.28591 6.05006 6.52176
147.652 6.3404 6.10266 6.57813
148.459 6.39488 6.1552 6.63457
149.266 6.44937 6.20766 6.69108
150.072 6.50386 6.26006 6.74765
150.879 6.55834 6.3124 6.80429
151.686 6.61283 6.36467 6.86099
152.493 6.66732 6.41689 6.91775
153.3 6.72181 6.46904 6.97457
154.107 6.77629 6.52114 7.03145
154.913 6.83078 6.57318 7.08838
155.72 6.88527 6.62517 7.14537
156.527 6.93976 6.6771 7.20241
157.334 6.99424 6.72899 7.2595
158.141 7.04873 6.78082 7.31664
158.948 7.10322 6.83261 7.37383
159.755 7.1577 6.88434 7.43107
160.561 7.21219 6.93604 7.48835
161.368 7.26668 6.98769 7.54567
162.175 7.32117 7.03929 7.60304
162.982 7.37565 7.09086 7.66045
163.789 7.43014 7.14238 7.7179
164.596 7.48463 7.19387 7.77539
165.402 7.53912 7.24532 7.83291
166.209 7.5936 7.29673 7.89048
167.016 7.64809 7.3481 7.94808
167.823 7.70258 7.39945 8.00571
168.63 7.75706 7.45075 8.06337
169.437 7.81155 7.50203 8.12107
170.243 7.86604 7.55328 8.1788
171.05 7.92053 7.60449 8.23656
171.857 7.97501 7.65568 8.29435
172.664 8.0295 7.70683 8.35217
173.471 8.08399 7.75796 8.41001
174.278 8.13848 7.80906 8.46789
175.085 8.19296 7.86014 8.52578
175.891 8.24745 7.91119 8.58371
176.698 8.30194 7.96222 8.64166
177.505 8.35642 8.01322 8.69963
178.312 8.41091 8.0642 8.75762
179.119 8.4654 8.11516 8.81564
179.926 8.51989 8.1661 8.87368
180.732 8.57437 8.21701 8.93173
181.539 8.62886 8.26791 8.98981
182.346 8.68335 8.31878 9.04791
183.153 8.73783 8.36964 9.10603
183.96 8.79232 8.42048 9.16417
184.767 8.84681 8.4713 9.22232
185.573 8.9013 8.5221 9.28049
186.38 8.95578 8.57288 9.33868
187.187 9.01027 8.62365 9.39689
187.994 9.06476 8.67441 9.45511
188.801 9.11925 8.72514 9.51335
189.608 9.17373 8.77587 9.5716
190.414 9.22822 8.82657 9.62987
191.221 9.28271 8.87727 9.68815
192.028 9.33719 8.92794 9.74645
192.835 9.39168 8.97861 9.80475
193.642 9.44617 9.02926 9.86308
194.449 9.50066 9.0799 9.92141
195.256 9.55514 9.13053 9.97976
196.062 9.60963 9.18114 10.0381
196.869 9.66412 9.23175 10.0965
197.676 9.71861 9.28234 10.1549
198.483 9.77309 9.33292 10.2133
199.29 9.82758 9.38349 10.2717
200.097 9.88207 9.43405 10.3301
200.903 9.93655 9.4846 10.3885
