# Data from DA_120906_E1.h5 stim 4
# Ratiometric estimator
# Ratiometric estimator:
#    Time    Ca (est)    Ca (se)
 1051.861 0.137387656 0.00465317102
 1052.061 0.145168327 0.00486283779
 1052.261 0.141486415 0.00472412401
 1052.461 0.139483295 0.00468963641
 1052.661 0.136607171 0.00460739698
 1052.861 0.135030362 0.00458322684
 1053.061 0.137973116 0.0045857629
 1053.261 0.128831811 0.00443605516
 1053.461 0.170526442 0.00549488466
 1053.661 0.198033535 0.00630879086
 1053.861 0.191359839 0.00616995632
 1054.061 0.210019124 0.00662232787
 1054.261 0.19072731 0.00610738114
 1054.461 0.195030269 0.00619339871
 1054.661 0.200513908 0.00638103878
 1054.861 0.187505312 0.00603592202
 1055.061 0.192800923 0.00615036873
 1055.261 0.192822227 0.00602994709
 1055.461 0.191819662 0.00613020533
 1055.661 0.180547854 0.00583697762
 1055.861 0.17780994 0.00578396092
 1056.061 0.196914116 0.00638504067
 1056.261 0.185875509 0.00595285808
 1056.461 0.193487484 0.00617232852
 1056.661 0.18821264 0.00595562506
 1056.861 0.177423162 0.00579073967
 1057.061 0.184784237 0.00596003648
 1057.261 0.180296031 0.00579855499
 1057.461 0.173565387 0.00560903895
 1057.661 0.170261742 0.00554648344
 1057.861 0.18327227 0.00589020563
 1058.061 0.17097538 0.0054683764
 1058.261 0.192579959 0.00605750263
 1058.461 0.165612994 0.00542514686
 1058.661 0.175126421 0.00576450338
 1058.861 0.163407169 0.00534111889
 1059.061 0.172385277 0.00557304951
 1059.261 0.17909785 0.00570726054
 1059.461 0.169618209 0.00545953438
 1059.661 0.166177627 0.00543791308
 1059.861 0.176594753 0.00571044667
 1060.061 0.157722036 0.00516705466
 1060.261 0.167901649 0.00547994694
 1060.461 0.167245849 0.0054187716
 1060.661 0.171089996 0.00555496747
 1060.861 0.175344674 0.00564957791
 1061.061 0.162239647 0.0053229568
 1061.261 0.160172633 0.00518173644
 1061.461 0.165581139 0.00536564218
 1061.661 0.168480985 0.00537958563
 1061.861 0.171714114 0.00555762516
 1062.061 0.159588771 0.00514905231
 1062.261 0.16094818 0.00522273342
 1062.461 0.170396664 0.00543138018
 1062.661 0.15964652 0.00524706887
 1062.861 0.163444197 0.00526971646
 1063.061 0.159835411 0.00523066761
 1063.261 0.154522659 0.00510151127
 1063.461 0.157139765 0.00510990812
 1063.661 0.163635773 0.00536265005
 1063.861 0.157179745 0.0052151625
 1064.061 0.159843157 0.00515302199
 1064.261 0.154567089 0.00509518155
 1064.461 0.156650108 0.00508598861
 1064.661 0.157715486 0.00513330966
 1064.861 0.157150336 0.00515668279
 1065.061 0.162331181 0.0052798718
 1065.261 0.150766643 0.00498505991
 1065.461 0.151175988 0.00495670495
 1065.661 0.163802924 0.00526527262
 1065.861 0.156189719 0.00514587618
 1066.061 0.15385658 0.00508533458
 1066.261 0.151613465 0.0050572709
 1066.461 0.157672079 0.00511897524
 1066.661 0.150244402 0.0050425475
 1066.861 0.151137777 0.00491564945
 1067.061 0.150027112 0.00492890828
 1067.261 0.153524158 0.00505162191
 1067.461 0.153666532 0.00503976328
 1067.661 0.155662686 0.00509797859
 1067.861 0.155996309 0.00508637899
 1068.061 0.153715041 0.00505821927
 1068.261 0.156855886 0.00513348932
 1068.461 0.154100986 0.00509112146
 1068.661 0.144791435 0.00481523178
 1068.861 0.15339084 0.00504026405
 1069.061 0.150199505 0.00491253706
 1069.261 0.147268887 0.00484438152
 1069.461 0.151711166 0.00498614571
 1069.661 0.140589019 0.00474994985
 1069.861 0.144704877 0.00478537434
 1070.061 0.142355786 0.00470409177
 1070.261 0.158333808 0.00509314903
 1070.461 0.156825201 0.00508410855
 1070.661 0.15167834 0.00492883202
 1070.861 0.145290246 0.00485922031
 1071.061 0.140656219 0.0046794742
 1071.261 0.144593982 0.00483591812
 1071.461 0.151089935 0.00494244116
 1071.661 0.160024828 0.00514830235
 1071.861 0.139459513 0.00470386642
 1072.061 0.149578552 0.00483374865
 1072.261 0.159334592 0.00510270854
 1072.461 0.147692875 0.00481996673
 1072.661 0.149581989 0.00500384535
 1072.861 0.150363039 0.00493730216
 1073.061 0.150631085 0.00500606084
 1073.261 0.15002949 0.00497405379
 1073.461 0.145425327 0.00481773481
 1073.661 0.144417995 0.00491370826
 1073.861 0.143573707 0.00481977656
 1074.061 0.15479187 0.0050624634
 1074.261 0.147174187 0.00498989714
 1074.461 0.13624186 0.00459534456
 1074.661 0.143199813 0.00480812595
 1074.861 0.145636207 0.00481700549
 1075.061 0.144226001 0.0047661593
 1075.261 0.15399469 0.00507993758
 1075.461 0.145619915 0.00480251219
 1075.661 0.149508361 0.00494336524
 1075.861 0.141645099 0.00465714007
 1076.061 0.14582595 0.00489471464
 1076.261 0.138768139 0.00470495471
 1076.461 0.1468168 0.00481935102
 1076.661 0.145227507 0.00474476396
 1076.861 0.147751367 0.00488515558
 1077.061 0.142841556 0.00483129661
 1077.261 0.142247799 0.00473519071
 1077.461 0.142830217 0.00482932783
 1077.661 0.138340883 0.00459465278
 1077.861 0.142118944 0.00476323169
 1078.061 0.148128908 0.00480659569
 1078.261 0.145151969 0.00482150835
 1078.461 0.144279749 0.00484241059
 1078.661 0.140043368 0.00474706836
 1078.861 0.143091857 0.00479719926
 1079.061 0.147508029 0.00485988066
 1079.261 0.146783492 0.00486390807
 1079.461 0.138424176 0.00462254993
 1079.661 0.142356286 0.00473629611
 1079.861 0.132606834 0.00453481879
 1080.061 0.140911611 0.00466504893
 1080.261 0.139641951 0.00466795755
 1080.461 0.145345402 0.00475815566
 1080.661 0.145423487 0.00482762878
 1080.861 0.144144744 0.00479670212
 1081.061 0.151998066 0.00499479615
 1081.261 0.146938296 0.00481409062
 1081.461 0.147987271 0.0049015296
 1081.661 0.133400317 0.00459402291
 1081.861 0.143611915 0.0048005664
 1082.061 0.136191054 0.00454817977
 1082.261 0.144771203 0.00477563806
 1082.461 0.139105849 0.004639496
 1082.661 0.138969801 0.00462470584
 1082.861 0.134032846 0.00443431268
 1083.061 0.135692882 0.00459932897
 1083.261 0.140226436 0.00464836953
 1083.461 0.144342863 0.00487071612
 1083.661 0.145616605 0.00483352898
 1083.861 0.145109037 0.00484587516
 1084.061 0.13783241 0.00459514132
 1084.261 0.136915051 0.00454374835
 1084.461 0.138601454 0.00459283853
 1084.661 0.136113599 0.00455776607
 1084.861 0.133031716 0.00460898225
 1085.061 0.137347151 0.00460859039
 1085.261 0.143811479 0.00478635813
 1085.461 0.136227589 0.0045830049
 1085.661 0.141758041 0.00469776185
 1085.861 0.143412443 0.00481258762
 1086.061 0.138080198 0.00461708483
 1086.261 0.142103979 0.00472979846
 1086.461 0.136100035 0.0045640188
 1086.661 0.140987392 0.00475014466
 1086.861 0.139190478 0.0047166843
 1087.061 0.140312906 0.00475212805
 1087.261 0.130290261 0.00446687979
 1087.461 0.135834882 0.00458758039
 1087.661 0.140692705 0.00466437857
 1087.861 0.131057394 0.00447565688
 1088.061 0.12762739 0.00433770846
 1088.261 0.136978133 0.00458011961
 1088.461 0.148414179 0.0049652329
 1088.661 0.137574889 0.00456294006
 1088.861 0.136653896 0.004545651
 1089.061 0.136570918 0.00460814379
 1089.261 0.138618655 0.00459373455
 1089.461 0.142398873 0.00469827752
 1089.661 0.13684712 0.00455523086
 1089.861 0.130311025 0.00445604986
 1090.061 0.136964587 0.00462180194
 1090.261 0.137452797 0.00460365498
 1090.461 0.136780866 0.00465440601
 1090.661 0.126865572 0.00437463226
 1090.861 0.132496332 0.00447895501
 1091.061 0.136732001 0.00459384292
 1091.261 0.131346354 0.00444697154
 1091.461 0.132000192 0.00446328403
 1091.661 0.132475325 0.00454066526


