# Data from DA_120906_E1.h5 stim 2
# Ratiometric estimator
# Ratiometric estimator:
#    Time    Ca (est)    Ca (se)
  470.639 0.0583867886 0.00396898794
  470.739 0.0560457954 0.00394870986
  470.839 0.0536620522 0.00386556959
  470.939 0.0603048806 0.00404650297
  471.039 0.0596776009 0.00404844914
  471.139 0.0525352961 0.00386034953
  471.239 0.0545785134 0.00388037685
  471.339 0.0558033059 0.00394130664
  471.439 0.0593889572 0.00405325075
  471.539 0.05775593 0.00399311608
  471.639 0.0593302029 0.00406636135
  471.739 0.055912228 0.00398602378
  471.839 0.0665950483 0.0041897142
  471.939 0.059543861 0.00398141346
  472.039 0.0620467997 0.00409474558
  472.139 0.0609376816 0.00405475699
  472.239 0.11132024 0.00562340817
  472.339 0.118098248 0.00575170203
  472.439 0.121008058 0.00591883501
  472.539 0.115520346 0.00562447948
  472.639 0.121416558 0.00596421475
  472.739 0.125978308 0.0061622295
  472.839 0.126493477 0.00611575736
  472.939 0.124962036 0.00596145287
  473.039 0.132159623 0.00628650198
  473.139 0.114965726 0.0058332002
  473.239 0.123445502 0.00608011307
  473.339 0.111069082 0.00554454887
  473.439 0.116035009 0.00566594394
  473.539 0.107944081 0.00559189819
  473.639 0.113256136 0.00557467594
  473.739 0.108395617 0.00546450911
  473.839 0.109074399 0.00546083414
  473.939 0.108501989 0.00549726562
  474.039 0.115942783 0.00576881701
  474.139 0.110378277 0.00556835239
  474.239 0.111285998 0.00560974077
  474.339 0.091912283 0.00499417033
  474.439 0.0980775917 0.00515350095
  474.539 0.103644577 0.00535965519
  474.639 0.0982784752 0.00517156526
  474.739 0.0943901628 0.00504509969
  474.839 0.101449634 0.00527328367
  474.939 0.0890062854 0.00491591828
  475.039 0.106205019 0.00534644409
  475.139 0.0980266129 0.00517695026
  475.239 0.099415869 0.00512699602
  475.339 0.0969265606 0.00503447452
  475.439 0.090204905 0.0048881152
  475.539 0.0910307692 0.00486920859
  475.639 0.0950233899 0.00501152743
  475.739 0.0901657543 0.00482354491
  475.839 0.0931266131 0.00490143943
  475.939 0.0901590267 0.00486524514
  476.039 0.0931327184 0.00499470992
  476.139 0.093748015 0.00496127377
  476.239 0.0889131744 0.00488674074
  476.339 0.0789825751 0.00458813277
  476.439 0.0897764261 0.00485390411
  476.539 0.0868069839 0.00483426404
  476.639 0.0890796933 0.00498856193
  476.739 0.0787858989 0.00459291221
  476.839 0.0801074385 0.00461486734
  476.939 0.0814428652 0.0046590693
  477.039 0.0892632547 0.00476756847
  477.139 0.0844933737 0.00470239963
  477.239 0.085194204 0.00475378028
  477.339 0.0888427773 0.00484811485
  477.439 0.100021534 0.00510973541
  477.539 0.0812875458 0.00463593736
  477.639 0.0865882435 0.0047964231
  477.739 0.0824037444 0.00471051592
  477.839 0.0781696114 0.00454404935
  477.939 0.077851918 0.00457761253
  478.039 0.0794457769 0.00463549717
  478.139 0.0781324977 0.00449951933
  478.239 0.0794824948 0.00457800349
  478.339 0.0811336551 0.00461068955
  478.439 0.0898249847 0.00479110735
  478.539 0.0780556123 0.00450751796
  478.639 0.0806369366 0.0046282457
  478.739 0.0780646848 0.0045977249
  478.839 0.0765251585 0.00449691589
  478.939 0.0888839226 0.00479764079
  479.039 0.082618615 0.00457746435
  479.139 0.0806011323 0.00462107231
  479.239 0.0808345342 0.00460993125
  479.339 0.074134193 0.00444835996
  479.439 0.0769064835 0.00452018734
  479.539 0.0804364518 0.00456014747
  479.639 0.0793302321 0.0045341556
  479.739 0.0760329521 0.00442235296
  479.839 0.079758781 0.00452556618
  479.939 0.0809927878 0.00459178062
  480.039 0.0799415143 0.00453898339
  480.139 0.0737543767 0.00441779566
  480.239 0.0739620528 0.00434220373
  480.339 0.0734334741 0.0044647327
  480.439 0.0707567544 0.00433401575
  480.539 0.0746670068 0.00443713151
  480.639 0.0807634714 0.00453322215
  480.739 0.0714163844 0.00428222171
  480.839 0.0704812656 0.00428966007
  480.939 0.0738526916 0.00434922264
  481.039 0.082982926 0.00464174703
  481.139 0.0801545506 0.00458440343
  481.239 0.0645461974 0.00412940729
  481.339 0.0735089706 0.00441096433
  481.439 0.0787581422 0.00446718575
  481.539 0.0710703965 0.00435677861
  481.639 0.0716155518 0.00432613436
  481.739 0.0690463149 0.00422301141
  481.839 0.0760877194 0.00459434867
  481.939 0.0715801715 0.00426706398
  482.039 0.0699202236 0.00426630706
  482.139 0.0699153967 0.0042424971
  482.239 0.0669973 0.0042179639
  482.339 0.078072523 0.00451614532
  482.439 0.0657239359 0.00415160694
  482.539 0.0633696177 0.00410995289
  482.639 0.0717491844 0.00425638144
  482.739 0.0733101039 0.00437604166
  482.839 0.0691647301 0.0042796852
  482.939 0.068435489 0.00415173006
  483.039 0.0708945449 0.00420540751
  483.139 0.0619744565 0.00404393904
  483.239 0.0749588529 0.00444161737
  483.339 0.0740130108 0.00437615285
  483.439 0.0659553653 0.00414614832
  483.539 0.0791110479 0.00441758389
  483.639 0.0633123972 0.00415669139
  483.739 0.0705988519 0.00424628842
  483.839 0.0694108738 0.00423494137
  483.939 0.0696976239 0.00430411322
  484.039 0.0705364436 0.00435693632
  484.139 0.0706832416 0.00428900409
  484.239 0.061891385 0.00404325025
  484.339 0.0666236141 0.00407075649
  484.439 0.0551181324 0.0037829139
  484.539 0.0722180331 0.00429178383
  484.639 0.0667810393 0.00415463817
  484.739 0.069673188 0.00423441934
  484.839 0.0666113985 0.00412882642
  484.939 0.0737246238 0.00427250852
  485.039 0.0587182329 0.00388600318
  485.139 0.0722607258 0.00431094656
  485.239 0.0702955191 0.00431868024
  485.339 0.0638020334 0.00401564246
  485.439 0.0648184619 0.00416863061
  485.539 0.072374166 0.00437894176
  485.639 0.0661467747 0.00415010364
  485.739 0.0706427529 0.00423346293
  485.839 0.0754276447 0.00435552508
  485.939 0.0742432045 0.0043205333
  486.039 0.0667034526 0.00411803166
  486.139 0.07546857 0.00432972438
  486.239 0.0793752908 0.00444695677
  486.339 0.0686941893 0.00417746768
  486.439 0.0645622844 0.00417697129
  486.539 0.0779405923 0.00447536509
  486.639 0.0742670209 0.00439110741
  486.739 0.0657991891 0.00410416551
  486.839 0.0678623177 0.0040816047
  486.939 0.0653891123 0.00414742331
  487.039 0.0679462593 0.00418270973
  487.139 0.0649390342 0.00416145313
  487.239 0.0708498956 0.00426382454
  487.339 0.0724848363 0.00429550484
  487.439 0.0735588723 0.00432345568
  487.539 0.0724091983 0.00429381149
  487.639 0.0659040437 0.00413847654
  487.739 0.06450764 0.00409275314
  487.839 0.0655639097 0.00411028584
  487.939 0.0680135578 0.00418926186
  488.039 0.07061344 0.00429200726
  488.139 0.0693870772 0.00420873843
  488.239 0.0661653334 0.00415857968
  488.339 0.0786310353 0.00447027907
  488.439 0.0611747533 0.00400152385
  488.539 0.0699392646 0.00425290332
  488.639 0.0590963838 0.00397420391
  488.739 0.0663847571 0.0040752388
  488.839 0.0715359702 0.00427776241
  488.939 0.0657442674 0.00415936443
  489.039 0.0695396358 0.004224219
  489.139 0.0711520523 0.00419114889
  489.239 0.0758081693 0.00437887155
  489.339 0.0598864426 0.00393184555
  489.439 0.0700806676 0.00424253831
  489.539 0.0717813049 0.00423461132
  489.639 0.06250332 0.00403246573
  489.739 0.0642120687 0.00403698381
  489.839 0.0629285653 0.00405892525
  489.939 0.0612020713 0.00407156866
  490.039 0.0668172836 0.00405548296
  490.139 0.0651270373 0.00400138949
  490.239 0.0734204969 0.00434149613
  490.339 0.0709526991 0.00417078734
  490.439 0.0675606215 0.00414890193
  490.539 0.0680784768 0.00416579779


