# Data from DA_120906_E1.h5 stim 1
# Ratiometric estimator
# Ratiometric estimator:
#    Time    Ca (est)    Ca (se)
  270.015 0.0353746443 0.00486561767
  270.115 0.0211529808 0.00447943492
  270.215 0.0297396337 0.00469161908
  270.315 0.0255502102 0.00469207926
  270.415 0.0191827789 0.0043678082
  270.515 0.0215164836 0.00443780826
  270.615 0.0226281284 0.00448756993
  270.715 0.0296656673 0.00470614588
  270.815 0.0261462472 0.00460967307
  270.915 0.0245238064 0.00458146831
  271.015 0.0325444483 0.00486365403
  271.115 0.0264585482 0.00457049832
  271.215 0.0288650806 0.00456008937
  271.315 0.0281137629 0.00467569653
  271.415 0.0236614744 0.00452453391
  271.515 0.0400825041 0.00517088101
  271.615 0.0930779504 0.00720210044
  271.715 0.106612282 0.00797638859
  271.815 0.107085304 0.00813445739
  271.915 0.0986302624 0.00759400302
  272.015 0.100637744 0.00770116325
  272.115 0.0920933424 0.00733774977
  272.215 0.0905202093 0.00740204863
  272.315 0.0803859656 0.00687659647
  272.415 0.0931135271 0.00719535034
  272.515 0.078902993 0.00671965927
  272.615 0.0789746054 0.006724234
  272.715 0.0802289678 0.00670826363
  272.815 0.08216224 0.00682666757
  272.915 0.069128498 0.00638863063
  273.015 0.069968466 0.00622240393
  273.115 0.076985014 0.00665623998
  273.215 0.0754529998 0.00650348944
  273.315 0.059526548 0.00590860145
  273.415 0.064753339 0.00614482647
  273.515 0.0558331962 0.00573489487
  273.615 0.053231501 0.00578090128
  273.715 0.0571070809 0.00573359373
  273.815 0.062475087 0.00589000334
  273.915 0.0470986138 0.00537165662
  274.015 0.0466067046 0.0053575229
  274.115 0.0606075373 0.00588779456
  274.215 0.0587424219 0.00584221895
  274.315 0.042631141 0.00521789403
  274.415 0.0574912804 0.00585994541
  274.515 0.0457224213 0.00538901136
  274.615 0.0444955894 0.00525206057
  274.715 0.0602736917 0.00572327928
  274.815 0.0458016377 0.00523474645
  274.915 0.0453901235 0.00515722568
  275.015 0.0460706708 0.00523652955
  275.115 0.0527514426 0.00542863939
  275.215 0.0414439522 0.00510089415
  275.315 0.0431445271 0.00514591646
  275.415 0.0429467742 0.00518796937
  275.515 0.0351117115 0.00487620184
  275.615 0.0442141878 0.00521560362
  275.715 0.0463100298 0.00524682474
  275.815 0.0376181792 0.00497963031
  275.915 0.0426627231 0.00518920084
  276.015 0.0350456604 0.00501015472
  276.115 0.0265818964 0.00465038592
  276.215 0.0400925515 0.00510653396
  276.315 0.0380974629 0.00493305073
  276.415 0.0403748579 0.00496936056
  276.515 0.0394938038 0.00495075234
  276.615 0.0328011107 0.00484235251
  276.715 0.0421736645 0.00518289781
  276.815 0.0282681504 0.00459696073
  276.915 0.0385433825 0.00490042046
  277.015 0.0403856902 0.00502863025
  277.115 0.0340164126 0.00484850444
  277.215 0.0354926275 0.00501961698
  277.315 0.0408802308 0.00509933333
  277.415 0.038470345 0.00496031696
  277.515 0.0339233514 0.00475613064
  277.615 0.0346085774 0.00481505009
  277.715 0.0320489324 0.0046680243
  277.815 0.0279557573 0.00456415973
  277.915 0.0373231542 0.00488527973
  278.015 0.0279239725 0.00462933726
  278.115 0.0361349459 0.00498622252
  278.215 0.0226818283 0.00443120193
  278.315 0.0331259461 0.00479567368
  278.415 0.0344750125 0.00474476856
  278.515 0.0314755541 0.00475472451
  278.615 0.0372815716 0.00499072277
  278.715 0.0339425033 0.00475680899
  278.815 0.0378097713 0.00482988733
  278.915 0.0313738646 0.00469567929
  279.015 0.0319191421 0.00463715125
  279.115 0.0324220111 0.00458698322
  279.215 0.0200405454 0.00429944454
  279.315 0.0282651891 0.00453214205
  279.415 0.0294804067 0.00461477777
  279.515 0.0335180982 0.00469306315
  279.615 0.0427630929 0.00502473695
  279.715 0.0216694158 0.00445431525
  279.815 0.0383338046 0.00484032744
  279.915 0.0287503134 0.00458586008
  280.015 0.0303761843 0.00459910454
  280.115 0.0403724849 0.00489203895
  280.215 0.0299917202 0.00453936105
  280.315 0.0268923261 0.00441754035
  280.415 0.0283788978 0.00460748159
  280.515 0.0317424527 0.0047066089
  280.615 0.0248136536 0.00445691046
  280.715 0.0340760958 0.00473093734
  280.815 0.0281802913 0.00450497293
  280.915 0.0276854902 0.0045908384
  281.015 0.0293149772 0.00462169084
  281.115 0.0321873358 0.00465132096
  281.215 0.0280028522 0.00470103114
  281.315 0.0337161633 0.00471163601
  281.415 0.0380598811 0.00474336421
  281.515 0.0335368484 0.00475921023
  281.615 0.0294974554 0.00454794814
  281.715 0.0308211277 0.00462396508
  281.815 0.0326842085 0.00464596271
  281.915 0.0322851886 0.00460788838
  282.015 0.0293432472 0.00448430452
  282.115 0.0277697692 0.00463048763
  282.215 0.0354617983 0.00487210585
  282.315 0.0282114226 0.00451691978
  282.415 0.0258086396 0.00443866227
  282.515 0.0374756407 0.00477901002
  282.615 0.0189263701 0.00435302994
  282.715 0.0276551188 0.00450373692
  282.815 0.022912598 0.00436091079
  282.915 0.0260337194 0.00445288194
  283.015 0.0271598284 0.0045770518
  283.115 0.0198914112 0.00431036355
  283.215 0.0310884625 0.00467352998
  283.315 0.0316070983 0.0046297977
  283.415 0.0317568102 0.00472112601
  283.515 0.0271576317 0.00459497242
  283.615 0.0298600591 0.00464089821
  283.715 0.0270782262 0.00441408433
  283.815 0.0217212635 0.00430159269
  283.915 0.0365558415 0.00478429651
  284.015 0.0241499149 0.00440051015
  284.115 0.0332117518 0.0046979349
  284.215 0.029311146 0.00454023732
  284.315 0.0337128 0.00458162902
  284.415 0.0353433445 0.0047339956
  284.515 0.0291989408 0.00455244022
  284.615 0.0334494856 0.00469061064
  284.715 0.0362958155 0.00471281107
  284.815 0.0346211747 0.00477425011
  284.915 0.030336586 0.0046922406
  285.015 0.0346633252 0.00481944021
  285.115 0.0312180423 0.00456588478
  285.215 0.0355136576 0.00464516511
  285.315 0.0245859326 0.00430365538
  285.415 0.0279142037 0.00449111705
  285.515 0.0277589475 0.00437439305
  285.615 0.0270882778 0.00447232592
  285.715 0.027173944 0.00439818286
  285.815 0.0271927678 0.00451528842
  285.915 0.0339896321 0.00463468107
  286.015 0.0348862647 0.00472029293
  286.115 0.0370460358 0.00482395001
  286.215 0.0271485557 0.00438810558
  286.315 0.0366975112 0.00480208698
  286.415 0.0297545056 0.00454549778
  286.515 0.0309962881 0.00460568728
  286.615 0.0264240132 0.0044384201
  286.715 0.0253193765 0.00447426864
  286.815 0.0252377862 0.0043085247
  286.915 0.0267735236 0.00443286116
  287.015 0.0298375844 0.00455822729
  287.115 0.0371424408 0.0047674025
  287.215 0.0366825952 0.00476245328
  287.315 0.0284715274 0.00445561487
  287.415 0.0281839432 0.00454663705
  287.515 0.0319723606 0.00460777866
  287.615 0.0370467072 0.00475262364
  287.715 0.0390695017 0.00472274872
  287.815 0.0287856056 0.00445881002
  287.915 0.0346852072 0.00463530837
  288.015 0.0259607043 0.00445540232
  288.115 0.0285346347 0.00443644051
  288.215 0.0291602559 0.00453865565
  288.315 0.042794841 0.00504639125
  288.415 0.0256482999 0.00444156393
  288.515 0.0260955444 0.00435821862
  288.615 0.0318369558 0.00462986412
  288.715 0.0274196007 0.004486535
  288.815 0.0307028206 0.00454920391
  288.915 0.0270572901 0.00447328179
  289.015 0.0311802033 0.0046769104
  289.115 0.0327120949 0.00466028458
  289.215 0.0349899406 0.00468952582
  289.315 0.0363554849 0.00486157949
  289.415 0.0366021528 0.00474161951
  289.515 0.0247192946 0.00424249802
  289.615 0.0270740251 0.00455362043
  289.715 0.0249699213 0.00434815637
  289.815 0.0350095729 0.00462466598
  289.915 0.0278102004 0.00442395566


