# Data from DA_121108_E3.h5 stim 2
# Ratiometric estimator
# Ratiometric estimator:
#    Time    Ca (est)    Ca (se)
  590.641 0.0337730369 0.00274830615
  590.741 0.0313968816 0.00267718946
  590.841 0.035887518 0.00278258515
  590.941 0.0334107784 0.00277454464
  591.041 0.0370064357 0.00280543757
  591.141 0.0357044672 0.0027631056
  591.241 0.0292132164 0.00263380476
  591.341 0.0350208155 0.00272225154
  591.441 0.0338212583 0.00272500889
  591.541 0.0271939337 0.00260101087
  591.641 0.036862128 0.00285526521
  591.741 0.0360150746 0.00282207344
  591.841 0.0346153859 0.00271360819
  591.941 0.0372672877 0.00278247282
  592.041 0.0307094371 0.00267440403
  592.141 0.0421857471 0.00296074619
  592.241 0.110621977 0.00455892728
  592.341 0.145631121 0.00549100587
  592.441 0.151645673 0.005724177
  592.541 0.162616717 0.00589160326
  592.641 0.157361826 0.00587629925
  592.741 0.146211265 0.00566057383
  592.841 0.141449139 0.005363594
  592.941 0.139663094 0.00530706871
  593.041 0.14532866 0.00546136404
  593.141 0.126362801 0.00499593301
  593.241 0.125314573 0.0050101564
  593.341 0.124602915 0.00494825977
  593.441 0.123073624 0.00481768172
  593.541 0.115913361 0.00465103778
  593.641 0.116607644 0.0047045811
  593.741 0.117400982 0.00473877366
  593.841 0.11126768 0.00453862403
  593.941 0.0987241311 0.00423941957
  594.041 0.0941628402 0.00419862919
  594.141 0.096653666 0.00418476355
  594.241 0.0874919041 0.00395436762
  594.341 0.0959145729 0.00414994856
  594.441 0.0907422637 0.00403637935
  594.541 0.0923635221 0.00407985166
  594.641 0.0892162674 0.00400338613
  594.741 0.0768857967 0.00373381998
  594.841 0.0890586357 0.00401760965
  594.941 0.0808757705 0.00380866442
  595.041 0.0831093706 0.00380427883
  595.141 0.0688280352 0.003518724
  595.241 0.0785191219 0.00373975138
  595.341 0.076540116 0.00364444065
  595.441 0.0779560855 0.00367351059
  595.541 0.0734509295 0.00354290275
  595.641 0.0692963248 0.00353779582
  595.741 0.0666310724 0.00340374407
  595.841 0.0635937597 0.00338572631
  595.941 0.067696411 0.00339263621
  596.041 0.060902654 0.00332606444
  596.141 0.0622088792 0.00330773519
  596.241 0.061155518 0.00334059972
  596.341 0.0574068867 0.00327622889
  596.441 0.0634629139 0.00333836291
  596.541 0.0631445129 0.00339762522
  596.641 0.0559406072 0.00326816369
  596.741 0.0554505281 0.00315875362
  596.841 0.0548618687 0.00320869021
  596.941 0.0528265673 0.00311809125
  597.041 0.0548614964 0.00314979438
  597.141 0.0538107843 0.00315535006
  597.241 0.0518589376 0.00311491471
  597.341 0.0543823423 0.00315193442
  597.441 0.0570951027 0.00320567699
  597.541 0.0530573109 0.00312722976
  597.641 0.0549534539 0.00316300123
  597.741 0.0520231113 0.00310289478
  597.841 0.0515746404 0.00315182808
  597.941 0.0523324155 0.00314130064
  598.041 0.051903289 0.00315857418
  598.141 0.0501260356 0.00299315461
  598.241 0.0533015404 0.00311896771
  598.341 0.0437283405 0.00295965131
  598.441 0.0445026736 0.00293708411
  598.541 0.0438313602 0.00297235613
  598.641 0.0456316223 0.0029956842
  598.741 0.0469171353 0.00305039508
  598.841 0.0454254588 0.00296765721
  598.941 0.046004961 0.00294479328
  599.041 0.0481818128 0.00295899746
  599.141 0.0453620318 0.00294112846
  599.241 0.0479217521 0.00300015565
  599.341 0.0433766603 0.00290939551
  599.441 0.0437874565 0.00295115598
  599.541 0.0427060982 0.00287976609
  599.641 0.0498250071 0.00302205944
  599.741 0.0437553422 0.00284557737
  599.841 0.0436450401 0.00288777581
  599.941 0.0414845341 0.00286236172
  600.041 0.0402404589 0.00280960996
  600.141 0.0393168152 0.00280486507
  600.241 0.0470417068 0.00293418156
  600.341 0.0437968321 0.00293287274
  600.441 0.0403231879 0.00285727236
  600.541 0.0458298866 0.00296634788
  600.641 0.0442935416 0.00288099686
  600.741 0.0440915508 0.00284634166
  600.841 0.0430708656 0.00286975616
  600.941 0.0423157683 0.00285653196
  601.041 0.0398495858 0.00281229178
  601.141 0.0427594972 0.0028619016
  601.241 0.0431274438 0.00289527638
  601.341 0.0410649546 0.00284600237
  601.441 0.0453499571 0.00293321515
  601.541 0.0397566277 0.00287842475
  601.641 0.0413925376 0.00287400778
  601.741 0.0402266929 0.00280810118
  601.841 0.0442206089 0.00296691533
  601.941 0.0360315115 0.00273132158
  602.041 0.0403216394 0.00282715277
  602.141 0.0447503147 0.00289138282
  602.241 0.0407622657 0.00283704677
  602.341 0.0379353996 0.00281581983
  602.441 0.0381838964 0.00275849122
  602.541 0.0398063952 0.00283145213
  602.641 0.034940993 0.00267956968
  602.741 0.0408338531 0.00286372962
  602.841 0.0350690025 0.00273757829
  602.941 0.0358580186 0.00271266296
  603.041 0.039778518 0.00277614188
  603.141 0.0369422044 0.00276094104
  603.241 0.0371883697 0.00276095269
  603.341 0.0431461587 0.00285282865
  603.441 0.0397547205 0.00280571599
  603.541 0.0344047813 0.00264736503
  603.641 0.0370275584 0.00278714599
  603.741 0.039458008 0.00276455457
  603.841 0.0360781758 0.00272716332
  603.941 0.0377465086 0.0027924684
  604.041 0.0396575392 0.00282215523
  604.141 0.0382475136 0.00280516466
  604.241 0.0400427643 0.00275821324
  604.341 0.0378406795 0.00270954968
  604.441 0.039526343 0.00274821619
  604.541 0.0387567709 0.00276087352
  604.641 0.042405108 0.00283083171
  604.741 0.034731887 0.00267907804
  604.841 0.0358778574 0.00269525233
  604.941 0.0369582914 0.00272827771
  605.041 0.0422778874 0.002813097
  605.141 0.0408993632 0.00278008538
  605.241 0.0378311844 0.00277565515
  605.341 0.0394838935 0.00274722933
  605.441 0.0388133008 0.00277214598
  605.541 0.0419812158 0.00289013954
  605.641 0.035398242 0.00272481132
  605.741 0.0348811505 0.00267925063
  605.841 0.0377194529 0.00269935588
  605.941 0.0386554379 0.00272128417
  606.041 0.0383088927 0.00272104766
  606.141 0.0417984665 0.00275975157
  606.241 0.0352632884 0.00267310026
  606.341 0.0400418417 0.00278843187
  606.441 0.0349610999 0.00273483963
  606.541 0.0304980743 0.00258033872
  606.641 0.0408660664 0.00284456461
  606.741 0.0343822665 0.00260508945
  606.841 0.0383373302 0.00271415416
  606.941 0.0392591638 0.00274875906
  607.041 0.0410039724 0.0027795816
  607.141 0.0403141291 0.00282823178
  607.241 0.0379027272 0.00275341615
  607.341 0.035236217 0.00268987041
  607.441 0.0337181359 0.00268332082
  607.541 0.0386774039 0.00272996153
  607.641 0.0381284665 0.0027616532
  607.741 0.0348947514 0.00268063827
  607.841 0.0355325793 0.002704982
  607.941 0.0406558579 0.00276711924
  608.041 0.038897819 0.00277404617
  608.141 0.0432530588 0.00282944027
  608.241 0.0397167876 0.00278853847
  608.341 0.0381557732 0.00273686378
  608.441 0.0389804879 0.00278430272
  608.541 0.03408458 0.0026366869
  608.641 0.04361319 0.00282346428
  608.741 0.0316150961 0.0025941991
  608.841 0.031603382 0.00258901587
  608.941 0.0361844444 0.00276222848
  609.041 0.0347241738 0.00268451413
  609.141 0.0393578123 0.00271902069
  609.241 0.0368079163 0.00271233645
  609.341 0.0393643142 0.00275426306
  609.441 0.0334666359 0.00262757383
  609.541 0.0342764736 0.00265193765
  609.641 0.039352915 0.00275827661
  609.741 0.0408260048 0.00276311845
  609.841 0.0415129713 0.00282037488
  609.941 0.0307527919 0.0026403912
  610.041 0.0403447341 0.00274608802
  610.141 0.0402571534 0.00275806221
  610.241 0.0366997098 0.00268570651
  610.341 0.0395262947 0.00273462514
  610.441 0.0402523431 0.00277134964
  610.541 0.0350850198 0.00266735144


