# Data from DA_121108_E3.h5 stim 3
# Ratiometric estimator
# Ratiometric estimator:
#    Time    Ca (est)    Ca (se)
 1031.254 0.0692477782 0.0022468932
 1031.354 0.0686112009 0.0022471871
 1031.454 0.0679996503 0.00224167398
 1031.554 0.0714297817 0.00229082395
 1031.654 0.0764386764 0.00233939307
 1031.754 0.0695187613 0.00224792746
 1031.854 0.0690074895 0.00224080446
 1031.954 0.0744821007 0.0023215921
 1032.054 0.0672935616 0.00222293246
 1032.154 0.0665262086 0.0021926387
 1032.254 0.0685262463 0.00226283869
 1032.354 0.0710110486 0.00228693393
 1032.454 0.0671863666 0.00222548863
 1032.554 0.0690182122 0.00223939888
 1032.654 0.0701761721 0.0022535559
 1032.754 0.0789983897 0.00244073294
 1032.854 0.16340959 0.00383237971
 1032.954 0.195599417 0.00446241605
 1033.054 0.201523638 0.00460137635
 1033.154 0.216765688 0.00486224899
 1033.254 0.216729716 0.00494439588
 1033.354 0.21004779 0.00486474582
 1033.454 0.216632243 0.00491347667
 1033.554 0.210238761 0.00478510123
 1033.654 0.20474921 0.00468390613
 1033.754 0.216893663 0.00495189777
 1033.854 0.207437607 0.00478064076
 1033.954 0.194523602 0.00450855391
 1034.054 0.193923032 0.00443334027
 1034.154 0.188028531 0.00434019159
 1034.254 0.189967795 0.00435920297
 1034.354 0.187388132 0.00435196852
 1034.454 0.173472939 0.0040261899
 1034.554 0.180990456 0.00418465614
 1034.654 0.185050583 0.00430920543
 1034.754 0.17928686 0.00414456715
 1034.854 0.174498484 0.00407348814
 1034.954 0.176795817 0.00412660988
 1035.054 0.181298837 0.004159766
 1035.154 0.167990767 0.00398212694
 1035.254 0.16903799 0.00397806052
 1035.354 0.161949757 0.00380712604
 1035.454 0.163065444 0.00387946334
 1035.554 0.156462695 0.00372493213
 1035.654 0.162288897 0.00383549331
 1035.754 0.15611832 0.00374688231
 1035.854 0.153838612 0.00370174773
 1035.954 0.153546381 0.00360742553
 1036.054 0.155187628 0.00368121717
 1036.154 0.153967735 0.00363408706
 1036.254 0.146264069 0.00355638695
 1036.354 0.151640783 0.00357139633
 1036.454 0.141439255 0.00342654675
 1036.554 0.142477591 0.00343869143
 1036.654 0.143780292 0.00350487352
 1036.754 0.142105487 0.00344839485
 1036.854 0.139742265 0.00340668946
 1036.954 0.143327198 0.00345801877
 1037.054 0.137899214 0.00336104872
 1037.154 0.140315513 0.00345447997
 1037.254 0.135814852 0.00340888752
 1037.354 0.132540485 0.00326668719
 1037.454 0.137557809 0.0033638737
 1037.554 0.131262269 0.00327830239
 1037.654 0.129690103 0.0032250718
 1037.754 0.130493545 0.00327619114
 1037.854 0.130241155 0.00325840614
 1037.954 0.129600328 0.00326032598
 1038.054 0.127384476 0.00315837401
 1038.154 0.124204473 0.00312890645
 1038.254 0.120244085 0.00309657685
 1038.354 0.127999467 0.00322463384
 1038.454 0.117147815 0.00303673514
 1038.554 0.119963127 0.00309404119
 1038.654 0.120064486 0.0031049244
 1038.754 0.119339271 0.00299596875
 1038.854 0.12387071 0.00312072863
 1038.954 0.119989831 0.00306816723
 1039.054 0.120001778 0.00304807104
 1039.154 0.115442672 0.00298012246
 1039.254 0.114212349 0.0029882685
 1039.354 0.114995788 0.00300190675
 1039.454 0.112125031 0.00296111398
 1039.554 0.115655812 0.00299894904
 1039.654 0.117588215 0.00298480844
 1039.754 0.110519778 0.00294284342
 1039.854 0.112678638 0.00293126754
 1039.954 0.111338856 0.00292464515
 1040.054 0.111016744 0.0029034141
 1040.154 0.115712682 0.00299891418
 1040.254 0.115512979 0.00294710387
 1040.354 0.11236284 0.00290863469
 1040.454 0.109063977 0.00289185827
 1040.554 0.115270248 0.00299256827
 1040.654 0.105754643 0.0027859474
 1040.754 0.108990988 0.00289402996
 1040.854 0.107116565 0.00282321645
 1040.954 0.103429852 0.00284096953
 1041.054 0.106025601 0.00279701836
 1041.154 0.109725972 0.00287834283
 1041.254 0.106101447 0.00281667886
 1041.354 0.101654858 0.0027297446
 1041.454 0.109438146 0.00284976002
 1041.554 0.100656761 0.00270760263
 1041.654 0.101467096 0.00278422941
 1041.754 0.0987887392 0.00274413699
 1041.854 0.103332902 0.00278697724
 1041.954 0.104154519 0.0028150008
 1042.054 0.10391224 0.00279144756
 1042.154 0.103974655 0.00280772536
 1042.254 0.10511098 0.00281285934
 1042.354 0.0996152947 0.00271621388
 1042.454 0.102145577 0.00280370233
 1042.554 0.100228812 0.0027278053
 1042.654 0.10094462 0.00272543852
 1042.754 0.102026589 0.0027298391
 1042.854 0.0975493364 0.00269780675
 1042.954 0.0975937117 0.00272571025
 1043.054 0.0990107819 0.00268808772
 1043.154 0.0993537323 0.00269141379
 1043.254 0.0995011248 0.00271484708
 1043.354 0.0978452541 0.00271801252
 1043.454 0.101142541 0.0027717828
 1043.554 0.0969075791 0.00266347165
 1043.654 0.100080851 0.0026712377
 1043.754 0.10345209 0.00278824159
 1043.854 0.0923111948 0.0026300271
 1043.954 0.0941134453 0.0026400899
 1044.054 0.0955593546 0.0026663208
 1044.154 0.102532493 0.00270382298
 1044.254 0.0995046487 0.00273003429
 1044.354 0.0981799342 0.00263877882
 1044.454 0.0940374313 0.00263986635
 1044.554 0.0992581634 0.00272922337
 1044.654 0.095142244 0.00269243534
 1044.754 0.0987817107 0.00270906994
 1044.854 0.0886097532 0.00250938841
 1044.954 0.0910347027 0.00257867722
 1045.054 0.0940812586 0.00261739177
 1045.154 0.0931530435 0.002597031
 1045.254 0.090059514 0.0025510245
 1045.354 0.0904728678 0.00256124055
 1045.454 0.0909850574 0.0025693339
 1045.554 0.0892128358 0.00249380657
 1045.654 0.0958852833 0.00264976621
 1045.754 0.0950023806 0.00262018994
 1045.854 0.0936340171 0.00262760154
 1045.954 0.0934442265 0.00260424835
 1046.054 0.0968087453 0.00268037777
 1046.154 0.0969955716 0.00272653658
 1046.254 0.0932448204 0.00262772428
 1046.354 0.0887642223 0.00252984121
 1046.454 0.0895352559 0.00252360574
 1046.554 0.0924855516 0.00258357517
 1046.654 0.092237772 0.0025682873
 1046.754 0.0913201346 0.00253690039
 1046.854 0.0901859939 0.002555042
 1046.954 0.0894033162 0.00249937604
 1047.054 0.089450004 0.00257924367
 1047.154 0.093515885 0.00258252717
 1047.254 0.0850251136 0.0024955429
 1047.354 0.0869637812 0.00248264851
 1047.454 0.0908861961 0.00255580285
 1047.554 0.0897466304 0.00254579368
 1047.654 0.0900578244 0.00256545014
 1047.754 0.088024034 0.0025482432
 1047.854 0.0897367602 0.00254035945
 1047.954 0.0879179833 0.00253094793
 1048.054 0.0891306473 0.00255958656
 1048.154 0.0909643565 0.00257821349
 1048.254 0.0881803074 0.00252598389
 1048.354 0.0867156487 0.00248087793
 1048.454 0.0881033871 0.0025177996
 1048.554 0.0844930236 0.00245822997
 1048.654 0.0925251318 0.00261047205
 1048.754 0.0878794773 0.00251471488
 1048.854 0.0897668734 0.00254846671
 1048.954 0.0887097633 0.00254784253
 1049.054 0.0869940545 0.0024909439
 1049.154 0.086063059 0.00250146481
 1049.254 0.0938157923 0.0025976311
 1049.354 0.0858402895 0.00245239807
 1049.454 0.0936134186 0.00259785144
 1049.554 0.0856121418 0.00251004965
 1049.654 0.0875220918 0.00252300675
 1049.754 0.0897325415 0.0025334767
 1049.854 0.0859519067 0.00250358392
 1049.954 0.0835896656 0.00246019085
 1050.054 0.0853263772 0.00248568839
 1050.154 0.0866020665 0.00248362477
 1050.254 0.0865706379 0.00251638293
 1050.354 0.0883986604 0.00253117102
 1050.454 0.0863971977 0.00250708083
 1050.554 0.0841967667 0.0025042509
 1050.654 0.081394281 0.00241072846
 1050.754 0.0854657948 0.00247258761
 1050.854 0.0851620024 0.00247637758
 1050.954 0.0858452 0.00246546897
 1051.054 0.0840460357 0.00245130981
 1051.154 0.0817567746 0.0024425583


