# τ vs mean κ linear regression for data set DA_121108_E3.h5
# Using stimulation: 1, 2, 3, 4
# Best fit: tau = -6.47427 + 0.101276 kappa_Fura
# Covariance matrix:
# [ +1.70167e-01, -1.62761e-03  
#   -1.62761e-03, +1.63058e-05  ]
# Total sum of squares (TSS) = 718.067
# chisq (Residual sum of squares, RSS) = 89.0348
# Probability of observing a larger of equal RSS per DOF under the null hypothesis: 4.63814e-20
# R squared (1-RSS/TSS) = 0.876008
# Estimated gamma/v with standard error: 9.87397 +/- 0.393691
# Estimates kappa_S with standard error (using error propagation): -64.9268 +/- 4.80491
# kappa_S confidence intervals based on parametric bootstrap
# 0.95 CI for kappa_S: [-67.963,-61.2827]
# 0.99 CI for kappa_S: [-68.8609,-59.9549]


# The data
# κ_Fura  τ   τ_SE
21.8879 2.03877 0.745111
92.0409 2.59043 0.0976462
132.581 7.57061 0.243137
164.251 10.9868 0.400463


# The fitted data
# Preticted values with lower and upper bounds of 0.95 CI
# κ_Fura  τ   τ_lwr  τ_upr
0 -6.47427 -7.2828 -5.66575
0.689853 -6.4044 -7.2076 -5.60121
1.37971 -6.33454 -7.1324 -5.53668
2.06956 -6.26467 -7.0572 -5.47214
2.75941 -6.19481 -6.98201 -5.40761
3.44927 -6.12494 -6.90681 -5.34307
4.13912 -6.05508 -6.83162 -5.27853
4.82897 -5.98521 -6.75643 -5.21399
5.51883 -5.91534 -6.68125 -5.14944
6.20868 -5.84548 -6.60606 -5.08489
6.89853 -5.77561 -6.53088 -5.02035
7.58839 -5.70575 -6.4557 -4.9558
8.27824 -5.63588 -6.38052 -4.89124
8.9681 -5.56601 -6.30534 -4.82669
9.65795 -5.49615 -6.23017 -4.76213
10.3478 -5.42628 -6.15499 -4.69757
11.0377 -5.35642 -6.07982 -4.63301
11.7275 -5.28655 -6.00465 -4.56845
12.4174 -5.21669 -5.92949 -4.50388
13.1072 -5.14682 -5.85433 -4.43931
13.7971 -5.07695 -5.77916 -4.37474
14.4869 -5.00709 -5.70401 -4.31017
15.1768 -4.93722 -5.62885 -4.24559
15.8666 -4.86736 -5.5537 -4.18101
16.5565 -4.79749 -5.47855 -4.11643
17.2463 -4.72762 -5.4034 -4.05185
17.9362 -4.65776 -5.32826 -3.98726
18.626 -4.58789 -5.25312 -3.92267
19.3159 -4.51803 -5.17798 -3.85808
20.0058 -4.44816 -5.10284 -3.79348
20.6956 -4.37829 -5.02771 -3.72888
21.3855 -4.30843 -4.95258 -3.66428
22.0753 -4.23856 -4.87745 -3.59967
22.7652 -4.1687 -4.80233 -3.53506
23.455 -4.09883 -4.72721 -3.47045
24.1449 -4.02897 -4.6521 -3.40583
24.8347 -3.9591 -4.57699 -3.34121
25.5246 -3.88923 -4.50188 -3.27659
26.2144 -3.81937 -4.42677 -3.21196
26.9043 -3.7495 -4.35167 -3.14733
27.5941 -3.67964 -4.27658 -3.0827
28.284 -3.60977 -4.20148 -3.01806
28.9738 -3.5399 -4.1264 -2.95341
29.6637 -3.47004 -4.05131 -2.88876
30.3536 -3.40017 -3.97623 -2.82411
31.0434 -3.33031 -3.90116 -2.75945
31.7333 -3.26044 -3.82609 -2.69479
32.4231 -3.19058 -3.75103 -2.63013
33.113 -3.12071 -3.67597 -2.56545
33.8028 -3.05084 -3.60091 -2.50078
34.4927 -2.98098 -3.52586 -2.43609
35.1825 -2.91111 -3.45082 -2.37141
35.8724 -2.84125 -3.37578 -2.30671
36.5622 -2.77138 -3.30075 -2.24201
37.2521 -2.70151 -3.22572 -2.17731
37.9419 -2.63165 -3.1507 -2.1126
38.6318 -2.56178 -3.07569 -2.04788
39.3216 -2.49192 -3.00068 -1.98315
40.0115 -2.42205 -2.92568 -1.91842
40.7014 -2.35219 -2.85068 -1.85369
41.3912 -2.28232 -2.7757 -1.78894
42.0811 -2.21245 -2.70072 -1.72419
42.7709 -2.14259 -2.62575 -1.65943
43.4608 -2.07272 -2.55078 -1.59466
44.1506 -2.00286 -2.47583 -1.52989
44.8405 -1.93299 -2.40088 -1.4651
45.5303 -1.86312 -2.32594 -1.40031
46.2202 -1.79326 -2.25101 -1.33551
46.91 -1.72339 -2.17609 -1.2707
47.5999 -1.65353 -2.10118 -1.20588
48.2897 -1.58366 -2.02628 -1.14105
48.9796 -1.51379 -1.95138 -1.07621
49.6695 -1.44393 -1.8765 -1.01135
50.3593 -1.37406 -1.80163 -0.946493
51.0492 -1.3042 -1.72677 -0.88162
51.739 -1.23433 -1.65193 -0.816735
52.4289 -1.16447 -1.57709 -0.751838
53.1187 -1.0946 -1.50227 -0.686929
53.8086 -1.02473 -1.42746 -0.622007
54.4984 -0.954868 -1.35267 -0.557071
55.1883 -0.885002 -1.27788 -0.492121
55.8781 -0.815136 -1.20312 -0.427156
56.568 -0.74527 -1.12836 -0.362177
57.2578 -0.675405 -1.05363 -0.297182
57.9477 -0.605539 -0.978907 -0.23217
58.6375 -0.535673 -0.904204 -0.167141
59.3274 -0.465807 -0.829519 -0.102095
60.0173 -0.395941 -0.754851 -0.0370309
60.7071 -0.326075 -0.680203 0.0280527
61.397 -0.256209 -0.605575 0.0931561
62.0868 -0.186344 -0.530967 0.15828
62.7767 -0.116478 -0.456381 0.223426
63.4665 -0.0466119 -0.381818 0.288594
64.1564 0.0232539 -0.307278 0.353785
64.8462 0.0931198 -0.232762 0.419001
65.5361 0.162986 -0.158272 0.484243
66.2259 0.232852 -0.083808 0.549511
66.9158 0.302717 -0.00937211 0.614807
67.6056 0.372583 0.0650347 0.680132
68.2955 0.442449 0.139411 0.745487
68.9853 0.512315 0.213756 0.810874
69.6752 0.582181 0.288068 0.876294
70.3651 0.652047 0.362345 0.941749
71.0549 0.721912 0.436585 1.00724
71.7448 0.791778 0.510788 1.07277
72.4346 0.861644 0.584951 1.13834
73.1245 0.93151 0.659072 1.20395
73.8143 1.00138 0.73315 1.2696
74.5042 1.07124 0.807182 1.3353
75.194 1.14111 0.881166 1.40105
75.8839 1.21097 0.9551 1.46685
76.5737 1.28084 1.02898 1.5327
77.2636 1.35071 1.10281 1.5986
77.9534 1.42057 1.17657 1.66457
78.6433 1.49044 1.25028 1.73059
79.3331 1.5603 1.32393 1.79668
80.023 1.63017 1.3975 1.86283
80.7129 1.70003 1.47101 1.92906
81.4027 1.7699 1.54444 1.99536
82.0926 1.83977 1.6178 2.06173
82.7824 1.90963 1.69107 2.12819
83.4723 1.9795 1.76427 2.19473
84.1621 2.04936 1.83737 2.26136
84.852 2.11923 1.91038 2.32808
85.5418 2.1891 1.98329 2.3949
86.2317 2.25896 2.0561 2.46182
86.9215 2.32883 2.12881 2.52884
87.6114 2.39869 2.20141 2.59598
88.3012 2.46856 2.27389 2.66323
88.9911 2.53842 2.34625 2.7306
89.681 2.60829 2.41849 2.79809
90.3708 2.67816 2.49059 2.86572
91.0607 2.74802 2.56257 2.93347
91.7505 2.81789 2.63441 3.00137
92.4404 2.88775 2.7061 3.06941
93.1302 2.95762 2.77765 3.13759
93.8201 3.02749 2.84904 3.20593
94.5099 3.09735 2.92028 3.27442
95.1998 3.16722 2.99136 3.34307
95.8896 3.23708 3.06228 3.41188
96.5795 3.30695 3.13304 3.48086
97.2693 3.37681 3.20362 3.55001
97.9592 3.44668 3.27404 3.61932
98.649 3.51655 3.34428 3.68881
99.3389 3.58641 3.41436 3.75847
100.029 3.65628 3.48426 3.8283
100.719 3.72614 3.55398 3.89831
101.408 3.79601 3.62354 3.96848
102.098 3.86588 3.69292 4.03883
102.788 3.93574 3.76213 4.10936
103.478 4.00561 3.83117 4.18004
104.168 4.07547 3.90005 4.2509
104.858 4.14534 3.96876 4.32192
105.548 4.21521 4.03731 4.3931
106.237 4.28507 4.10571 4.46443
106.927 4.35494 4.17395 4.53592
107.617 4.4248 4.24205 4.60756
108.307 4.49467 4.31 4.67934
108.997 4.56453 4.37781 4.75126
109.687 4.6344 4.44548 4.82332
110.377 4.70427 4.51303 4.89551
111.066 4.77413 4.58044 4.96782
111.756 4.844 4.64774 5.04026
112.446 4.91386 4.71492 5.11281
113.136 4.98373 4.78199 5.18547
113.826 5.0536 4.84895 5.25824
114.516 5.12346 4.9158 5.33112
115.206 5.19333 4.98256 5.40409
115.895 5.26319 5.04923 5.47716
116.585 5.33306 5.1158 5.55032
117.275 5.40292 5.18229 5.62356
117.965 5.47279 5.2487 5.69688
118.655 5.54266 5.31503 5.77029
119.345 5.61252 5.38128 5.84377
120.035 5.68239 5.44746 5.91732
120.724 5.75225 5.51357 5.99093
121.414 5.82212 5.57962 6.06462
122.104 5.89199 5.64561 6.13836
122.794 5.96185 5.71154 6.21217
123.484 6.03172 5.77741 6.28603
124.174 6.10158 5.84323 6.35994
124.863 6.17145 5.90899 6.4339
125.553 6.24131 5.97471 6.50792
126.243 6.31118 6.04038 6.58198
126.933 6.38105 6.10601 6.65608
127.623 6.45091 6.1716 6.73023
128.313 6.52078 6.23714 6.80442
129.003 6.59064 6.30265 6.87864
129.692 6.66051 6.36811 6.95291
130.382 6.73038 6.43355 7.0272
131.072 6.80024 6.49895 7.10154
131.762 6.87011 6.56431 7.1759
132.452 6.93997 6.62965 7.2503
133.142 7.00984 6.69496 7.32472
133.832 7.07971 6.76024 7.39917
134.521 7.14957 6.82549 7.47365
135.211 7.21944 6.89071 7.54816
135.901 7.2893 6.95591 7.62269
136.591 7.35917 7.02109 7.69725
137.281 7.42903 7.08625 7.77182
137.971 7.4989 7.15138 7.84642
138.661 7.56877 7.21649 7.92104
139.35 7.63863 7.28158 7.99568
140.04 7.7085 7.34665 8.07034
140.73 7.77836 7.41171 8.14502
141.42 7.84823 7.47674 8.21972
142.11 7.9181 7.54176 8.29443
142.8 7.98796 7.60676 8.36916
143.49 8.05783 7.67175 8.44391
144.179 8.12769 7.73672 8.51867
144.869 8.19756 7.80167 8.59345
145.559 8.26742 7.86661 8.66824
146.249 8.33729 7.93154 8.74304
146.939 8.40716 7.99646 8.81786
147.629 8.47702 8.06136 8.89269
148.318 8.54689 8.12625 8.96753
149.008 8.61675 8.19112 9.04238
149.698 8.68662 8.25599 9.11725
150.388 8.75649 8.32084 9.19213
151.078 8.82635 8.38569 9.26701
151.768 8.89622 8.45052 9.34191
152.458 8.96608 8.51535 9.41682
153.147 9.03595 8.58016 9.49174
153.837 9.10581 8.64497 9.56666
154.527 9.17568 8.70976 9.6416
155.217 9.24555 8.77455 9.71654
155.907 9.31541 8.83933 9.7915
156.597 9.38528 8.9041 9.86646
157.287 9.45514 8.96886 9.94143
157.976 9.52501 9.03362 10.0164
158.666 9.59488 9.09837 10.0914
159.356 9.66474 9.16311 10.1664
160.046 9.73461 9.22784 10.2414
160.736 9.80447 9.29257 10.3164
161.426 9.87434 9.35729 10.3914
162.116 9.94421 9.422 10.4664
162.805 10.0141 9.48671 10.5414
163.495 10.0839 9.55141 10.6165
164.185 10.1538 9.61611 10.6915
164.875 10.2237 9.6808 10.7665
165.565 10.2935 9.74548 10.8416
166.255 10.3634 9.81016 10.9166
166.945 10.4333 9.87483 10.9917
167.634 10.5031 9.9395 11.0668
168.324 10.573 10.0042 11.1418
169.014 10.6429 10.0688 11.2169
169.704 10.7127 10.1335 11.292
170.394 10.7826 10.1981 11.3671
171.084 10.8525 10.2628 11.4421
171.774 10.9223 10.3274 11.5172
