# Cellular [Fura] for dataset DA_121108_E3.h5

# Loading curve with 103 elements
#    Time   AMPLITUDE
    0.021 1.60161073
   30.021 1.26740684
   60.021 1.52252573
   90.021 1.28685245
  120.021 1.72144776
  270.021 7.14016559
  330.021 9.89613814
  390.021 12.4759837
  450.021 14.5322867
  510.021 21.2714448
  600.021 29.0454999
  660.021 33.296458
  720.021 37.9886173
  780.021 42.4665959
  840.021 44.2695477
  900.021 47.4487646
  960.021 50.0274937
 1050.021 52.9782014
 1110.021 55.0538569
 1170.021 56.683566
 1230.021 57.8904031
 1290.021 59.9056749
 1350.021 61.9038271
 1410.021 63.4437515
 1470.021 65.9004106
 1530.021 67.4445219
 1590.021 69.557859
 1680.021 72.6230074
 1740.021 72.4166421
 1800.021 74.8337587
 1860.021 75.5154714
 1920.021 77.4094174
 1980.021 76.8721047
 2040.021 79.1428675
 2100.021 80.746153
 2160.021 80.2072585
 2220.021 82.2216929
 2280.021 83.134799
 2340.021 84.332611
 2400.021 84.5641905
 2460.021 85.1638409
 2520.021 86.6501736
 2580.021 86.1151868
 2640.021 88.4953661
 2700.021 89.2755163
 2760.021 90.0417104
 2820.021 91.0247834
 2880.021 90.5135221
 2940.021 90.4066178
 3000.021 91.4247674
 3060.021 91.2621314
 3120.021 92.0924308
 3180.021 92.5367955
 3240.021 93.6034194
 3300.021 93.4907466
 3360.021 94.1954404
 3420.021 94.5747693
 3480.021 94.8439374
 3540.021 95.0650963
 3600.021 95.216009
 3660.021 96.9330839
 3720.021 96.0149536
 3780.021 96.7327662
 3840.021 96.1622378
 3900.021 95.0493723
 3960.021 97.8754048
 4020.021 97.1671754
 4080.021 96.6998296
 4140.021 98.1902562
 4200.021 97.3493501
 4260.021 97.8714971
 4320.021 99.1879367
 4380.021       100
 4440.021 99.1623503
 4500.021 98.2159355
 4560.021 98.8902049
 4620.021 98.2402193
 4680.021 98.1654142
 4740.021 98.6557412
 4800.021 97.3908464
 4860.021 97.9104814
 4920.021 97.869078
 4980.021 98.7296158
 5040.021 98.1404791
 5100.021 97.2758475
 5160.021 97.1307033
 5220.021 97.0811124
 5280.021 98.0492988
 5340.021 97.4795147
 5400.021 97.3089702
 5460.021 96.9015429
 5520.021 96.9497382
 5580.021 96.0672427
 5640.021 96.149212
 5700.021 95.8284991
 5760.021 98.6896081
 5820.021 95.5602614
 5880.021 93.7678232
 5940.021 93.3842144
 6000.021 92.9957676
 6060.021 92.4570592
 6120.021 93.3956585
 6180.021 90.7319828


# Stim 1 with 200 elements
#    Time   AMPLITUDE
  270.015 5.37536065
  270.115 5.80716473
  270.215 5.81079333
  270.315 5.52013271
  270.415 5.77543769
  270.515 5.69095631
  270.615 5.44421112
  270.715 6.30270201
  270.815 5.54683553
  270.915 5.94942468
  271.015 5.82344693
  271.115 6.11866657
  271.215 5.75320085
  271.315 5.69765527
  271.415 5.6141043
  271.515 5.85368531
  271.615 5.74082637
  271.715 5.3795475
  271.815 6.10443127
  271.915 6.02581148
  272.015 5.88308632
  272.115 6.07363464
  272.215 6.31703035
  272.315 5.74873487
  272.415 5.91881413
  272.515 5.80148922
  272.615 5.60489322
  272.715 6.0145535
  272.815 5.9528672
  272.915  5.669929
  273.015 5.92662959
  273.115 6.10322174
  273.215 5.85582526
  273.315 5.99017671
  273.415 5.71319315
  273.515 5.70602897
  273.615 6.17346782
  273.715 5.82772683
  273.815 5.42718458
  273.915 5.44616498
  274.015 5.60703317
  274.115 5.3363764
  274.215 5.84196213
  274.315 6.05065347
  274.415 6.15225443
  274.515 5.88308632
  274.615 6.04628054
  274.715 5.65829885
  274.815 5.49445335
  274.915 5.80027968
  275.015 6.40355864
  275.115 5.78753304
  275.215 5.71449572
  275.315 6.34661744
  275.415 5.74715317
  275.515 5.80976988
  275.615 5.92114016
  275.715 5.71598438
  275.815 6.1673271
  275.915 5.9765927
  276.015 5.70007434
  276.115 5.8744335
  276.215 6.06907563
  276.315 5.73273179
  276.415 5.94858731
  276.515 6.15699953
  276.615 5.74538539
  276.715 6.18407451
  276.815 6.20138017
  276.915 6.36680738
  277.015 6.21840671
  277.115 5.88150462
  277.615 5.66862642
  277.715 6.55400621
  277.815 5.74547843
  277.915 6.06433053
  278.015 6.15365005
  278.115 6.07335552
  278.215 5.84977759
  278.315 5.96831204
  278.415 6.12043435
  278.515 6.47752637
  278.615 6.03548776
  278.715 6.08033361
  278.815 6.09717406
  278.915 5.95026205
  279.015 6.9910206
  279.115 6.21766238
  279.215 5.93221206
  279.315 6.20454357
  279.415 5.8459629
  279.515 6.49231992
  279.615 6.25087808
  279.715 5.97175456
  279.815 6.46096504
  279.915 6.15476655
  280.015 6.13215754
  280.115 6.18091111
  280.215 5.97947698
  280.315 6.12741244
  280.415 6.26650899
  280.515 5.98152388
  280.615 6.15495263
  280.715 6.10582689
  280.815 6.3939754
  280.915  6.162582
  281.015 5.73933771
  281.115 6.05363079
  281.215 6.36466743
  281.315 5.94123706
  281.415 6.01753082
  281.515 6.45407999
  281.615 6.31675123
  281.715 6.6057371
  281.815 6.43249444
  281.915 6.2305951
  282.015 5.9939914
  282.115 6.07549547
  282.215 6.57912733
  282.315 6.25999611
  282.415 6.65142032
  282.515 6.34996692
  282.615 6.09540628
  282.715 6.30837752
  282.815 6.02441586
  282.915 6.1415547
  283.015 6.67049376
  283.115 6.01213443
  283.215 5.88587756
  283.315 6.03260349
  283.415 5.81032813
  283.515 6.17272349
  283.615 6.32484581
  283.715 6.76846611
  283.815 6.14239207
  283.915 6.0730764
  284.015 6.18398147
  284.115 6.46812921
  284.215 6.32428756
  284.315 6.48636528
  284.415 6.41193234
  284.515 6.05446816
  284.615 6.09354545
  284.715 6.24473736
  284.815 6.23561932
  284.915 6.39341715
  285.015 6.4882261
  285.115 6.4898078
  285.215 6.34205842
  285.315 6.46040679
  285.415 6.36876124
  285.515 6.32335715
  285.615 6.35005997
  285.715 6.32047287
  285.815 6.55186627
  285.915 6.48320188
  286.015 6.75255607
  286.115 6.02785839
  286.215 6.34391925
  286.315 6.25636751
  286.415 6.68249607
  286.515 6.55996085
  286.615 6.57587089
  286.715 6.40597771
  286.815 6.2796278
  286.915 6.71887517
  287.015 6.58377939
  287.115 6.6780301
  287.215 6.22491959
  287.315 6.35806151
  287.415 6.48785394
  287.515 6.60648143
  287.615 6.44942794
  287.715 6.46682664
  287.815 6.44440371
  287.915 6.16397762
  288.015 6.07316944
  288.115 6.79209857
  288.215 6.61736725
  288.315 6.43016841
  288.415 6.34978084
  288.515 7.24399954
  288.615 6.40607075
  288.715 6.37192464
  288.815 6.59987551
  288.915 6.62816003
  289.015 6.63011389
  289.115 6.25339019
  289.215 6.44477588
  289.315 6.62983477
  289.415 6.70975713
  289.515 6.5621008
  289.615 6.06395836
  289.715 6.61466906
  289.815 6.54963328
  289.915 6.50208924
  290.015 6.63476595
  290.115 6.59401392
  290.215 6.65439764
  290.315 6.58861753


# Stim 2 with 200 elements
#    Time   AMPLITUDE
  590.641 27.2111932
  590.741 27.427607
  590.841 27.2841375
  590.941 27.8397794
  591.041 27.554143
  591.141 27.7562284
  591.241 27.4136508
  591.341 27.8534564
  591.441 27.4495647
  591.541 27.9008144
  591.641 27.5010165
  591.741 27.1899798
  591.841 26.9044365
  591.941 27.5319061
  592.041 28.0379571
  592.141 27.1174077
  592.241 26.5081741
  592.341 26.7647817
  592.441 26.4551407
  592.541 27.1984466
  592.641 26.9899413
  592.741 26.9023896
  592.841 26.5917251
  592.941 27.3407065
  593.041 26.9426764
  593.141 26.684115
  593.241 26.9358844
  593.341 26.6575052
  593.441 27.310189
  593.541 26.5832584
  593.641 26.575629
  593.741 27.0967526
  593.841 27.1757445
  593.941 26.1941602
  594.041 27.2855331
  594.141 27.1329456
  594.241 26.9090885
  594.341 26.6084725
  594.441 27.120199
  594.541 27.8227528
  594.641 27.4075101
  594.741 27.8134487
  594.841 26.5827001
  594.941 27.4730111
  595.041 26.7167724
  595.141 27.300978
  595.241 27.6028035
  595.341 27.2710187
  595.441 26.9570978
  595.541 27.7808843
  595.641 26.8855491
  595.741 27.2157522
  595.841 27.1828157
  595.941 27.1633701
  596.041 27.6452303
  596.141 27.4033232
  596.241 26.5884687
  596.341 27.608386
  596.441 27.9649198
  596.541 27.721338
  596.641 27.2336161
  596.741 27.1167564
  596.841 27.7244083
  596.941 28.1278348
  597.041 27.5859631
  597.141 27.7227336
  597.241 27.5223229
  597.341 27.307956
  597.441 27.5206482
  597.541 27.8741116
  597.641 27.8301961
  597.741 27.8644353
  597.841 27.472918
  597.941 26.9021105
  598.041 28.0633573
  598.141 27.4922706
  598.241 27.0703289
  598.341 27.3784813
  598.441 28.1515603
  598.541 27.3414509
  598.641 28.0720101
  598.741 27.8983023
  598.841 27.6414156
  598.941 27.6707236
  599.041 27.1323874
  599.141 27.2538991
  599.241 28.1064354
  599.341 27.9330066
  599.441 27.6707236
  599.541 27.3764343
  599.641 27.9056525
  599.741 27.7550189
  599.841 27.8126114
  599.941 27.904536
  600.041 27.9282615
  600.141 27.4154186
  600.241 28.3002401
  600.341 27.9056525
  600.441 27.4996209
  600.541 27.592662
  600.641 28.3498311
  600.741 28.6535175
  600.841 28.1559333
  600.941 27.6509988
  601.041 27.6532318
  601.141 27.6316463
  601.241 28.3077765
  601.341 27.6715609
  601.441 27.8582946
  601.541 28.0258617
  601.641 27.6192718
  601.741 28.0019501
  601.841 28.6397474
  601.941 28.2519518
  602.041 28.2046869
  602.141 28.0454934
  602.241 28.0094865
  602.341 28.1769606
  602.441 28.3703001
  602.541 28.0757318
  602.641 27.9507775
  602.741 28.3055435
  602.841 28.5291214
  602.941 28.0367475
  603.041 28.0968521
  603.141 27.9896687
  603.241 28.329362
  603.341 28.0374919
  603.441 28.3928161
  603.541 28.1924985
  603.641 27.8106575
  603.741 28.3354097
  603.841 28.8955176
  603.941 28.8568124
  604.041 28.4630622
  604.141 28.0572166
  604.241 28.1592828
  604.341 27.8499209
  604.441 28.3129868
  604.541 28.5592668
  604.641 28.5133044
  604.741 28.3681602
  604.841 28.3584839
  604.941 28.5089315
  605.041 28.571176
  605.141 28.2910291
  605.241 28.7516759
  605.341 28.5822479
  605.441 28.143931
  605.541 28.7403249
  605.641 28.9920943
  605.741 28.7440465
  605.841 28.2194804
  605.941 28.7753084
  606.041 28.4576658
  606.141 27.8351273
  606.241 28.3244308
  606.341 28.4050045
  606.441 28.3682532
  606.541 28.4613874
  606.641 27.9318901
  606.741 29.014145
  606.841 28.7863803
  606.941 28.5726647
  607.041 28.4901372
  607.141 28.5797358
  607.241 29.0528502
  607.341 28.5887608
  607.441 28.7124125
  607.541 28.862581
  607.641 27.9549644
  607.741 28.8186655
  607.841 28.0266991
  607.941 28.6593791
  608.041 28.8412746
  608.141 28.6871053
  608.241 28.6244886
  608.341 28.776704
  608.441 28.8977505
  608.541 28.9458528
  608.641 28.4551537
  608.741 27.7447843
  608.841 28.8330869
  608.941 29.1534277
  609.041 28.2668384
  609.141 28.9661358
  609.241 28.9672523
  609.341 29.1913885
  609.441 29.0086556
  609.541 28.907799
  609.641 29.0471747
  609.741 29.4867012
  609.841 28.9295706
  609.941 28.9272446
  610.041 29.3201575
  610.141 29.4486473
  610.241 28.5780611
  610.341 28.5615928
  610.441 28.9971185
  610.541 28.9001696


# Stim 3 with 200 elements
#    Time   AMPLITUDE
 1031.254 52.5040636
 1031.354 52.5329063
 1031.454 52.3267271
 1031.554 52.8671102
 1031.654 51.8038357
 1031.754 52.8769726
 1031.854 53.192103
 1031.954 52.4834084
 1032.054 52.2432692
 1032.154 52.1307824
 1032.254 53.4083307
 1032.354 52.1449247
 1032.454 52.5499329
 1032.554 53.5041631
 1032.654 51.9635874
 1032.754 52.3217029
 1032.854 51.6002616
 1032.954 51.4788429
 1033.054 51.3278371
 1033.154 51.3920355
 1033.254 51.8110929
 1033.354 50.4459929
 1033.454 51.4595834
 1033.554 51.4884261
 1033.654 52.4397721
 1033.754 51.2110704
 1033.854 50.7707996
 1033.954 50.685853
 1034.054 52.0279719
 1034.154 51.3071819
 1034.254 51.6898603
 1034.354 51.5392266
 1034.454 51.8899918
 1034.554 51.470097
 1034.654 51.7666192
 1034.754 51.3735203
 1034.854 51.0405259
 1034.954 51.4969859
 1035.054 51.433904
 1035.154 51.187438
 1035.254 52.0719804
 1035.354 51.1082599
 1035.454 51.4526053
 1035.554 51.3477479
 1035.654 52.6747941
 1035.754 50.7574017
 1035.854 50.9075701
 1035.954 51.7816919
 1036.054 51.616823
 1036.154 51.9100887
 1036.254 51.3421654
 1036.354 51.5980286
 1036.454 52.3925072
 1036.554 51.300576
 1036.654 50.7600068
 1036.754 51.6585054
 1036.854 51.6041694
 1036.954 51.8961326
 1037.054 52.1794429
 1037.154 51.5034988
 1037.254 51.339002
 1037.354 51.9380011
 1037.454 52.1241765
 1037.554 51.5940279
 1037.654 51.6976757
 1037.754 51.5685346
 1037.854 52.5780313
 1037.954 51.4653519
 1038.054 51.3889651
 1038.154 51.7814128
 1038.254 51.6061232
 1038.354 52.4292585
 1038.454 51.7878326
 1038.554 51.3196495
 1038.654 51.5339233
 1038.754 52.0814706
 1038.854 51.6330121
 1038.954 52.1143141
 1039.054 51.7371252
 1039.154 51.3998509
 1039.254 51.7409399
 1039.354 52.5014584
 1039.454 52.0307631
 1039.554 52.8890679
 1039.654 51.7934151
 1039.754 52.3090493
 1039.854 52.4171631
 1039.954 52.9967166
 1040.054 51.9229284
 1040.154 51.9188346
 1040.254 52.1351553
 1040.354 52.2550854
 1040.454 52.5103904
 1040.554 52.3067232
 1040.654 52.3978106
 1040.754 51.7113528
 1040.854 52.1632538
 1040.954 51.8437504
 1041.054 51.8682202
 1041.154 52.0966363
 1041.254 51.8975282
 1041.354 52.9933671
 1041.454 51.7135858
 1041.554 51.8668246
 1041.654 52.7967711
 1041.754 52.7477384
 1041.854 52.2214975
 1041.954 52.0593268
 1042.054 52.4493554
 1042.154 52.5328133
 1042.254 52.3709217
 1042.354 51.9754036
 1042.454 52.1944226
 1042.554 52.8520376
 1042.654 52.4527048
 1042.754 52.2865333
 1042.854 52.4817337
 1042.954 52.0720734
 1043.054 52.0364386
 1043.154 52.2576906
 1043.254 52.1838159
 1043.354 52.8165889
 1043.454 53.3487844
 1043.554 51.9015289
 1043.654 52.7031717
 1043.754 52.8537123
 1043.854 52.0590476
 1043.954 52.5926388
 1044.054 52.3602219
 1044.154 53.1573056
 1044.254 52.3631992
 1044.354 52.2232653
 1044.454 52.4297237
 1044.554 52.7428072
 1044.654 51.9352098
 1044.754 53.1410234
 1044.854 52.5101112
 1044.954 52.6978683
 1045.054 53.3293388
 1045.154 53.8274812
 1045.254 52.7840245
 1045.354 52.925261
 1045.454 52.9108396
 1045.554 51.7626185
 1045.654 52.751367
 1045.754 52.7293162
 1045.854 52.5152285
 1045.954 52.8246835
 1046.054 53.1141345
 1046.154 52.6038968
 1046.254 52.9581045
 1046.354  53.01579
 1046.454 52.5339298
 1046.554 52.7481106
 1046.654 52.6884712
 1046.754 52.9600584
 1046.854 51.7038165
 1046.954 53.3654387
 1047.054 53.0766389
 1047.154 53.2608605
 1047.254 53.607811
 1047.354 52.8357554
 1047.454 52.9398684
 1047.554 53.2971465
 1047.654 52.6641874
 1047.754 53.0196977
 1047.854 53.0878039
 1047.954 52.5264865
 1048.054 53.8365062
 1048.154 53.0528204
 1048.254 52.6341351
 1048.354 53.4536418
 1048.454 53.1634464
 1048.554 52.995321
 1048.654 52.9034893
 1048.754 54.0301249
 1048.854 52.4614507
 1048.954 52.8362206
 1049.054 52.3957636
 1049.154  52.85762
 1049.254 53.1313472
 1049.354 52.6513477
 1049.454 52.1916313
 1049.554 52.3351938
 1049.654 53.0031364
 1049.754 53.3967006
 1049.854 52.9403336
 1049.954 53.2996586
 1050.054 53.3421784
 1050.154 53.0123475
 1050.254 53.3996779
 1050.354 53.677778
 1050.454 52.8030979
 1050.554 52.6491148
 1050.654 53.4758786
 1050.754 53.2318316
 1050.854 53.1619577
 1050.954 52.9125143
 1051.054 53.0439815
 1051.154 52.7255016


# Stim 4 with 200 elements
#    Time   AMPLITUDE
  1651.86 71.5088394
  1652.06 72.0077261
  1652.26 71.3489016
  1652.46 71.5013961
  1652.66 72.0483851
  1652.86 72.1425428
  1653.06 70.3792265
  1653.26 71.5044664
  1653.46 71.0647539
  1653.66 71.2998689
  1653.86 70.6458825
  1654.06 70.5654949
  1654.26 70.7201294
  1654.46 70.0243675
  1654.66 71.5789924
  1654.86 70.2195679
  1655.06 70.427794
  1655.26 71.0460526
  1655.46 70.5547952
  1655.66 70.7610675
  1655.86 70.8227538
  1656.06 71.1301618
  1656.26 70.8714143
  1656.46 70.4284453
  1656.66 71.6789186
  1656.86 71.3594153
  1657.06 71.0603809
  1657.26 70.5759155
  1657.46 71.2737243
  1657.66 71.5043734
  1657.86 70.240316
  1658.06 70.4807344
  1658.26 70.0262283
  1658.46 70.7050567
  1658.66 71.1530499
  1658.86 70.9261225
  1659.06 70.8678787
  1659.26 70.9797142
  1659.46 70.9693867
  1659.66 71.8896569
  1659.86 70.8060064
  1660.06 71.6237452
  1660.26 71.2788416
  1660.46 70.8906738
  1660.66 70.6067122
  1660.86 71.0303286
  1661.06 70.4664991
  1661.26 70.8913251
  1661.46 71.1630984
  1661.66 71.157609
  1661.86 71.8274123
  1662.06 71.1072737
  1662.26 71.1831022
  1662.46 71.3831408
  1662.66 70.644673
  1662.86 71.3495529
  1663.06 71.7604227
  1663.26 71.4277075
  1663.46 71.6871993
  1663.66 71.7246019
  1663.86 70.4633357
  1664.06 71.0874559
  1664.26 71.1939881
  1664.46 71.4142165
  1664.66 71.5427064
  1664.86 70.719292
  1665.06 71.7289748
  1665.26 71.4113322
  1665.46 71.1133214
  1665.66 72.1013256
  1665.86 71.5489401
  1666.06 71.146351
  1666.26 71.9342236
  1666.46 72.072948
  1666.66 71.2834937
  1666.86 71.7584688
  1667.06 71.5855983
  1667.26 71.675104
  1667.46 71.3721619
  1667.66 72.0837408
  1667.86 72.5099624
  1668.06 71.0269791
  1668.26 71.5657806
  1668.46 71.2837728
  1668.66 72.0298699
  1668.86 72.6533388
  1669.06 72.2813602
  1669.26 72.1823644
  1669.46 72.079647
  1669.66 72.1107227
  1669.86 71.3997951
  1670.06 71.555546
  1670.26 71.9091955
  1670.46 71.006324
  1670.66 72.1591041
  1670.86 72.1872956
  1671.06 71.7378137
  1671.26 72.0529441
  1671.46 71.5928556
  1671.66  71.97572
  1671.86 72.5095902
  1672.06 71.6482151
  1672.26 71.9729287
  1672.46 71.7676799
  1672.66 73.1187308
  1672.86 72.8083454
  1673.06 72.9873566
  1673.26 72.7140947
  1673.46 72.6589213
  1673.66 71.6522158
  1673.86 72.3744944
  1674.06 72.1462644
  1674.26 71.9719053
  1674.46 71.568944
  1674.66 71.8219229
  1674.86 72.048013
  1675.06 72.0131225
  1675.26 71.5707118
  1675.46 71.5876452
  1675.66 72.4876325
  1675.86 71.6546349
  1676.06 72.4719085
  1676.26 72.2134402
  1676.46 72.7995996
  1676.66 72.0121921
  1676.86 72.1741768
  1677.06 72.3151342
  1677.26 72.6090512
  1677.46 72.6659924
  1677.66 71.562152
  1677.86 71.9009149
  1678.06 72.0000968
  1678.26 71.6416091
  1678.46 72.4961923
  1678.66 72.9635381
  1678.86 71.6605895
  1679.06 71.9203605
  1679.26 71.9933048
  1679.46 71.9933978
  1679.66 71.3449939
  1679.86 72.102256
  1680.06 72.267404
  1680.26 71.8867726
  1680.46 71.8713278
  1680.66 72.3565375
  1680.86 71.6821751
  1681.06 72.6809721
  1681.26 71.663939
  1681.46 72.2522383
  1681.66 72.506799
  1681.86 72.8262093
  1682.06 72.030056
  1682.26 72.8856626
  1682.46 71.5149801
  1682.66 72.0501529
  1682.86 72.4004529
  1683.06 72.1605928
  1683.26 72.6663646
  1683.46  72.52029
  1683.66 71.8342974
  1683.86 72.0740645
  1684.06 71.3484364
  1684.26 72.2306528
  1684.46 71.7982905
  1684.66 72.0906258
  1684.86 71.8403451
  1685.06 73.4669839
  1685.26 72.674087
  1685.46 72.7050697
  1685.66 71.8716999
  1685.86 71.9786043
  1686.06 72.5686714
  1686.26 72.9189714
  1686.46 72.4035233
  1686.66 72.7407975
  1686.86 72.0675516
  1687.06 72.6307298
  1687.26 72.2091603
  1687.46  71.90566
  1687.66 71.7477691
  1687.86 73.078537
  1688.06 72.4592549
  1688.26 71.770099
  1688.46 72.7184676
  1688.66 72.818766
  1688.86 72.2302806
  1689.06 72.1391933
  1689.26 72.0206589
  1689.46 72.1618023
  1689.66 72.3627712
  1689.86 71.7102735
  1690.06 72.2028335
  1690.26 71.9971194
  1690.46 71.5697813
  1690.66 72.1274701
  1690.86 71.3021949
  1691.06 71.9948865
  1691.26 72.9662363
  1691.46 71.9618568
  1691.66 72.3249965


