# Data from DA_121108_E3.h5 stim 4
# Ratiometric estimator
# Ratiometric estimator:
#    Time    Ca (est)    Ca (se)
  1651.86 0.0964196286 0.00219651544
  1652.06 0.0921886913 0.00215863074
  1652.26 0.0932435419 0.00215930317
  1652.46 0.0944238083 0.00219728667
  1652.66 0.0929745512 0.0021467056
  1652.86 0.0888895585 0.00209583814
  1653.06 0.0943687652 0.00214626486
  1653.26  0.091917 0.00212872988
  1653.46 0.156319527 0.00302416232
  1653.66 0.17180831 0.00328398621
  1653.86 0.178391224 0.00343030582
  1654.06 0.171776626 0.00329076559
  1654.26 0.180919713 0.00342684099
  1654.46 0.176726766 0.00336338117
  1654.66 0.18141482 0.00343322728
  1654.86 0.176664914 0.00339617035
  1655.06 0.169216122 0.00324339901
  1655.26 0.173273486 0.00328112497
  1655.46 0.169647245 0.00326176177
  1655.66 0.164810048 0.00314691453
  1655.86 0.160363548 0.00314528219
  1656.06 0.163628064 0.00321020772
  1656.26 0.15897683 0.00308633635
  1656.46 0.161972517 0.00312405513
  1656.66 0.158447345 0.00309495648
  1656.86 0.155730405 0.00305135068
  1657.06 0.157531149 0.00311835873
  1657.26 0.152781709 0.00302013224
  1657.46 0.152555152 0.00298601257
  1657.66 0.148261107 0.00294513709
  1657.86 0.1478735 0.00291898421
  1658.06 0.154296082 0.00301428535
  1658.26 0.146521103 0.00288816121
  1658.46 0.142122179 0.00283411821
  1658.66 0.146657862 0.00294572154
  1658.86 0.145304535 0.00288128548
  1659.06 0.140026672 0.00280921281
  1659.26 0.136842397 0.00274706921
  1659.46 0.14346674 0.00283721982
  1659.66 0.141664759 0.00283743704
  1659.86 0.135568542 0.00274982293
  1660.06 0.131055294 0.00265711675
  1660.26 0.13588989 0.00277382072
  1660.46 0.132851827 0.00270131618
  1660.66 0.135155249 0.00271756184
  1660.86 0.129601848 0.00267432866
  1661.06 0.128170363 0.00264865847
  1661.26 0.133917173 0.00267770641
  1661.46 0.125897003 0.00257345175
  1661.66 0.12956575 0.0026286688
  1661.86 0.124442451 0.00259965761
  1662.06 0.122998534 0.00251668332
  1662.26 0.124387172 0.00256209237
  1662.46 0.128785359 0.00260952112
  1662.66 0.126875586 0.00263179033
  1662.86 0.126569975 0.00258781719
  1663.06 0.124005733 0.00256998125
  1663.26 0.125117856 0.00256841844
  1663.46 0.125957166 0.00258037719
  1663.66 0.121417567 0.00255222593
  1663.86 0.125820831 0.0026330814
  1664.06 0.120741522 0.00249318016
  1664.26 0.121683849 0.00253890881
  1664.46 0.120113361 0.00251574537
  1664.66 0.117510872 0.00246487879
  1664.86 0.115724813 0.00247240366
  1665.06 0.11491397 0.00244801868
  1665.26 0.115664036 0.0024598887
  1665.46 0.118593367 0.00248243062
  1665.66 0.117994434 0.00247373532
  1665.86 0.119956701 0.00252523948
  1666.06 0.11621714 0.00248609979
  1666.26 0.115702598 0.00248697551
  1666.46 0.117659858 0.00250724406
  1666.66 0.113780189 0.00245517043
  1666.86 0.112333339 0.00237488938
  1667.06 0.112888215 0.00240573993
  1667.26 0.114687526 0.00243564411
  1667.46 0.11517934 0.00243316404
  1667.66 0.111652097 0.0023929155
  1667.86 0.111271029 0.00241942475
  1668.06 0.111670962 0.00241669715
  1668.26 0.108130416 0.00237252152
  1668.46 0.112146989 0.00239853758
  1668.66 0.11395479 0.00241626907
  1668.86 0.109484023 0.0023966322
  1669.06 0.109387408 0.00236642452
  1669.26 0.111473669 0.00238903975
  1669.46 0.11151656 0.00239515713
  1669.66 0.109286132 0.00237578487
  1669.86 0.111020548 0.00236965631
  1670.06 0.11006011 0.00234859447
  1670.26 0.107570389 0.00234320914
  1670.46 0.105128861 0.00231474273
  1670.66 0.105434915 0.00228202161
  1670.86 0.105907605 0.00232585888
  1671.06 0.111759645 0.00237015857
  1671.26 0.109335287 0.00237938174
  1671.46 0.104611774 0.00229482384
  1671.66 0.108837912 0.0023594287
  1671.86 0.104807516 0.00229827116
  1672.06 0.109209258 0.00232754536
  1672.26 0.104174426 0.00227983276
  1672.46 0.101147128 0.00223047427
  1672.66 0.109415992 0.00236592925
  1672.86 0.104581968 0.00230324556
  1673.06 0.10620269 0.00233307694
  1673.26 0.104390773 0.00230633784
  1673.46 0.107839061 0.00232770617
  1673.66 0.104075172 0.00231682325
  1673.86 0.103664771 0.00229123355
  1674.06 0.10762842 0.00233306508
  1674.26 0.101750441 0.00230845992
  1674.46 0.101376755 0.00224581948
  1674.66 0.101883883 0.00225348367
  1674.86 0.100946833 0.0022416284
  1675.06 0.0983240252 0.00221821054
  1675.26 0.102960804 0.00228244343
  1675.46 0.101972606 0.00225024383
  1675.66 0.101124363 0.00224613074
  1675.86 0.101347288 0.00224393897
  1676.06 0.0983340845 0.00223358449
  1676.26 0.0995192 0.002259157
  1676.46 0.0981833589 0.00220489087
  1676.66 0.100459822 0.00219869208
  1676.86 0.0964490051 0.0022004424
  1677.06 0.0968986448 0.00222484424
  1677.26 0.100942505 0.00224352685
  1677.46 0.0984576313 0.00222011647
  1677.66 0.0963156666 0.00215468033
  1677.86 0.0994937519 0.0022551851
  1678.06 0.0960269194 0.0021654657
  1678.26 0.0988919742 0.00222948887
  1678.46 0.0999564716 0.0022635994
  1678.66 0.0998630855 0.00226684552
  1678.86 0.0971190076 0.00222686827
  1679.06 0.0941886792 0.00215502227
  1679.26 0.0974925558 0.00219204285
  1679.46 0.0978789986 0.00218664553
  1679.66 0.0939410007 0.00214645704
  1679.86 0.0953314007 0.0021644705
  1680.06 0.0955889451 0.0021610229
  1680.26 0.0985931349 0.00220452139
  1680.46 0.0962258261 0.00215363291
  1680.66 0.0945303928 0.00216609339
  1680.86 0.0932245612 0.0021269973
  1681.06 0.0964236386 0.00219014798
  1681.26 0.0968471462 0.00217571257
  1681.46 0.0922792224 0.00214452619
  1681.66 0.0921983465 0.00218696523
  1681.86 0.0952666987 0.0021778318
  1682.06 0.0931994434 0.00214505863
  1682.26 0.0923518327 0.00211139454
  1682.46 0.0959266835 0.00217578683
  1682.66 0.0970029687 0.00217526332
  1682.86 0.0917144403 0.00207730331
  1683.06 0.094156337 0.00215708361
  1683.26 0.0979708973 0.00218444692
  1683.46 0.0980309638 0.00222993556
  1683.66 0.088031395 0.00207217077
  1683.86 0.0929694217 0.00216272325
  1684.06 0.0913375939 0.00209426263
  1684.26 0.0943417602 0.00213965972
  1684.46 0.0882554267 0.00208082449
  1684.66 0.09454601 0.00216287705
  1684.86 0.0963529687 0.0021967262
  1685.06 0.0955385804 0.00216335062
  1685.26 0.0936718419 0.00215591045
  1685.46 0.0917323388 0.0021311345
  1685.66 0.0919037751 0.0021263395
  1685.86 0.0927874227 0.00214262607
  1686.06 0.0928520358 0.00213276441
  1686.26 0.0912610784 0.00210960087
  1686.46 0.0940666608 0.00214359424
  1686.66 0.0927358144 0.00215336833
  1686.86 0.0901269645 0.00211229826
  1687.06 0.0922215311 0.00214066431
  1687.26 0.0898288016 0.00210040981
  1687.46 0.0953855653 0.00216059802
  1687.66 0.0911574839 0.0021060925
  1687.86 0.0914015294 0.00211196771
  1688.06 0.0897282398 0.00207769649
  1688.26 0.0868641952 0.00206005374
  1688.46 0.0917540239 0.002155791
  1688.66 0.0918551972 0.00212343528
  1688.86 0.0904306683 0.00208940244
  1689.06 0.0894573832 0.00208969356
  1689.26 0.0882278569 0.00207396612
  1689.46 0.090862855 0.00210651976
  1689.66 0.0925238049 0.00210546785
  1689.86 0.0950850106 0.00217223457
  1690.06 0.0928154263 0.00214384914
  1690.26 0.0909578566 0.00211799146
  1690.46 0.0924136484 0.00216431711
  1690.66 0.0882161985 0.00207545724
  1690.86 0.0913061392 0.00210456322
  1691.06 0.092019657 0.00213500577
  1691.26 0.0875977159 0.00205908205
  1691.46 0.087589785 0.0020732421
  1691.66 0.091706033 0.00213906124


