# τ vs min κ linear regression for data set DA_121108_E3.h5
# Using stimulation: 1, 2, 3, 4
# Best fit: tau = -5.93953 + 0.100702 kappa_Fura
# Covariance matrix:
# [ +1.51849e-01, -1.51610e-03  
#   -1.51610e-03, +1.59461e-05  ]
# Total sum of squares (TSS) = 718.067
# chisq (Residual sum of squares, RSS) = 82.1168
# Probability of observing a larger of equal RSS per DOF under the null hypothesis: 1.47425e-18
# R squared (1-RSS/TSS) = 0.885642
# Estimated gamma/v with standard error: 9.93027 +/- 0.393776
# Estimates kappa_S with standard error (using error propagation): -59.9811 +/- 4.5215
# kappa_S confidence intervals based on parametric bootstrap
# 0.95 CI for kappa_S: [-63.1318,-56.4165]
# 0.99 CI for kappa_S: [-64.0562,-55.1808]


# The data
# κ_Fura  τ   τ_SE
18.848 2.03877 0.745111
87.1254 2.59043 0.0976462
128.222 7.57061 0.243137
160.916 10.9868 0.400463


# The fitted data
# Preticted values with lower and upper bounds of 0.95 CI
# κ_Fura  τ   τ_lwr  τ_upr
0 -5.93953 -6.7033 -5.17576
0.675847 -5.87147 -6.63009 -5.11286
1.35169 -5.80341 -6.55688 -5.04995
2.02754 -5.73535 -6.48367 -4.98704
2.70339 -5.66729 -6.41046 -4.92413
3.37923 -5.59923 -6.33726 -4.86121
4.05508 -5.53117 -6.26405 -4.79829
4.73093 -5.46312 -6.19085 -4.73538
5.40677 -5.39506 -6.11766 -4.67246
6.08262 -5.327 -6.04446 -4.60953
6.75847 -5.25894 -5.97127 -4.54661
7.43431 -5.19088 -5.89808 -4.48368
8.11016 -5.12282 -5.82489 -4.42075
8.78601 -5.05476 -5.7517 -4.35782
9.46186 -4.9867 -5.67852 -4.29488
10.1377 -4.91864 -5.60533 -4.23195
10.8135 -4.85058 -5.53216 -4.16901
11.4894 -4.78252 -5.45898 -4.10607
12.1652 -4.71446 -5.3858 -4.04312
12.8411 -4.6464 -5.31263 -3.98017
13.5169 -4.57834 -5.23947 -3.91722
14.1928 -4.51029 -5.1663 -3.85427
14.8686 -4.44223 -5.09314 -3.79131
15.5445 -4.37417 -5.01998 -3.72835
16.2203 -4.30611 -4.94682 -3.66539
16.8962 -4.23805 -4.87367 -3.60243
17.572 -4.16999 -4.80052 -3.53946
18.2479 -4.10193 -4.72737 -3.47649
18.9237 -4.03387 -4.65423 -3.41351
19.5996 -3.96581 -4.58109 -3.35053
20.2754 -3.89775 -4.50795 -3.28755
20.9513 -3.82969 -4.43482 -3.22456
21.6271 -3.76163 -4.36169 -3.16157
22.3029 -3.69357 -4.28857 -3.09858
22.9788 -3.62551 -4.21545 -3.03558
23.6546 -3.55746 -4.14233 -2.97258
24.3305 -3.4894 -4.06922 -2.90958
25.0063 -3.42134 -3.99611 -2.84657
25.6822 -3.35328 -3.923 -2.78355
26.358 -3.28522 -3.8499 -2.72053
27.0339 -3.21716 -3.77681 -2.65751
27.7097 -3.1491 -3.70372 -2.59448
28.3856 -3.08104 -3.63063 -2.53145
29.0614 -3.01298 -3.55755 -2.46841
29.7373 -2.94492 -3.48447 -2.40537
30.4131 -2.87686 -3.4114 -2.34232
31.089 -2.8088 -3.33834 -2.27927
31.7648 -2.74074 -3.26528 -2.21621
32.4406 -2.67268 -3.19223 -2.15314
33.1165 -2.60463 -3.11918 -2.09007
33.7923 -2.53657 -3.04614 -2.027
34.4682 -2.46851 -2.9731 -1.96391
35.144 -2.40045 -2.90007 -1.90082
35.8199 -2.33239 -2.82705 -1.83773
36.4957 -2.26433 -2.75404 -1.77462
37.1716 -2.19627 -2.68103 -1.71151
37.8474 -2.12821 -2.60803 -1.6484
38.5233 -2.06015 -2.53503 -1.58527
39.1991 -1.99209 -2.46205 -1.52214
39.875 -1.92403 -2.38907 -1.459
40.5508 -1.85597 -2.3161 -1.39585
41.2267 -1.78791 -2.24314 -1.33269
41.9025 -1.71985 -2.17019 -1.26952
42.5783 -1.6518 -2.09724 -1.20635
43.2542 -1.58374 -2.02431 -1.14316
43.93 -1.51568 -1.95138 -1.07997
44.6059 -1.44762 -1.87847 -1.01677
45.2817 -1.37956 -1.80557 -0.953551
45.9576 -1.3115 -1.73267 -0.890326
46.6334 -1.24344 -1.65979 -0.827089
47.3093 -1.17538 -1.58692 -0.763841
47.9851 -1.10732 -1.51406 -0.700581
48.661 -1.03926 -1.44121 -0.637309
49.3368 -0.971203 -1.36838 -0.574024
50.0127 -0.903143 -1.29556 -0.510726
50.6885 -0.835084 -1.22275 -0.447415
51.3644 -0.767025 -1.14996 -0.384089
52.0402 -0.698966 -1.07718 -0.320748
52.7161 -0.630906 -1.00442 -0.257392
53.3919 -0.562847 -0.931674 -0.19402
54.0677 -0.494788 -0.858944 -0.130631
54.7436 -0.426728 -0.786231 -0.0672258
55.4194 -0.358669 -0.713536 -0.00380237
56.0953 -0.29061 -0.640859 0.0596396
56.7711 -0.222551 -0.568202 0.123101
57.447 -0.154491 -0.495565 0.186582
58.1228 -0.0864321 -0.422948 0.250084
58.7987 -0.0183728 -0.350354 0.313608
59.4745 0.0496865 -0.277782 0.377155
60.1504 0.117746 -0.205233 0.440725
60.8262 0.185805 -0.132709 0.504319
61.5021 0.253864 -0.060211 0.56794
62.1779 0.321924 0.0122605 0.631587
62.8538 0.389983 0.0847042 0.695262
63.5296 0.458042 0.157119 0.758966
64.2054 0.526101 0.229503 0.8227
64.8813 0.594161 0.301855 0.886466
65.5571 0.66222 0.374175 0.950265
66.233 0.730279 0.446459 1.0141
66.9088 0.798339 0.518708 1.07797
67.5847 0.866398 0.590918 1.14188
68.2605 0.934457 0.663089 1.20583
68.9364 1.00252 0.735218 1.26981
69.6122 1.07058 0.807305 1.33385
70.2881 1.13863 0.879345 1.39792
70.9639 1.20669 0.951339 1.46205
71.6398 1.27475 1.02328 1.52622
72.3156 1.34281 1.09517 1.59045
72.9915 1.41087 1.16701 1.65473
73.6673 1.47893 1.23879 1.71907
74.3431 1.54699 1.31051 1.78347
75.019 1.61505 1.38217 1.84793
75.6948 1.68311 1.45376 1.91246
76.3707 1.75117 1.52528 1.97705
77.0465 1.81923 1.59673 2.04172
77.7224 1.88729 1.66811 2.10646
78.3982 1.95535 1.73941 2.17128
79.0741 2.02341 1.81062 2.23619
79.7499 2.09146 1.88175 2.30118
80.4258 2.15952 1.95279 2.36626
81.1016 2.22758 2.02374 2.43143
81.7775 2.29564 2.09459 2.4967
82.4533 2.3637 2.16533 2.56207
83.1292 2.43176 2.23597 2.62755
83.805 2.49982 2.3065 2.69314
84.4809 2.56788 2.37692 2.75884
85.1567 2.63594 2.44721 2.82466
85.8325 2.704 2.51739 2.89061
86.5084 2.77206 2.58743 2.95668
87.1842 2.84012 2.65735 3.02289
87.8601 2.90818 2.72713 3.08923
88.5359 2.97624 2.79676 3.15571
89.2118 3.04429 2.86626 3.22233
89.8876 3.11235 2.93561 3.2891
90.5635 3.18041 3.00481 3.35602
91.2393 3.24847 3.07386 3.42309
91.9152 3.31653 3.14275 3.49032
92.591 3.38459 3.21148 3.5577
93.2669 3.45265 3.28005 3.62525
93.9427 3.52071 3.34847 3.69295
94.6186 3.58877 3.41672 3.76082
95.2944 3.65683 3.48481 3.82885
95.9702 3.72489 3.55273 3.89704
96.6461 3.79295 3.62049 3.9654
97.3219 3.86101 3.6881 4.03392
97.9978 3.92907 3.75554 4.10259
98.6736 3.99712 3.82282 4.17143
99.3495 4.06518 3.88995 4.24042
100.025 4.13324 3.95692 4.30956
100.701 4.2013 4.02374 4.37886
101.377 4.26936 4.09042 4.4483
102.053 4.33742 4.15695 4.51789
102.729 4.40548 4.22334 4.58762
103.405 4.47354 4.28959 4.65749
104.08 4.5416 4.35571 4.72749
104.756 4.60966 4.4217 4.79762
105.432 4.67772 4.48756 4.86787
106.108 4.74578 4.55331 4.93824
106.784 4.81384 4.61894 5.00873
107.46 4.8819 4.68446 5.07933
108.135 4.94995 4.74987 5.15004
108.811 5.01801 4.81517 5.22086
109.487 5.08607 4.88038 5.29177
110.163 5.15413 4.94549 5.36277
110.839 5.22219 5.01051 5.43387
111.515 5.29025 5.07545 5.50506
112.191 5.35831 5.14029 5.57633
112.866 5.42637 5.20506 5.64767
113.542 5.49443 5.26976 5.7191
114.218 5.56249 5.33438 5.7906
114.894 5.63055 5.39893 5.86216
115.57 5.69861 5.46341 5.9338
116.246 5.76667 5.52783 6.0055
116.921 5.83473 5.59219 6.07726
117.597 5.90278 5.6565 6.14907
118.273 5.97084 5.72074 6.22095
118.949 6.0389 5.78494 6.29287
119.625 6.10696 5.84908 6.36485
120.301 6.17502 5.91317 6.43687
120.977 6.24308 5.97722 6.50894
121.652 6.31114 6.04123 6.58105
122.328 6.3792 6.10519 6.65321
123.004 6.44726 6.16911 6.72541
123.68 6.51532 6.23299 6.79764
124.356 6.58338 6.29684 6.86991
125.032 6.65144 6.36065 6.94222
125.708 6.7195 6.42443 7.01456
126.383 6.78755 6.48817 7.08694
127.059 6.85561 6.55189 7.15934
127.735 6.92367 6.61557 7.23177
128.411 6.99173 6.67923 7.30423
129.087 7.05979 6.74286 7.37672
129.763 7.12785 6.80646 7.44924
130.438 7.19591 6.87004 7.52178
131.114 7.26397 6.9336 7.59434
131.79 7.33203 6.99713 7.66693
132.466 7.40009 7.06064 7.73954
133.142 7.46815 7.12413 7.81217
133.818 7.53621 7.1876 7.88482
134.494 7.60427 7.25104 7.95749
135.169 7.67233 7.31447 8.03018
135.845 7.74038 7.37789 8.10288
136.521 7.80844 7.44128 8.17561
137.197 7.8765 7.50466 8.24835
137.873 7.94456 7.56802 8.3211
138.549 8.01262 7.63137 8.39388
139.224 8.08068 7.6947 8.46666
139.9 8.14874 7.75801 8.53947
140.576 8.2168 7.82132 8.61228
141.252 8.28486 7.88461 8.68511
141.928 8.35292 7.94788 8.75795
142.604 8.42098 8.01115 8.83081
143.28 8.48904 8.0744 8.90367
143.955 8.5571 8.13764 8.97655
144.631 8.62516 8.20087 9.04944
145.307 8.69321 8.26409 9.12234
145.983 8.76127 8.3273 9.19525
146.659 8.82933 8.39049 9.26817
147.335 8.89739 8.45368 9.3411
148.01 8.96545 8.51686 9.41404
148.686 9.03351 8.58003 9.48699
149.362 9.10157 8.64319 9.55995
150.038 9.16963 8.70634 9.63292
150.714 9.23769 8.76949 9.70589
151.39 9.30575 8.83262 9.77888
152.066 9.37381 8.89575 9.85187
152.741 9.44187 8.95887 9.92486
153.417 9.50993 9.02198 9.99787
154.093 9.57799 9.08509 10.0709
154.769 9.64604 9.14819 10.1439
155.445 9.7141 9.21128 10.2169
156.121 9.78216 9.27436 10.29
156.796 9.85022 9.33744 10.363
157.472 9.91828 9.40052 10.436
158.148 9.98634 9.46358 10.5091
158.824 10.0544 9.52664 10.5822
159.5 10.1225 9.5897 10.6552
160.176 10.1905 9.65275 10.7283
160.852 10.2586 9.7158 10.8014
161.527 10.3266 9.77883 10.8744
162.203 10.3947 9.84187 10.9475
162.879 10.4628 9.9049 11.0206
163.555 10.5308 9.96792 11.0937
164.231 10.5989 10.0309 11.1668
164.907 10.6669 10.094 11.2399
165.582 10.735 10.157 11.313
166.258 10.8031 10.22 11.3861
166.934 10.8711 10.283 11.4592
167.61 10.9392 10.346 11.5324
168.286 11.0072 10.409 11.6055
