# τ vs max κ linear regression for data set DA_121108_E3.h5
# Using stimulation: 1, 2, 3, 4
# Best fit: tau = -7.0043 + 0.10204 kappa_Fura
# Covariance matrix:
# [ +1.89032e-01, -1.73913e-03  
#   -1.73913e-03, +1.66799e-05  ]
# Total sum of squares (TSS) = 718.067
# chisq (Residual sum of squares, RSS) = 93.829
# Probability of observing a larger of equal RSS per DOF under the null hypothesis: 4.21984e-21
# R squared (1-RSS/TSS) = 0.869331
# Estimated gamma/v with standard error: 9.80004 +/- 0.39224
# Estimates kappa_S with standard error (using error propagation): -69.6423 +/- 5.06979
# kappa_S confidence intervals based on parametric bootstrap
# 0.95 CI for kappa_S: [-72.7643,-66.1348]
# 0.99 CI for kappa_S: [-73.6485,-65.0166]


# The data
# κ_Fura  τ   τ_SE
25.5857 2.03877 0.745111
96.6433 2.59043 0.0976462
136.483 7.57061 0.243137
167.775 10.9868 0.400463


# The fitted data
# Preticted values with lower and upper bounds of 0.95 CI
# κ_Fura  τ   τ_lwr  τ_upr
0 -7.0043 -7.85646 -6.15213
0.704656 -6.93239 -7.77903 -6.08575
1.40931 -6.86049 -7.70161 -6.01937
2.11397 -6.78859 -7.62418 -5.95299
2.81862 -6.71668 -7.54676 -5.8866
3.52328 -6.64478 -7.46934 -5.82022
4.22794 -6.57287 -7.39192 -5.75383
4.93259 -6.50097 -7.3145 -5.68744
5.63725 -6.42907 -7.23709 -5.62105
6.34191 -6.35716 -7.15967 -5.55466
7.04656 -6.28526 -7.08226 -5.48826
7.75122 -6.21336 -7.00485 -5.42186
8.45587 -6.14145 -6.92744 -5.35547
9.16053 -6.06955 -6.85004 -5.28907
9.86519 -5.99765 -6.77263 -5.22266
10.5698 -5.92574 -6.69523 -5.15626
11.2745 -5.85384 -6.61783 -5.08985
11.9792 -5.78194 -6.54043 -5.02344
12.6838 -5.71003 -6.46303 -4.95703
13.3885 -5.63813 -6.38564 -4.89062
14.0931 -5.56623 -6.30825 -4.8242
14.7978 -5.49432 -6.23086 -4.75779
15.5024 -5.42242 -6.15347 -4.69137
16.2071 -5.35052 -6.07609 -4.62494
16.9117 -5.27861 -5.99871 -4.55852
17.6164 -5.20671 -5.92133 -4.49209
18.3211 -5.13481 -5.84395 -4.42566
19.0257 -5.0629 -5.76658 -4.35923
19.7304 -4.991 -5.6892 -4.29279
20.435 -4.9191 -5.61183 -4.22636
21.1397 -4.84719 -5.53447 -4.15992
21.8443 -4.77529 -5.45711 -4.09347
22.549 -4.70339 -5.37975 -4.02703
23.2537 -4.63148 -5.30239 -3.96058
23.9583 -4.55958 -5.22503 -3.89412
24.663 -4.48768 -5.14768 -3.82767
25.3676 -4.41577 -5.07034 -3.76121
26.0723 -4.34387 -4.99299 -3.69474
26.7769 -4.27196 -4.91565 -3.62828
27.4816 -4.20006 -4.83831 -3.56181
28.1862 -4.12816 -4.76098 -3.49534
28.8909 -4.05625 -4.68365 -3.42886
29.5956 -3.98435 -4.60632 -3.36238
30.3002 -3.91245 -4.529 -3.29589
31.0049 -3.84054 -4.45168 -3.2294
31.7095 -3.76864 -4.37437 -3.16291
32.4142 -3.69674 -4.29706 -3.09641
33.1188 -3.62483 -4.21976 -3.02991
33.8235 -3.55293 -4.14245 -2.96341
34.5282 -3.48103 -4.06516 -2.8969
35.2328 -3.40912 -3.98787 -2.83038
35.9375 -3.33722 -3.91058 -2.76386
36.6421 -3.26532 -3.8333 -2.69734
37.3468 -3.19341 -3.75602 -2.6308
38.0514 -3.12151 -3.67875 -2.56427
38.7561 -3.04961 -3.60148 -2.49773
39.4607 -2.9777 -3.52422 -2.43118
40.1654 -2.9058 -3.44697 -2.36463
40.8701 -2.8339 -3.36972 -2.29807
41.5747 -2.76199 -3.29248 -2.23151
42.2794 -2.69009 -3.21524 -2.16494
42.984 -2.61819 -3.13801 -2.09836
43.6887 -2.54628 -3.06079 -2.03177
44.3933 -2.47438 -2.98357 -1.96518
45.098 -2.40248 -2.90636 -1.89859
45.8027 -2.33057 -2.82916 -1.83198
46.5073 -2.25867 -2.75197 -1.76537
47.212 -2.18677 -2.67478 -1.69875
47.9166 -2.11486 -2.59761 -1.63212
48.6213 -2.04296 -2.52044 -1.56548
49.3259 -1.97105 -2.44327 -1.49883
50.0306 -1.89915 -2.36612 -1.43218
50.7352 -1.82725 -2.28898 -1.36552
51.4399 -1.75534 -2.21185 -1.29884
52.1446 -1.68344 -2.13472 -1.23216
52.8492 -1.61154 -2.05761 -1.16546
53.5539 -1.53963 -1.98051 -1.09876
54.2585 -1.46773 -1.90342 -1.03205
54.9632 -1.39583 -1.82634 -0.965318
55.6678 -1.32392 -1.74927 -0.89858
56.3725 -1.25202 -1.67221 -0.831829
57.0772 -1.18012 -1.59517 -0.765066
57.7818 -1.10821 -1.51814 -0.698289
58.4865 -1.03631 -1.44112 -0.631499
59.1911 -0.964407 -1.36412 -0.564694
59.8958 -0.892503 -1.28713 -0.497875
60.6004 -0.8206 -1.21016 -0.43104
61.3051 -0.748696 -1.1332 -0.36419
62.0097 -0.676793 -1.05626 -0.297323
62.7144 -0.604889 -0.979341 -0.230438
63.4191 -0.532986 -0.902436 -0.163536
64.1237 -0.461083 -0.82555 -0.096615
64.8284 -0.389179 -0.748684 -0.0296747
65.533 -0.317276 -0.671837 0.037286
66.2377 -0.245372 -0.595012 0.104268
66.9423 -0.173469 -0.518209 0.171272
67.647 -0.101565 -0.441429 0.238298
68.3517 -0.029662 -0.364673 0.305349
69.0563 0.0422415 -0.287942 0.372425
69.761 0.114145 -0.211237 0.439527
70.4656 0.186048 -0.134559 0.506656
71.1703 0.257952 -0.0579104 0.573814
71.8749 0.329855 0.0187087 0.641002
72.5796 0.401759 0.0952966 0.708221
73.2842 0.473662 0.171852 0.775472
73.9889 0.545566 0.248373 0.842758
74.6936 0.617469 0.324858 0.91008
75.3982 0.689372 0.401305 0.97744
76.1029 0.761276 0.477713 1.04484
76.8075 0.833179 0.55408 1.11228
77.5122 0.905083 0.630403 1.17976
78.2168 0.976986 0.706681 1.24729
78.9215 1.04889 0.782912 1.31487
79.6262 1.12079 0.859092 1.38249
80.3308 1.1927 0.93522 1.45017
81.0355 1.2646 1.01129 1.51791
81.7401 1.3365 1.08731 1.5857
82.4448 1.40841 1.16326 1.65355
83.1494 1.48031 1.23915 1.72147
83.8541 1.55221 1.31497 1.78945
84.5587 1.62412 1.39073 1.85751
85.2634 1.69602 1.4664 1.92564
85.9681 1.76792 1.542 1.99384
86.6727 1.83983 1.61752 2.06213
87.3774 1.91173 1.69296 2.13051
88.082 1.98363 1.7683 2.19897
88.7867 2.05554 1.84355 2.26753
89.4913 2.12744 1.9187 2.33618
90.196 2.19934 1.99374 2.40495
90.9007 2.27125 2.06868 2.47381
91.6053 2.34315 2.14351 2.5428
92.31 2.41505 2.21821 2.6119
93.0146 2.48696 2.2928 2.68112
93.7193 2.55886 2.36725 2.75047
94.4239 2.63077 2.44157 2.81996
95.1286 2.70267 2.51575 2.88958
95.8332 2.77457 2.58979 2.95935
96.5379 2.84648 2.66368 3.02927
97.2426 2.91838 2.73741 3.09934
97.9472 2.99028 2.81099 3.16958
98.6519 3.06219 2.8844 3.23997
99.3565 3.13409 2.95765 3.31053
100.061 3.20599 3.03072 3.38127
100.766 3.2779 3.10362 3.45218
101.47 3.3498 3.17634 3.52326
102.175 3.4217 3.24888 3.59453
102.88 3.49361 3.32124 3.66598
103.584 3.56551 3.39341 3.73761
104.289 3.63741 3.4654 3.80943
104.994 3.70932 3.5372 3.88143
105.698 3.78122 3.60882 3.95362
106.403 3.85312 3.68026 4.02599
107.108 3.92503 3.75151 4.09854
107.812 3.99693 3.82259 4.17127
108.517 4.06883 3.89348 4.24418
109.222 4.14074 3.96421 4.31727
109.926 4.21264 4.03476 4.39053
110.631 4.28454 4.10514 4.46395
111.336 4.35645 4.17536 4.53754
112.04 4.42835 4.24542 4.61128
112.745 4.50025 4.31533 4.68518
113.45 4.57216 4.38509 4.75923
114.154 4.64406 4.4547 4.83342
114.859 4.71596 4.52418 4.90775
115.564 4.78787 4.59352 4.98221
116.268 4.85977 4.66274 5.0568
116.973 4.93168 4.73183 5.13152
117.678 5.00358 4.80081 5.20635
118.382 5.07548 4.86967 5.2813
119.087 5.14739 4.93842 5.35635
119.792 5.21929 5.00707 5.43151
120.496 5.29119 5.07562 5.50676
121.201 5.3631 5.14408 5.58211
121.906 5.435 5.21245 5.65755
122.61 5.5069 5.28073 5.73308
123.315 5.57881 5.34893 5.80868
124.019 5.65071 5.41705 5.88437
124.724 5.72261 5.4851 5.96012
125.429 5.79452 5.55308 6.03595
126.133 5.86642 5.62099 6.11185
126.838 5.93832 5.68884 6.1878
127.543 6.01023 5.75663 6.26382
128.247 6.08213 5.82436 6.3399
128.952 6.15403 5.89204 6.41603
129.657 6.22594 5.95966 6.49221
130.361 6.29784 6.02723 6.56845
131.066 6.36974 6.09476 6.64473
131.771 6.44165 6.16224 6.72106
132.475 6.51355 6.22968 6.79743
133.18 6.58545 6.29707 6.87384
133.885 6.65736 6.36443 6.95029
134.589 6.72926 6.43175 7.02677
135.294 6.80116 6.49903 7.1033
135.999 6.87307 6.56628 7.17986
136.703 6.94497 6.6335 7.25645
137.408 7.01687 6.70068 7.33307
138.113 7.08878 6.76784 7.40972
138.817 7.16068 6.83497 7.4864
139.522 7.23259 6.90207 7.5631
140.227 7.30449 6.96914 7.63984
140.931 7.37639 7.03619 7.71659
141.636 7.4483 7.10321 7.79338
142.341 7.5202 7.17022 7.87018
143.045 7.5921 7.2372 7.94701
143.75 7.66401 7.30416 8.02386
144.455 7.73591 7.3711 8.10072
145.159 7.80781 7.43801 8.17761
145.864 7.87972 7.50492 8.25452
146.568 7.95162 7.5718 8.33144
147.273 8.02352 7.63866 8.40838
147.978 8.09543 7.70551 8.48534
148.682 8.16733 7.77235 8.56231
149.387 8.23923 7.83917 8.6393
150.092 8.31114 7.90597 8.7163
150.796 8.38304 7.97276 8.79332
151.501 8.45494 8.03953 8.87035
152.206 8.52685 8.1063 8.9474
152.91 8.59875 8.17305 9.02445
153.615 8.67065 8.23979 9.10152
154.32 8.74256 8.30651 9.1786
155.024 8.81446 8.37323 9.2557
155.729 8.88636 8.43993 9.3328
156.434 8.95827 8.50662 9.40991
157.138 9.03017 8.57331 9.48704
157.843 9.10207 8.63998 9.56417
158.548 9.17398 8.70664 9.64131
159.252 9.24588 8.7733 9.71847
159.957 9.31778 8.83994 9.79563
160.662 9.38969 8.90658 9.8728
161.366 9.46159 8.97321 9.94998
162.071 9.5335 9.03983 10.0272
162.776 9.6054 9.10644 10.1044
163.48 9.6773 9.17304 10.1816
164.185 9.74921 9.23964 10.2588
164.89 9.82111 9.30623 10.336
165.594 9.89301 9.37281 10.4132
166.299 9.96492 9.43939 10.4904
167.004 10.0368 9.50596 10.5677
167.708 10.1087 9.57253 10.6449
168.413 10.1806 9.63908 10.7222
169.117 10.2525 9.70564 10.7994
169.822 10.3244 9.77218 10.8767
170.527 10.3963 9.83872 10.954
171.231 10.4682 9.90526 11.0312
171.936 10.5401 9.97179 11.1085
172.641 10.612 10.0383 11.1858
173.345 10.684 10.1048 11.2631
174.05 10.7559 10.1713 11.3404
174.755 10.8278 10.2379 11.4177
175.459 10.8997 10.3044 11.495
