# Data from DA_121108_E3.h5 stim 1
# Ratiometric estimator
# Ratiometric estimator:
#    Time    Ca (est)    Ca (se)
  270.015 0.0200514665 0.00878179375
  270.115 0.0360376916 0.0095113577
  270.215 0.0409825545 0.00973304389
  270.315 0.0232404663 0.00908349707
  270.415 0.039283036 0.010023509
  270.515 0.0360455955 0.00903622363
  270.615 0.0313624044 0.00885896893
  270.715 0.0162810765 0.00841035826
  270.815 0.0191083713 0.00891030668
  270.915 0.0191083561 0.00869710325
  271.015 0.0176654972 0.00915462199
  271.115 0.0470131032 0.0102862198
  271.215 0.0313753648 0.00916700619
  271.315 0.024839802 0.00910014699
  271.415 0.0243970405 0.00902113323
  271.515 0.0449439 0.0101739578
  271.615 0.0640496921 0.0119577512
  271.715 0.0745153696 0.0120679828
  271.815 0.0640467792 0.0118071283
  271.915 0.0796221896 0.0122638998
  272.015 0.0560730547 0.0115845636
  272.115 0.0469852852 0.0103551072
  272.215 0.0426559884 0.010283377
  272.315 0.0391115036 0.00965362524
  272.415 0.039332848 0.00946950937
  272.515 0.0410869328 0.00979922991
  272.615 0.0425564012 0.0102990146
  272.715 0.0451406843 0.0102224375
  272.815 0.0390928604 0.00990574245
  272.915 0.0540368422 0.0102752915
  273.015 0.0402252582 0.00959835378
  273.115 0.0295233202 0.00921044352
  273.215 0.0343839246 0.00975480547
  273.315 0.0363432485 0.00951019321
  273.415 0.0209212278 0.00882525476
  273.515 0.0454738163 0.0100251678
  273.615 0.0326177991 0.00918045735
  273.715 0.0477960623 0.00990955121
  273.815 0.0534131841 0.0100959965
  273.915 0.0418814989 0.00989073994
  274.015 0.0448635688 0.00994097797
  274.115 0.0421111015 0.00995370675
  274.215 0.0329357911 0.00937284786
  274.315 0.0360608111 0.00945575692
  274.415 0.0167645436 0.00826422969
  274.515 0.0239743876 0.00854802183
  274.615 0.0293149384 0.00902470211
  274.715 0.0512837026 0.00989745362
  274.815 0.0332122285 0.00964682002
  274.915 0.0332584234 0.00916816527
  275.015 0.0338021073 0.00873186278
  275.115 0.0311194152 0.00915465166
  275.215 0.0246113836 0.00864265404
  275.315 0.0376095577 0.00909808455
  275.415 0.0260383728 0.00926408508
  275.515 0.046227857 0.00957954919
  275.615 0.0284941293 0.00898071876
  275.715 0.0217646858 0.00894616662
  275.815 0.0268167851 0.00854192868
  275.915 0.0301501326 0.00893761487
  276.015 0.0158614373 0.00830570541
  276.115 0.0290697895 0.0088463272
  276.215 0.0233209781 0.00857628221
  276.315 0.0459940172 0.00971649197
  276.415 0.0341578413 0.00888703069
  276.515 0.0217442455 0.00856394867
  276.615 0.0245618807 0.00834325973
  276.715 0.0466254699 0.00959088639
  276.815 0.035017321 0.00894701547
  276.915 0.0258296096 0.00835925211
  277.015 0.0260490439 0.00907226218
  277.115 0.0191102263 0.00832177482
  277.615 0.0322058675 0.00882488136
  277.715 0.0417470695 0.00967335684
  277.815 0.0346748063 0.00889640963
  277.915 0.0402002633 0.00937158262
  278.015 0.0315116509 0.0092592461
  278.115 0.0195339728 0.0084179838
  278.215 0.0183769081 0.0082543366
  278.315 0.0187846996 0.00847446941
  278.415 0.0239080395 0.00860485676
  278.515 0.0439366321 0.0096974087
  278.615 0.0319846572 0.00921158375
  278.715 0.0382131483 0.00908891534
  278.815 0.0218461915 0.00844367478
  278.915 0.0173423189 0.00820644484
  279.015 0.0286735555 0.00887818955
  279.115 0.0254740418 0.00855378969
  279.215 0.0370443873 0.00892655165
  279.315 0.0179468234 0.00820545076
  279.415 0.0320377226 0.00887073572
  279.515 0.014102493 0.00792297766
  279.615 0.0259842715 0.00820926548
  279.715 0.0120766139 0.00785100968
  279.815 0.0255729767 0.00838995438
  279.915 0.0201303453 0.00856587675
  280.015 0.0421897635 0.00935696394
  280.115 0.0387659374 0.00907066772
  280.215 0.0173247924 0.0078283425
  280.315 0.0185743245 0.0080751644
  280.415 0.0204383744 0.00792929622
  280.515 0.0258964159 0.00833890592
  280.615 0.0427870232 0.00927941673
  280.715 0.0387878841 0.00921003149
  280.815 0.0264208707 0.00877220218
  280.915 0.0378343709 0.00898289918
  281.015 0.0411547465 0.00927878617
  281.115 0.0217632002 0.00809715387
  281.215 0.0358925498 0.00929877829
  281.315 0.0313236712 0.00855169935
  281.415 0.0330251151 0.00949330051
  281.515 0.0136316102 0.0077244828
  281.615 0.0441348455 0.00919585986
  281.715 0.0241115239 0.00819464077
  281.815 0.0369184571 0.00918279895
  281.915 0.0258135064 0.00817654561
  282.015 0.0474170288 0.0095764133
  282.115 0.0276494065 0.00877670668
  282.215 0.0223509737 0.00820187163
  282.315 0.0359286701 0.0089550158
  282.415 0.0271334124 0.00827772891
  282.515 0.0322202322 0.00891545345
  282.615 0.0179939433 0.00819408134
  282.715 0.023550781 0.00818696083
  282.815 0.0216188018 0.00816260327
  282.915 0.0225996931 0.00814771712
  283.015 0.0186352498 0.00806228941
  283.115 0.0269840324 0.00797826766
  283.215 0.0236841516 0.00816146375
  283.315 0.0246529146 0.00825748181
  283.415 0.037897605 0.00897450827
  283.515 0.0201890677 0.00776691101
  283.615 0.0368825365 0.00892267484
  283.715 0.0484822675 0.00941931967
  283.815 0.026581584 0.0082438881
  283.915 0.0259163972 0.00813993668
  284.015 0.0258231067 0.00799607122
  284.115 0.0272845745 0.00823903186
  284.215 0.0300552412 0.00806709266
  284.315 0.0138048506 0.00806517732
  284.415 0.0212197475 0.00807627109
  284.515 0.0246787975 0.00812579689
  284.615 0.0190453433 0.00798031439
  284.715 0.0231393153 0.00797752315
  284.815 0.0248039735 0.00822007245
  284.915 0.0279963115 0.00835408829
  285.015 0.0282237435 0.0084882519
  285.115 0.0265369654 0.00827349763
  285.215 0.0261590663 0.00777659278
  285.315 0.0270396829 0.00846375826
  285.415 0.0357119091 0.00862605082
  285.515 0.0310085909 0.00842273573
  285.615 0.0322229792 0.00844383552
  285.715 0.0365994385 0.00848570484
  285.815 0.0305659091 0.00840735421
  285.915 0.0276382571 0.00812989524
  286.015 0.0149392169 0.00753059949
  286.115 0.0395164272 0.00840147414
  286.215 0.0370970202 0.00857552242
  286.315 0.0162159625 0.00753232154
  286.415 0.0347500974 0.00871795062
  286.515 0.0280372651 0.00840425417
  286.615 0.033858521 0.00809989551
  286.715 0.0214842554 0.00807018746
  286.815 0.0406025594 0.00907859576
  286.915 0.0298621024 0.008244778
  287.015 0.0354259409 0.00823182649
  287.115 -0.00144646702 0.00689808363
  287.215 0.0337522768 0.00861489613
  287.315 0.0170315653 0.00755004111
  287.415 0.0378880912 0.00861987383
  287.515 0.0290180996 0.00841802912
  287.615 0.0400068994 0.00894332212
  287.715 0.0215698776 0.00778050053
  287.815 0.017729371 0.00802766143
  287.915 0.00995985217 0.00741306843
  288.015 0.0327510031 0.00866016715
  288.115 0.0332510888 0.00820475458
  288.215 0.0275866078 0.00806747875
  288.315 0.0173155259 0.0076266146
  288.415 0.0298049826 0.00809862096
  288.515 0.0187015001 0.00752850637
  288.615 0.0339176137 0.00858971249
  288.715 0.0391384881 0.00888767013
  288.815 0.021367255 0.00799858212
  288.915 0.0322951022 0.00822633422
  289.015 0.0431007094 0.00894422596
  289.115 0.0268336865 0.00805534408
  289.215 0.0287940971 0.00818426088
  289.315 0.0361033569 0.00824300265
  289.415 0.0281352967 0.00804447008
  289.515 0.0281021463 0.00752271331
  289.615 0.0240623315 0.00788974489
  289.715 0.0216858475 0.00769572549
  289.815 0.0373967476 0.00859441164
  289.915 0.0266045687 0.00809879046
  290.015 0.0324075005 0.00828142479
  290.115 0.026331083 0.0078945865
  290.215 0.0445274937 0.00851848475
  290.315 0.0126287109 0.00732093351


