# Data from DA_121108_E1.h5 stim 4
# Ratiometric estimator
# Ratiometric estimator:
#    Time    Ca (est)    Ca (se)
 1996.888 0.0792120592 0.00212539833
 1997.088 0.0822409305 0.00217813533
 1997.288 0.0877597616 0.00224589877
 1997.488 0.0809012304 0.00217052995
 1997.688 0.0823801461 0.00216859257
 1997.888 0.0824655385 0.00217440682
 1998.088 0.0799954615 0.00212898629
 1998.288 0.0809993801 0.00214933391
 1998.488 0.0908078168 0.00228389212
 1998.688 0.101640246 0.00244040588
 1998.888 0.106463739 0.00254182918
 1999.088 0.107628448 0.00253460826
 1999.288 0.110404574 0.00256857679
 1999.488 0.110790403 0.0025745748
 1999.688 0.107964577 0.00253602303
 1999.888 0.108791193 0.00258014808
 2000.088 0.111859513 0.00259833731
 2000.288 0.111972672 0.00258176133
 2000.488 0.106033433 0.00253265521
 2000.688 0.104668212 0.0024820391
 2000.888 0.10403567 0.00250211445
 2001.088 0.101340576 0.00250176798
 2001.288 0.109660311 0.0025485474
 2001.488 0.105513262 0.0024927652
 2001.688 0.102593815 0.00246243883
 2001.888 0.102872209 0.00249539831
 2002.088 0.100652378 0.00248509323
 2002.288 0.0979860787 0.00240437142
 2002.488 0.0983537969 0.00239706698
 2002.688 0.0989828445 0.00242472604
 2002.888 0.0965573737 0.0023775711
 2003.088 0.097322903 0.00239834183
 2003.288 0.0977242648 0.00237941704
 2003.488 0.100822015 0.00244652322
 2003.688 0.0949879657 0.00238872191
 2003.888 0.0952852759 0.00233411244
 2004.088 0.0910534079 0.00231962915
 2004.288 0.0923675714 0.00229948425
 2004.488 0.0945529131 0.00233388639
 2004.688 0.0947654719 0.00236574695
 2004.888 0.0949488857 0.0023528304
 2005.088 0.0938385169 0.00232723685
 2005.288 0.0898148683 0.00230208839
 2005.488 0.095897216 0.00236156841
 2005.688 0.0923803733 0.00232295226
 2005.888 0.0912602464 0.00230779626
 2006.088 0.0908497756 0.00230608775
 2006.288 0.0882958871 0.00222938775
 2006.488 0.092610109 0.00230041322
 2006.688 0.0876062919 0.00223222585
 2006.888 0.0895138477 0.00226869182
 2007.088 0.088252869 0.00221394486
 2007.288 0.0899383893 0.00227340285
 2007.488 0.0847160797 0.00217360994
 2007.688 0.0863454578 0.00224947138
 2007.888 0.0880563137 0.00223614705
 2008.088 0.0870332497 0.0022604989
 2008.288 0.0842464881 0.00218938661
 2008.488 0.0865455966 0.0022058557
 2008.688 0.0885131527 0.00227227923
 2008.888 0.0861225699 0.00225701627
 2009.088 0.0898681489 0.00226002162
 2009.288 0.0867269414 0.00224615276
 2009.488 0.0840176609 0.00219927886
 2009.688 0.0829878138 0.00215368981
 2009.888 0.0820880933 0.00217379148
 2010.088 0.0845477544 0.00220256838
 2010.288 0.0868606622 0.00225499043
 2010.488 0.0817449514 0.00215306675
 2010.688 0.08229467 0.00215577045
 2010.888 0.0837262935 0.00220006605
 2011.088 0.0839609286 0.00221219852
 2011.288 0.0821594228 0.00218989569
 2011.488 0.0805374682 0.00216510621
 2011.688 0.0836805757 0.00221586634
 2011.888 0.0848553067 0.00217504654
 2012.088 0.0839485799 0.00218206247
 2012.288 0.0808842289 0.00214480806
 2012.488 0.0812854635 0.00213801689
 2012.688 0.0894665891 0.00227342723
 2012.888 0.0791892905 0.00213528667
 2013.088 0.0842688325 0.00220576179
 2013.288 0.0855400405 0.00221819206
 2013.488 0.0799371189 0.00213146169
 2013.688 0.0838153885 0.0021540876
 2013.888 0.0777678607 0.00213093484
 2014.088 0.0840494235 0.00218763666
 2014.288 0.0787304507 0.00212253729
 2014.488 0.0810103123 0.00215601138
 2014.688 0.0826365478 0.00217560256
 2014.888 0.0787123084 0.00211947465
 2015.088 0.0823189486 0.00215718414
 2015.288 0.08528942 0.00220160679
 2015.488 0.0791434654 0.00212607862
 2015.688 0.0819860913 0.00211931929
 2015.888 0.0803264572 0.00215014151
 2016.088 0.0797318158 0.00210967537
 2016.288 0.0810438644 0.00216722481
 2016.488 0.0797442848 0.00212556347
 2016.688 0.0822073189 0.00216624883
 2016.888 0.0806869356 0.00213807649
 2017.088 0.0797745818 0.0020942542
 2017.288 0.0764906016 0.00207604052
 2017.488 0.0788712381 0.00210131117
 2017.688 0.0781343879 0.00211448073
 2017.888 0.0777919425 0.0021005148
 2018.088 0.0806548165 0.00215271999
 2018.288 0.0805783734 0.00215627775
 2018.488 0.0786262653 0.00210870765
 2018.688 0.0810009766 0.00216719246
 2018.888 0.0800501437 0.00213289454
 2019.088 0.07989036 0.00211599106
 2019.288 0.0753232819 0.00211294742
 2019.488 0.0779827581 0.00210259916
 2019.688 0.0769633875 0.00209410644
 2019.888 0.0778390218 0.00208753508
 2020.088 0.0800097805 0.00213774626
 2020.288 0.0786974911 0.00213628281
 2020.488 0.0751660148 0.00204965067
 2020.688 0.0746064615 0.00205772289
 2020.888 0.0786459673 0.00212272001
 2021.088 0.0768413785 0.00211903181
 2021.288 0.0809750484 0.00215656717
 2021.488 0.0783556356 0.00210055895
 2021.688 0.0713485523 0.00199565837
 2021.888 0.0743640188 0.00206806152
 2022.088 0.0782963367 0.00213117359
 2022.288 0.0743958674 0.00205167662
 2022.488 0.0779487754 0.00210155498
 2022.688 0.0788311844 0.00207923203
 2022.888 0.0759334794 0.00211006331
 2023.088 0.0742613046 0.00202137086
 2023.288 0.0778526321 0.00211119563
 2023.488 0.0731801559 0.00207274423
 2023.688 0.0762261822 0.00211857185
 2023.888 0.0738256532 0.00206301856
 2024.088 0.079359234 0.00209766353
 2024.288 0.0754596552 0.00203244441
 2024.488 0.0766285247 0.00205556207
 2024.688 0.0739621815 0.00204230394
 2024.888 0.073753357 0.00203414864
 2025.088 0.0814039719 0.00213777397
 2025.288 0.0740830789 0.00203707899
 2025.488 0.0743102731 0.00202105695
 2025.688 0.0770539666 0.00206617997
 2025.888 0.0765972351 0.00206865762
 2026.088 0.0774682256 0.00210738783
 2026.288 0.0720507044 0.00200315691
 2026.488 0.078670176 0.00212425173
 2026.688 0.0741822448 0.0021005743
 2026.888 0.0787512667 0.00211528214
 2027.088 0.0739501242 0.00203301482
 2027.288 0.0747029435 0.00202739671
 2027.488 0.07693215 0.00207081839
 2027.688 0.0748978836 0.00205153712
 2027.888 0.0740610805 0.00200841691
 2028.088 0.0772395423 0.0020920034
 2028.288 0.0758664097 0.00205455779
 2028.488 0.0786176506 0.0021411425
 2028.688 0.0769220031 0.00208038835
 2028.888 0.0772664201 0.00211591477
 2029.088 0.0781958031 0.00206937906
 2029.288 0.0759590555 0.00206000958
 2029.488 0.0752774793 0.00205304919
 2029.688 0.070991238 0.00199216587
 2029.888 0.0756532293 0.00209269024
 2030.088 0.0755803674 0.00206395172
 2030.288 0.0751933635 0.0020664367
 2030.488 0.07589795 0.0020630692
 2030.688 0.0710204214 0.00201710265
 2030.888 0.0760382915 0.00206800452
 2031.088 0.0762740062 0.00207596927
 2031.288 0.0803070944 0.00212007496
 2031.488 0.0772917235 0.00207518915
 2031.688 0.0722845937 0.00205465506
 2031.888 0.0751979455 0.00205568306
 2032.088 0.0739583842 0.00205392272
 2032.288 0.0776793169 0.00209881342
 2032.488 0.0694886729 0.00198423519
 2032.688 0.073693107 0.00203123488
 2032.888 0.0745271255 0.00205433875
 2033.088 0.0734739294 0.00202732554
 2033.288 0.076593421 0.00207537722
 2033.488 0.0764303442 0.00210014895
 2033.688 0.0772326811 0.00208833761
 2033.888 0.0749190108 0.00205029974
 2034.088 0.0765384206 0.00207867118
 2034.288 0.0741398165 0.00202977104
 2034.488 0.0769034981 0.00206791549
 2034.688 0.0784319019 0.0020756192
 2034.888 0.0776633048 0.00210219289
 2035.088 0.0760339669 0.00206922314
 2035.288 0.0769578027 0.00207846691
 2035.488 0.0773086 0.00212481787
 2035.688 0.0771555174 0.00207515014
 2035.888 0.0758433955 0.00206500135
 2036.088 0.0729180185 0.00203714896
 2036.288 0.0741612127 0.00203601896
 2036.488 0.0740134546 0.00204080733
 2036.688 0.0755932608 0.00207514687


