# τ vs mean κ linear regression for data set DA_121108_E1.h5
# Using stimulation: 1, 2, 3
# Best fit: tau = 0.529794 + 0.0176248 kappa_Fura
# Covariance matrix:
# [ +1.78187e-01, -1.32864e-03  
#   -1.32864e-03, +1.10700e-05  ]
# Total sum of squares (TSS) = 44.193
# chisq (Residual sum of squares, RSS) = 16.1321
# Probability of observing a larger of equal RSS per DOF under the null hypothesis: 5.90729e-05
# R squared (1-RSS/TSS) = 0.634962
# Estimated gamma/v with standard error: 56.7382 +/- 10.7109
# Estimates kappa_S with standard error (using error propagation): 29.0596 +/- 24.6135
# kappa_S confidence intervals based on parametric bootstrap
# 0.95 CI for kappa_S: [-13.5835,120.546]
# 0.99 CI for kappa_S: [-22.0695,183.558]


# The data
# κ_Fura  τ   τ_SE
77.163 1.99378 0.199313
154.974 2.92963 0.197633
189.677 6.09501 0.615253


# The fitted data
# Preticted values with lower and upper bounds of 0.95 CI
# κ_Fura  τ   τ_lwr  τ_upr
-37.3245 -0.128042 -1.1886 0.932516
-36.3786 -0.11137 -1.16596 0.943221
-35.4326 -0.0946983 -1.14333 0.953929
-34.4867 -0.0780263 -1.12069 0.964638
-33.5407 -0.0613542 -1.09806 0.97535
-32.5948 -0.0446822 -1.07543 0.986065
-31.6489 -0.0280102 -1.0528 0.996782
-30.7029 -0.0113381 -1.03018 1.0075
-29.757 0.00533391 -1.00756 1.01822
-28.811 0.0220059 -0.984937 1.02895
-27.8651 0.038678 -0.96232 1.03968
-26.9191 0.05535 -0.939706 1.05041
-25.9732 0.0720221 -0.917095 1.06114
-25.0273 0.0886941 -0.894487 1.07188
-24.0813 0.105366 -0.871881 1.08261
-23.1354 0.122038 -0.849279 1.09336
-22.1894 0.13871 -0.82668 1.1041
-21.2435 0.155382 -0.804083 1.11485
-20.2975 0.172054 -0.78149 1.1256
-19.3516 0.188726 -0.7589 1.13635
-18.4057 0.205398 -0.736313 1.14711
-17.4597 0.22207 -0.713729 1.15787
-16.5138 0.238742 -0.691149 1.16863
-15.5678 0.255414 -0.668572 1.1794
-14.6219 0.272087 -0.645998 1.19017
-13.676 0.288759 -0.623428 1.20095
-12.73 0.305431 -0.600862 1.21172
-11.7841 0.322103 -0.578299 1.2225
-10.8381 0.338775 -0.55574 1.23329
-9.89218 0.355447 -0.533185 1.24408
-8.94624 0.372119 -0.510634 1.25487
-8.0003 0.388791 -0.488087 1.26567
-7.05435 0.405463 -0.465544 1.27647
-6.10841 0.422135 -0.443005 1.28727
-5.16247 0.438807 -0.42047 1.29808
-4.21653 0.455479 -0.39794 1.3089
-3.27059 0.472151 -0.375414 1.31972
-2.32464 0.488823 -0.352892 1.33054
-1.3787 0.505495 -0.330375 1.34137
-0.432759 0.522167 -0.307863 1.3522
0.513184 0.538839 -0.285355 1.36303
1.45913 0.555511 -0.262853 1.37388
2.40507 0.572183 -0.240355 1.38472
3.35101 0.588855 -0.217863 1.39557
4.29695 0.605527 -0.195375 1.40643
5.2429 0.622199 -0.172893 1.41729
6.18884 0.638871 -0.150417 1.42816
7.13478 0.655543 -0.127946 1.43903
8.08072 0.672215 -0.105481 1.44991
9.02666 0.688887 -0.0830211 1.4608
9.97261 0.70556 -0.0605676 1.47169
10.9185 0.722232 -0.0381202 1.48258
11.8645 0.738904 -0.015679 1.49349
12.8104 0.755576 0.00675584 1.5044
13.7564 0.772248 0.0291841 1.51531
14.7023 0.78892 0.0516058 1.52623
15.6483 0.805592 0.0740206 1.53716
16.5942 0.822264 0.0964284 1.5481
17.5401 0.838936 0.118829 1.55904
18.4861 0.855608 0.141222 1.56999
19.432 0.87228 0.163608 1.58095
20.378 0.888952 0.185986 1.59192
21.3239 0.905624 0.208357 1.60289
22.2699 0.922296 0.230719 1.61387
23.2158 0.938968 0.253073 1.62486
24.1617 0.95564 0.275418 1.63586
25.1077 0.972312 0.297755 1.64687
26.0536 0.988984 0.320083 1.65789
26.9996 1.00566 0.342401 1.66891
27.9455 1.02233 0.364711 1.67995
28.8915 1.039 0.38701 1.69099
29.8374 1.05567 0.4093 1.70204
30.7833 1.07234 0.43158 1.71311
31.7293 1.08902 0.453849 1.72418
32.6752 1.10569 0.476107 1.73527
33.6212 1.12236 0.498355 1.74637
34.5671 1.13903 0.520591 1.75747
35.513 1.1557 0.542816 1.76859
36.459 1.17238 0.565029 1.77972
37.4049 1.18905 0.58723 1.79087
38.3509 1.20572 0.609418 1.80202
39.2968 1.22239 0.631593 1.81319
40.2428 1.23906 0.653755 1.82437
41.1887 1.25574 0.675903 1.83557
42.1346 1.27241 0.698037 1.84678
43.0806 1.28908 0.720157 1.858
44.0265 1.30575 0.742262 1.86924
44.9725 1.32242 0.764352 1.8805
45.9184 1.3391 0.786426 1.89177
46.8644 1.35577 0.808483 1.90305
47.8103 1.37244 0.830524 1.91436
48.7562 1.38911 0.852548 1.92568
49.7022 1.40579 0.874554 1.93702
50.6481 1.42246 0.896542 1.94837
51.5941 1.43913 0.918511 1.95975
52.54 1.4558 0.940461 1.97114
53.486 1.47247 0.96239 1.98256
54.4319 1.48915 0.984299 1.99399
55.3778 1.50582 1.00619 2.00545
56.3238 1.52249 1.02805 2.01693
57.2697 1.53916 1.0499 2.02843
58.2157 1.55583 1.07172 2.03995
59.1616 1.57251 1.09351 2.0515
60.1075 1.58918 1.11528 2.06307
61.0535 1.60585 1.13703 2.07467
61.9994 1.62252 1.15875 2.0863
62.9454 1.63919 1.18044 2.09795
63.8913 1.65587 1.2021 2.10963
64.8373 1.67254 1.22373 2.12134
65.7832 1.68921 1.24534 2.13308
66.7291 1.70588 1.26691 2.14486
67.6751 1.72255 1.28845 2.15666
68.621 1.73923 1.30995 2.1685
69.567 1.7559 1.33142 2.18037
70.5129 1.77257 1.35286 2.19228
71.4589 1.78924 1.37426 2.20423
72.4048 1.80591 1.39562 2.21621
73.3507 1.82259 1.41694 2.22823
74.2967 1.83926 1.43822 2.2403
75.2426 1.85593 1.45946 2.2524
76.1886 1.8726 1.48065 2.26456
77.1345 1.88927 1.5018 2.27675
78.0805 1.90595 1.5229 2.28899
79.0264 1.92262 1.54395 2.30129
79.9723 1.93929 1.56495 2.31363
80.9183 1.95596 1.5859 2.32602
81.8642 1.97263 1.6068 2.33847
82.8102 1.98931 1.62764 2.35098
83.7561 2.00598 1.64842 2.36354
84.702 2.02265 1.66914 2.37616
85.648 2.03932 1.6898 2.38885
86.5939 2.05599 1.7104 2.40159
87.5399 2.07267 1.73093 2.41441
88.4858 2.08934 1.75139 2.42729
89.4318 2.10601 1.77178 2.44025
90.3777 2.12268 1.79209 2.45327
91.3236 2.13935 1.81233 2.46638
92.2696 2.15603 1.8325 2.47956
93.2155 2.1727 1.85258 2.49282
94.1615 2.18937 1.87258 2.50616
95.1074 2.20604 1.89249 2.5196
96.0534 2.22272 1.91231 2.53312
96.9993 2.23939 1.93205 2.54673
97.9452 2.25606 1.95168 2.56043
98.8912 2.27273 1.97122 2.57424
99.8371 2.2894 1.99067 2.58814
100.783 2.30608 2.01 2.60215
101.729 2.32275 2.02924 2.61626
102.675 2.33942 2.04836 2.63048
103.621 2.35609 2.06737 2.64481
104.567 2.37276 2.08627 2.65925
105.513 2.38944 2.10506 2.67381
106.459 2.40611 2.12372 2.68849
107.405 2.42278 2.14227 2.70329
108.351 2.43945 2.16069 2.71822
109.297 2.45612 2.17898 2.73327
110.242 2.4728 2.19714 2.74845
111.188 2.48947 2.21518 2.76376
112.134 2.50614 2.23308 2.7792
113.08 2.52281 2.25084 2.79478
114.026 2.53948 2.26847 2.81049
114.972 2.55616 2.28597 2.82634
115.918 2.57283 2.30332 2.84233
116.864 2.5895 2.32054 2.85846
117.81 2.60617 2.33761 2.87473
118.756 2.62284 2.35454 2.89115
119.702 2.63952 2.37133 2.9077
120.648 2.65619 2.38798 2.92439
121.594 2.67286 2.40449 2.94123
122.54 2.68953 2.42086 2.95821
123.486 2.7062 2.43708 2.97533
124.432 2.72288 2.45316 2.99259
125.378 2.73955 2.46911 3.00999
126.324 2.75622 2.48492 3.02752
127.269 2.77289 2.50059 3.0452
128.215 2.78956 2.51612 3.06301
129.161 2.80624 2.53152 3.08095
130.107 2.82291 2.54679 3.09903
131.053 2.83958 2.56193 3.11724
131.999 2.85625 2.57694 3.13557
132.945 2.87292 2.59182 3.15403
133.891 2.8896 2.60658 3.17261
134.837 2.90627 2.62122 3.19131
135.783 2.92294 2.63575 3.21014
136.729 2.93961 2.65015 3.22907
137.675 2.95628 2.66445 3.24812
138.621 2.97296 2.67863 3.26728
139.567 2.98963 2.69271 3.28655
140.513 3.0063 2.70668 3.30592
141.459 3.02297 2.72055 3.3254
142.405 3.03964 2.73432 3.34497
143.35 3.05632 2.748 3.36464
144.296 3.07299 2.76158 3.3844
145.242 3.08966 2.77507 3.40425
146.188 3.10633 2.78847 3.42419
147.134 3.12301 2.80179 3.44422
148.08 3.13968 2.81503 3.46433
149.026 3.15635 2.82818 3.48451
149.972 3.17302 2.84126 3.50478
150.918 3.18969 2.85427 3.52512
151.864 3.20637 2.8672 3.54553
152.81 3.22304 2.88006 3.56602
153.756 3.23971 2.89285 3.58657
154.702 3.25638 2.90558 3.60718
155.648 3.27305 2.91824 3.62787
156.594 3.28973 2.93084 3.64861
157.54 3.3064 2.94339 3.66941
158.486 3.32307 2.95587 3.69027
159.431 3.33974 2.9683 3.71118
160.377 3.35641 2.98068 3.73214
161.323 3.37309 2.99301 3.75316
162.269 3.38976 3.00528 3.77423
163.215 3.40643 3.01751 3.79535
164.161 3.4231 3.02969 3.81651
165.107 3.43977 3.04183 3.83772
166.053 3.45645 3.05392 3.85897
166.999 3.47312 3.06597 3.88026
167.945 3.48979 3.07798 3.9016
168.891 3.50646 3.08996 3.92297
169.837 3.52313 3.10189 3.94438
170.783 3.53981 3.11379 3.96583
171.729 3.55648 3.12565 3.98731
172.675 3.57315 3.13747 4.00883
173.621 3.58982 3.14927 4.03038
174.567 3.60649 3.16103 4.05196
175.513 3.62317 3.17276 4.07357
176.458 3.63984 3.18446 4.09521
177.404 3.65651 3.19614 4.11689
178.35 3.67318 3.20778 4.13859
179.296 3.68985 3.2194 4.16031
180.242 3.70653 3.23099 4.18207
181.188 3.7232 3.24255 4.20384
182.134 3.73987 3.25409 4.22565
183.08 3.75654 3.26561 4.24748
184.026 3.77321 3.2771 4.26933
184.972 3.78989 3.28857 4.2912
185.918 3.80656 3.30002 4.31309
186.864 3.82323 3.31145 4.33501
187.81 3.8399 3.32286 4.35695
188.756 3.85657 3.33425 4.3789
189.702 3.87325 3.34562 4.40088
190.648 3.88992 3.35697 4.42287
191.594 3.90659 3.3683 4.44488
192.539 3.92326 3.37961 4.46691
193.485 3.93994 3.39091 4.48896
194.431 3.95661 3.40219 4.51102
195.377 3.97328 3.41346 4.5331
196.323 3.98995 3.42471 4.55519
197.269 4.00662 3.43594 4.5773
198.215 4.0233 3.44716 4.59943
