# τ vs min κ linear regression for data set DA_121108_E1.h5
# Using stimulation: 1, 2, 3
# Best fit: tau = 0.676264 + 0.0171388 kappa_Fura
# Covariance matrix:
# [ +1.56689e-01, -1.20098e-03  
#   -1.20098e-03, +1.04542e-05  ]
# Total sum of squares (TSS) = 44.193
# chisq (Residual sum of squares, RSS) = 16.0955
# Probability of observing a larger of equal RSS per DOF under the null hypothesis: 6.02258e-05
# R squared (1-RSS/TSS) = 0.63579
# Estimated gamma/v with standard error: 58.3473 +/- 11.0075
# Estimates kappa_S with standard error (using error propagation): 38.4582 +/- 24.2661
# kappa_S confidence intervals based on parametric bootstrap
# 0.95 CI for kappa_S: [-5.58742,131.51]
# 0.99 CI for kappa_S: [-15.7548,186.719]


# The data
# κ_Fura  τ   τ_SE
70.7833 1.99378 0.199313
150.825 2.92963 0.197633
186.704 6.09501 0.615253


# The fitted data
# Preticted values with lower and upper bounds of 0.95 CI
# κ_Fura  τ   τ_lwr  τ_upr
-49.0727 -0.164781 -1.23784 0.908279
-48.0923 -0.147978 -1.21502 0.919067
-47.1118 -0.131174 -1.19221 0.929858
-46.1314 -0.11437 -1.16939 0.940651
-45.151 -0.0975668 -1.14658 0.951447
-44.1705 -0.0807631 -1.12377 0.962245
-43.1901 -0.0639594 -1.10096 0.973045
-42.2096 -0.0471558 -1.07816 0.983848
-41.2292 -0.0303521 -1.05536 0.994654
-40.2487 -0.0135485 -1.03256 1.00546
-39.2683 0.0032552 -1.00976 1.01627
-38.2878 0.0200589 -0.986968 1.02709
-37.3074 0.0368625 -0.964177 1.0379
-36.3269 0.0536662 -0.941388 1.04872
-35.3465 0.0704698 -0.918603 1.05954
-34.366 0.0872735 -0.89582 1.07037
-33.3856 0.104077 -0.87304 1.08119
-32.4051 0.120881 -0.850263 1.09202
-31.4247 0.137684 -0.827489 1.10286
-30.4442 0.154488 -0.804718 1.11369
-29.4638 0.171292 -0.781951 1.12453
-28.4833 0.188095 -0.759186 1.13538
-27.5029 0.204899 -0.736425 1.14622
-26.5224 0.221703 -0.713667 1.15707
-25.542 0.238506 -0.690913 1.16793
-24.5615 0.25531 -0.668162 1.17878
-23.5811 0.272114 -0.645414 1.18964
-22.6006 0.288917 -0.62267 1.20051
-21.6202 0.305721 -0.59993 1.21137
-20.6397 0.322525 -0.577194 1.22224
-19.6593 0.339328 -0.554461 1.23312
-18.6789 0.356132 -0.531732 1.244
-17.6984 0.372936 -0.509007 1.25488
-16.718 0.389739 -0.486287 1.26577
-15.7375 0.406543 -0.46357 1.27666
-14.7571 0.423347 -0.440858 1.28755
-13.7766 0.44015 -0.418149 1.29845
-12.7962 0.456954 -0.395446 1.30935
-11.8157 0.473758 -0.372746 1.32026
-10.8353 0.490561 -0.350052 1.33117
-9.85482 0.507365 -0.327362 1.34209
-8.87437 0.524169 -0.304677 1.35301
-7.89392 0.540972 -0.281996 1.36394
-6.91348 0.557776 -0.259321 1.37487
-5.93303 0.57458 -0.236651 1.38581
-4.95258 0.591383 -0.213985 1.39675
-3.97213 0.608187 -0.191326 1.4077
-2.99168 0.624991 -0.168671 1.41865
-2.01123 0.641794 -0.146023 1.42961
-1.03079 0.658598 -0.12338 1.44058
-0.0503382 0.675402 -0.100742 1.45155
0.93011 0.692205 -0.0781109 1.46252
1.91056 0.709009 -0.0554856 1.4735
2.89101 0.725813 -0.0328666 1.48449
3.87145 0.742616 -0.0102539 1.49549
4.8519 0.75942 0.0123523 1.50649
5.83235 0.776224 0.0349518 1.5175
6.8128 0.793027 0.0575445 1.52851
7.79325 0.809831 0.0801303 1.53953
8.7737 0.826635 0.102709 1.55056
9.75414 0.843438 0.12528 1.5616
10.7346 0.860242 0.147844 1.57264
11.715 0.877045 0.1704 1.58369
12.6955 0.893849 0.192948 1.59475
13.6759 0.910653 0.215488 1.60582
14.6564 0.927456 0.23802 1.61689
15.6368 0.94426 0.260544 1.62798
16.6173 0.961064 0.283058 1.63907
17.5977 0.977867 0.305564 1.65017
18.5782 0.994671 0.328061 1.66128
19.5586 1.01147 0.350548 1.6724
20.5391 1.02828 0.373026 1.68353
21.5195 1.04508 0.395494 1.69467
22.5 1.06189 0.417952 1.70582
23.4804 1.07869 0.440399 1.71698
24.4609 1.09549 0.462835 1.72815
25.4413 1.1123 0.485261 1.73933
26.4218 1.1291 0.507676 1.75053
27.4022 1.1459 0.530078 1.76173
28.3827 1.16271 0.552469 1.77295
29.3631 1.17951 0.574848 1.78417
30.3436 1.19632 0.597214 1.79542
31.324 1.21312 0.619567 1.80667
32.3045 1.22992 0.641907 1.81794
33.2849 1.24673 0.664234 1.82922
34.2653 1.26353 0.686546 1.84051
35.2458 1.28033 0.708844 1.85182
36.2262 1.29714 0.731127 1.86315
37.2067 1.31394 0.753394 1.87449
38.1871 1.33074 0.775646 1.88584
39.1676 1.34755 0.797882 1.89721
40.148 1.36435 0.820101 1.9086
41.1285 1.38116 0.842302 1.92001
42.1089 1.39796 0.864486 1.93143
43.0894 1.41476 0.886652 1.94287
44.0698 1.43157 0.908799 1.95433
45.0503 1.44837 0.930926 1.96581
46.0307 1.46517 0.953033 1.97731
47.0112 1.48198 0.97512 1.98883
47.9916 1.49878 0.997185 2.00038
48.9721 1.51558 1.01923 2.01194
49.9525 1.53239 1.04125 2.02353
50.933 1.54919 1.06325 2.03514
51.9134 1.566 1.08522 2.04677
52.8939 1.5828 1.10717 2.05843
53.8743 1.5996 1.12909 2.07012
54.8548 1.61641 1.15099 2.08183
55.8352 1.63321 1.17285 2.09357
56.8157 1.65001 1.19469 2.10534
57.7961 1.66682 1.2165 2.11713
58.7766 1.68362 1.23828 2.12896
59.757 1.70042 1.26003 2.14082
60.7374 1.71723 1.28175 2.15271
61.7179 1.73403 1.30343 2.16464
62.6983 1.75084 1.32508 2.1766
63.6788 1.76764 1.34669 2.18859
64.6592 1.78444 1.36826 2.20062
65.6397 1.80125 1.3898 2.2127
66.6201 1.81805 1.41129 2.22481
67.6006 1.83485 1.43275 2.23696
68.581 1.85166 1.45416 2.24916
69.5615 1.86846 1.47553 2.2614
70.5419 1.88527 1.49685 2.27368
71.5224 1.90207 1.51812 2.28601
72.5028 1.91887 1.53935 2.2984
73.4833 1.93568 1.56052 2.31083
74.4637 1.95248 1.58164 2.32331
75.4442 1.96928 1.60271 2.33585
76.4246 1.98609 1.62372 2.34845
77.4051 2.00289 1.64468 2.36111
78.3855 2.01969 1.66557 2.37382
79.366 2.0365 1.6864 2.3866
80.3464 2.0533 1.70716 2.39944
81.3269 2.07011 1.72786 2.41235
82.3073 2.08691 1.74849 2.42533
83.2878 2.10371 1.76905 2.43838
84.2682 2.12052 1.78953 2.4515
85.2487 2.13732 1.80994 2.4647
86.2291 2.15412 1.83027 2.47798
87.2095 2.17093 1.85051 2.49134
88.19 2.18773 1.87067 2.50479
89.1704 2.20453 1.89075 2.51832
90.1509 2.22134 1.91073 2.53195
91.1313 2.23814 1.93062 2.54566
92.1118 2.25495 1.95042 2.55947
93.0922 2.27175 1.97012 2.57338
94.0727 2.28855 1.98971 2.58739
95.0531 2.30536 2.00921 2.60151
96.0336 2.32216 2.02859 2.61573
97.014 2.33896 2.04787 2.63006
97.9945 2.35577 2.06703 2.6445
98.9749 2.37257 2.08608 2.65906
99.9554 2.38937 2.10501 2.67374
100.936 2.40618 2.12382 2.68854
101.916 2.42298 2.14251 2.70346
102.897 2.43979 2.16107 2.71851
103.877 2.45659 2.1795 2.73368
104.858 2.47339 2.1978 2.74899
105.838 2.4902 2.21597 2.76442
106.819 2.507 2.234 2.78
107.799 2.5238 2.2519 2.79571
108.779 2.54061 2.26966 2.81155
109.76 2.55741 2.28728 2.82754
110.74 2.57422 2.30476 2.84367
111.721 2.59102 2.3221 2.85994
112.701 2.60782 2.33929 2.87635
113.682 2.62463 2.35634 2.89291
114.662 2.64143 2.37325 2.90961
115.643 2.65823 2.39002 2.92645
116.623 2.67504 2.40664 2.94344
117.603 2.69184 2.42311 2.96057
118.584 2.70864 2.43944 2.97784
119.564 2.72545 2.45564 2.99526
120.545 2.74225 2.47168 3.01282
121.525 2.75906 2.48759 3.03052
122.506 2.77586 2.50336 3.04835
123.486 2.79266 2.519 3.06633
124.467 2.80947 2.5345 3.08444
125.447 2.82627 2.54986 3.10268
126.427 2.84307 2.56509 3.12105
127.408 2.85988 2.5802 3.13956
128.388 2.87668 2.59517 3.15819
129.369 2.89348 2.61003 3.17694
130.349 2.91029 2.62476 3.19582
131.33 2.92709 2.63937 3.21482
132.31 2.9439 2.65386 3.23393
133.291 2.9607 2.66824 3.25316
134.271 2.9775 2.68251 3.27249
135.252 2.99431 2.69667 3.29194
136.232 3.01111 2.71073 3.31149
137.212 3.02791 2.72469 3.33114
138.193 3.04472 2.73854 3.3509
139.173 3.06152 2.7523 3.37075
140.154 3.07832 2.76596 3.39069
141.134 3.09513 2.77953 3.41072
142.115 3.11193 2.79302 3.43085
143.095 3.12874 2.80642 3.45106
144.076 3.14554 2.81973 3.47135
145.056 3.16234 2.83297 3.49172
146.036 3.17915 2.84613 3.51217
147.017 3.19595 2.85921 3.53269
147.997 3.21275 2.87222 3.55329
148.978 3.22956 2.88516 3.57396
149.958 3.24636 2.89803 3.59469
150.939 3.26317 2.91083 3.6155
151.919 3.27997 2.92358 3.63636
152.9 3.29677 2.93626 3.65729
153.88 3.31358 2.94888 3.67827
154.86 3.33038 2.96144 3.69931
155.841 3.34718 2.97395 3.72041
156.821 3.36399 2.98641 3.74156
157.802 3.38079 2.99881 3.76277
158.782 3.39759 3.01117 3.78402
159.763 3.4144 3.02348 3.80532
160.743 3.4312 3.03573 3.82667
161.724 3.44801 3.04795 3.84806
162.704 3.46481 3.06012 3.8695
163.685 3.48161 3.07225 3.89097
164.665 3.49842 3.08434 3.91249
165.645 3.51522 3.09639 3.93405
166.626 3.53202 3.1084 3.95564
167.606 3.54883 3.12038 3.97728
168.587 3.56563 3.13232 3.99894
169.567 3.58243 3.14423 4.02064
170.548 3.59924 3.1561 4.04238
171.528 3.61604 3.16794 4.06414
172.509 3.63285 3.17975 4.08594
173.489 3.64965 3.19153 4.10777
174.469 3.66645 3.20328 4.12962
175.45 3.68326 3.21501 4.15151
176.43 3.70006 3.2267 4.17342
177.411 3.71686 3.23837 4.19535
178.391 3.73367 3.25002 4.21731
179.372 3.75047 3.26164 4.2393
180.352 3.76727 3.27324 4.26131
181.333 3.78408 3.28481 4.28334
182.313 3.80088 3.29636 4.3054
183.293 3.81769 3.30789 4.32748
184.274 3.83449 3.3194 4.34958
185.254 3.85129 3.33089 4.37169
186.235 3.8681 3.34236 4.39383
187.215 3.8849 3.35381 4.41599
188.196 3.9017 3.36524 4.43817
189.176 3.91851 3.37666 4.46036
190.157 3.93531 3.38805 4.48257
191.137 3.95212 3.39943 4.5048
192.118 3.96892 3.41079 4.52704
193.098 3.98572 3.42214 4.5493
194.078 4.00253 3.43347 4.57158
195.059 4.01933 3.44479 4.59387
