# τ vs max κ linear regression for data set DA_121108_E1.h5
# Using stimulation: 1, 2, 3
# Best fit: tau = 0.377723 + 0.0181103 kappa_Fura
# Covariance matrix:
# [ +2.01694e-01, -1.46143e-03  
#   -1.46143e-03, +1.16727e-05  ]
# Total sum of squares (TSS) = 44.193
# chisq (Residual sum of squares, RSS) = 16.0946
# Probability of observing a larger of equal RSS per DOF under the null hypothesis: 6.02546e-05
# R squared (1-RSS/TSS) = 0.635811
# Estimated gamma/v with standard error: 55.2172 +/- 10.4168
# Estimates kappa_S with standard error (using error propagation): 19.8568 +/- 25.1085
# kappa_S confidence intervals based on parametric bootstrap
# 0.95 CI for kappa_S: [-22.2469,103.343]
# 0.99 CI for kappa_S: [-31.2335,154.646]


# The data
# κ_Fura  τ   τ_SE
83.4701 1.99378 0.199313
159.218 2.92963 0.197633
193.177 6.09501 0.615253


# The fitted data
# Preticted values with lower and upper bounds of 0.95 CI
# κ_Fura  τ   τ_lwr  τ_upr
-25.821 -0.0899032 -1.13616 0.956356
-24.9064 -0.073339 -1.11368 0.967001
-23.9917 -0.0567748 -1.0912 0.977649
-23.0771 -0.0402106 -1.06872 0.988299
-22.1625 -0.0236464 -1.04624 0.998951
-21.2479 -0.00708218 -1.02377 1.00961
-20.3332 0.00948203 -1.0013 1.02026
-19.4186 0.0260462 -0.978832 1.03092
-18.504 0.0426104 -0.956366 1.04159
-17.5893 0.0591746 -0.933904 1.05225
-16.6747 0.0757388 -0.911444 1.06292
-15.7601 0.092303 -0.888987 1.07359
-14.8455 0.108867 -0.866532 1.08427
-13.9308 0.125431 -0.844081 1.09494
-13.0162 0.141996 -0.821632 1.10562
-12.1016 0.15856 -0.799187 1.11631
-11.1869 0.175124 -0.776745 1.12699
-10.2723 0.191688 -0.754305 1.13768
-9.35768 0.208252 -0.731869 1.14837
-8.44306 0.224817 -0.709436 1.15907
-7.52843 0.241381 -0.687007 1.16977
-6.6138 0.257945 -0.664581 1.18047
-5.69917 0.274509 -0.642158 1.19118
-4.78454 0.291073 -0.619739 1.20189
-3.86992 0.307638 -0.597323 1.2126
-2.95529 0.324202 -0.574911 1.22332
-2.04066 0.340766 -0.552503 1.23404
-1.12603 0.35733 -0.530099 1.24476
-0.211404 0.373894 -0.507698 1.25549
0.703225 0.390459 -0.485301 1.26622
1.61785 0.407023 -0.462909 1.27695
2.53248 0.423587 -0.44052 1.28769
3.44711 0.440151 -0.418136 1.29844
4.36174 0.456715 -0.395756 1.30919
5.27637 0.47328 -0.37338 1.31994
6.19099 0.489844 -0.351008 1.3307
7.10562 0.506408 -0.328642 1.34146
8.02025 0.522972 -0.30628 1.35222
8.93488 0.539536 -0.283922 1.363
9.84951 0.556101 -0.26157 1.37377
10.7641 0.572665 -0.239222 1.38455
11.6788 0.589229 -0.216879 1.39534
12.5934 0.605793 -0.194542 1.40613
13.508 0.622357 -0.17221 1.41692
14.4226 0.638922 -0.149883 1.42773
15.3373 0.655486 -0.127561 1.43853
16.2519 0.67205 -0.105246 1.44935
17.1665 0.688614 -0.0829358 1.46016
18.0812 0.705178 -0.0606317 1.47099
18.9958 0.721743 -0.0383337 1.48182
19.9104 0.738307 -0.0160417 1.49266
20.825 0.754871 0.00624392 1.5035
21.7397 0.771435 0.0285231 1.51435
22.6543 0.787999 0.0507958 1.5252
23.5689 0.804564 0.0730617 1.53607
24.4836 0.821128 0.0953207 1.54694
25.3982 0.837692 0.117573 1.55781
26.3128 0.854256 0.139817 1.5687
27.2274 0.87082 0.162055 1.57959
28.1421 0.887385 0.184284 1.59048
29.0567 0.903949 0.206506 1.60139
29.9713 0.920513 0.22872 1.61231
30.886 0.937077 0.250926 1.62323
31.8006 0.953641 0.273124 1.63416
32.7152 0.970206 0.295313 1.6451
33.6298 0.98677 0.317493 1.65605
34.5445 1.00333 0.339664 1.667
35.4591 1.0199 0.361826 1.67797
36.3737 1.03646 0.383979 1.68895
37.2883 1.05303 0.406122 1.69993
38.203 1.06959 0.428254 1.71093
39.1176 1.08616 0.450377 1.72193
40.0322 1.10272 0.472489 1.73295
40.9469 1.11928 0.49459 1.74398
41.8615 1.13585 0.516681 1.75501
42.7761 1.15241 0.53876 1.76606
43.6907 1.16898 0.560827 1.77713
44.6054 1.18554 0.582882 1.7882
45.52 1.2021 0.604925 1.79928
46.4346 1.21867 0.626955 1.81038
47.3493 1.23523 0.648972 1.82149
48.2639 1.2518 0.670976 1.83262
49.1785 1.26836 0.692966 1.84376
50.0931 1.28493 0.714942 1.85491
51.0078 1.30149 0.736903 1.86608
51.9224 1.31805 0.75885 1.87726
52.837 1.33462 0.780781 1.88846
53.7517 1.35118 0.802696 1.89967
54.6663 1.36775 0.824594 1.9109
55.5809 1.38431 0.846476 1.92215
56.4955 1.40087 0.86834 1.93341
57.4102 1.41744 0.890187 1.94469
58.3248 1.434 0.912015 1.95599
59.2394 1.45057 0.933824 1.96731
60.1541 1.46713 0.955614 1.97865
61.0687 1.4837 0.977384 1.99001
61.9833 1.50026 0.999132 2.00139
62.8979 1.51682 1.02086 2.01279
63.8126 1.53339 1.04256 2.02421
64.7272 1.54995 1.06425 2.03566
65.6418 1.56652 1.08591 2.04713
66.5564 1.58308 1.10754 2.05862
67.4711 1.59965 1.12915 2.07014
68.3857 1.61621 1.15073 2.08169
69.3003 1.63277 1.17229 2.09326
70.215 1.64934 1.19382 2.10486
71.1296 1.6659 1.21532 2.11648
72.0442 1.68247 1.23679 2.12814
72.9588 1.69903 1.25823 2.13983
73.8735 1.71559 1.27964 2.15155
74.7881 1.73216 1.30102 2.1633
75.7027 1.74872 1.32236 2.17509
76.6174 1.76529 1.34367 2.18691
77.532 1.78185 1.36494 2.19876
78.4466 1.79842 1.38618 2.21066
79.3612 1.81498 1.40737 2.22259
80.2759 1.83154 1.42853 2.23456
81.1905 1.84811 1.44964 2.24657
82.1051 1.86467 1.47072 2.25863
83.0198 1.88124 1.49174 2.27073
83.9344 1.8978 1.51273 2.28287
84.849 1.91437 1.53366 2.29507
85.7636 1.93093 1.55455 2.30731
86.6783 1.94749 1.57539 2.3196
87.5929 1.96406 1.59617 2.33195
88.5075 1.98062 1.6169 2.34434
89.4222 1.99719 1.63757 2.3568
90.3368 2.01375 1.65819 2.36931
91.2514 2.03031 1.67874 2.38189
92.166 2.04688 1.69924 2.39452
93.0807 2.06344 1.71967 2.40722
93.9953 2.08001 1.74003 2.41999
94.9099 2.09657 1.76032 2.43282
95.8245 2.11314 1.78055 2.44573
96.7392 2.1297 1.8007 2.4587
97.6538 2.14626 1.82077 2.47176
98.5684 2.16283 1.84077 2.48489
99.4831 2.17939 1.86068 2.4981
100.398 2.19596 1.88051 2.5114
101.312 2.21252 1.90026 2.52478
102.227 2.22908 1.91991 2.53826
103.142 2.24565 1.93948 2.55182
104.056 2.26221 1.95895 2.56547
104.971 2.27878 1.97833 2.57923
105.885 2.29534 1.9976 2.59308
106.8 2.31191 2.01678 2.60704
107.715 2.32847 2.03584 2.6211
108.629 2.34503 2.05481 2.63526
109.544 2.3616 2.07366 2.64954
110.459 2.37816 2.09239 2.66393
111.373 2.39473 2.11102 2.67844
112.288 2.41129 2.12952 2.69306
113.202 2.42786 2.1479 2.70781
114.117 2.44442 2.16616 2.72268
115.032 2.46098 2.1843 2.73767
115.946 2.47755 2.20231 2.75279
116.861 2.49411 2.22018 2.76804
117.776 2.51068 2.23793 2.78342
118.69 2.52724 2.25554 2.79894
119.605 2.5438 2.27302 2.81459
120.52 2.56037 2.29037 2.83037
121.434 2.57693 2.30757 2.84629
122.349 2.5935 2.32464 2.86235
123.263 2.61006 2.34157 2.87855
124.178 2.62663 2.35836 2.89489
125.093 2.64319 2.37501 2.91137
126.007 2.65975 2.39153 2.92798
126.922 2.67632 2.4079 2.94474
127.837 2.69288 2.42413 2.96164
128.751 2.70945 2.44022 2.97867
129.666 2.72601 2.45618 2.99585
130.58 2.74258 2.47199 3.01316
131.495 2.75914 2.48767 3.03061
132.41 2.7757 2.50322 3.04819
133.324 2.79227 2.51863 3.0659
134.239 2.80883 2.53391 3.08375
135.154 2.8254 2.54906 3.10173
136.068 2.84196 2.56409 3.11983
136.983 2.85852 2.57899 3.13806
137.897 2.87509 2.59376 3.15642
138.812 2.89165 2.60841 3.17489
139.727 2.90822 2.62295 3.19349
140.641 2.92478 2.63737 3.2122
141.556 2.94135 2.65167 3.23102
142.471 2.95791 2.66586 3.24996
143.385 2.97447 2.67995 3.269
144.3 2.99104 2.69393 3.28815
145.214 3.0076 2.70781 3.3074
146.129 3.02417 2.72158 3.32675
147.044 3.04073 2.73526 3.3462
147.958 3.05729 2.74885 3.36574
148.873 3.07386 2.76234 3.38538
149.788 3.09042 2.77574 3.4051
150.702 3.10699 2.78906 3.42491
151.617 3.12355 2.80229 3.44481
152.531 3.14012 2.81544 3.46479
153.446 3.15668 2.82852 3.48484
154.361 3.17324 2.84151 3.50497
155.275 3.18981 2.85444 3.52518
156.19 3.20637 2.86729 3.54546
157.105 3.22294 2.88007 3.5658
158.019 3.2395 2.89278 3.58622
158.934 3.25607 2.90543 3.6067
159.849 3.27263 2.91802 3.62724
160.763 3.28919 2.93055 3.64784
161.678 3.30576 2.94302 3.6685
162.592 3.32232 2.95543 3.68921
163.507 3.33889 2.96779 3.70999
164.422 3.35545 2.98009 3.73081
165.336 3.37201 2.99235 3.75168
166.251 3.38858 3.00455 3.77261
167.166 3.40514 3.01671 3.79358
168.08 3.42171 3.02882 3.8146
168.995 3.43827 3.04088 3.83566
169.909 3.45484 3.05291 3.85677
170.824 3.4714 3.06489 3.87791
171.739 3.48796 3.07683 3.8991
172.653 3.50453 3.08873 3.92033
173.568 3.52109 3.1006 3.94159
174.483 3.53766 3.11243 3.96289
175.397 3.55422 3.12422 3.98422
176.312 3.57079 3.13598 4.00559
177.226 3.58735 3.14771 4.02699
178.141 3.60391 3.1594 4.04843
179.056 3.62048 3.17107 4.06989
179.97 3.63704 3.1827 4.09138
180.885 3.65361 3.19431 4.11291
181.8 3.67017 3.20588 4.13446
182.714 3.68673 3.21744 4.15603
183.629 3.7033 3.22896 4.17764
184.543 3.71986 3.24046 4.19927
185.458 3.73643 3.25194 4.22092
186.373 3.75299 3.26339 4.2426
187.287 3.76956 3.27482 4.2643
188.202 3.78612 3.28622 4.28602
189.117 3.80268 3.29761 4.30776
190.031 3.81925 3.30897 4.32953
190.946 3.83581 3.32031 4.35131
191.861 3.85238 3.33164 4.37312
192.775 3.86894 3.34294 4.39494
193.69 3.88551 3.35423 4.41678
194.604 3.90207 3.3655 4.43864
195.519 3.91863 3.37675 4.46052
196.434 3.9352 3.38798 4.48241
197.348 3.95176 3.3992 4.50433
198.263 3.96833 3.4104 4.52625
199.178 3.98489 3.42159 4.54819
200.092 4.00145 3.43276 4.57015
201.007 4.01802 3.44391 4.59213
201.921 4.03458 3.45505 4.61411
