# Data from DA_121108_E1.h5 stim 3
# Ratiometric estimator
# Ratiometric estimator:
#    Time    Ca (est)    Ca (se)
 1376.276 0.0677132268 0.0022048303
 1376.376 0.0623934018 0.00213588634
 1376.476 0.0655937208 0.00218252742
 1376.576 0.0633846666 0.00217082289
 1376.676 0.0620289925 0.00212779682
 1376.776 0.0689536493 0.00221964973
 1376.876 0.0612655893 0.00210780659
 1376.976 0.0631534907 0.00214940306
 1377.076 0.068609671 0.00223426553
 1377.176 0.0655310319 0.00217518164
 1377.276 0.0657495238 0.00221996299
 1377.376 0.0657674122 0.0022029367
 1377.476 0.0636427383 0.00215220454
 1377.576 0.0632172397 0.0021481202
 1377.676 0.0683467483 0.00221807587
 1377.776 0.0704142563 0.00226789949
 1377.876 0.085384945 0.00249236995
 1377.976 0.0981658907 0.00264222968
 1378.076 0.0997542498 0.0027157868
 1378.176 0.0995798173 0.0026946379
 1378.276 0.099500619 0.00273110851
 1378.376 0.0956065325 0.00271363908
 1378.476 0.0976264599 0.00268378299
 1378.576 0.0991165216 0.00271456668
 1378.676 0.0998209171 0.00274764396
 1378.776 0.102920458 0.00279860977
 1378.876 0.0962251539 0.00270330313
 1378.976 0.0987554118 0.00271254696
 1379.076 0.101658579 0.00274382339
 1379.176 0.0986766627 0.00271407921
 1379.276 0.100744834 0.00273812502
 1379.376 0.103872494 0.00278996543
 1379.476 0.097166956 0.00264520304
 1379.576 0.0997027313 0.00271974493
 1379.676 0.092467033 0.00263526796
 1379.776 0.0954521682 0.00264565526
 1379.876 0.0925913014 0.00261866699
 1379.976 0.0931264518 0.00259453965
 1380.076 0.0920358933 0.00257247115
 1380.176 0.0960806543 0.0026629364
 1380.276 0.0987197887 0.00271055084
 1380.376 0.089387643 0.00254238084
 1380.476 0.0977629623 0.00271567023
 1380.576 0.0935625957 0.00260841404
 1380.676 0.0934866953 0.00263481512
 1380.776 0.0909342369 0.00261694244
 1380.876 0.0956255246 0.00266895698
 1380.976 0.0957686028 0.00262103254
 1381.076 0.0911549927 0.0025730391
 1381.176 0.0907246107 0.00256625515
 1381.276 0.0870209642 0.00250232723
 1381.376 0.0921961432 0.0025602288
 1381.476 0.085801542 0.00248045134
 1381.576 0.0908516516 0.00253874299
 1381.676 0.0919749478 0.00261448564
 1381.776 0.0874139474 0.00250701136
 1381.876 0.0866509926 0.00251050305
 1381.976 0.0926935066 0.00259030327
 1382.076 0.085631507 0.00246722334
 1382.176 0.084962765 0.00251354917
 1382.276 0.0856982807 0.00253988914
 1382.376 0.0841745734 0.00245367907
 1382.476 0.085330766 0.00248096845
 1382.576 0.082574076 0.0024369207
 1382.676 0.0825977743 0.00243149324
 1382.776 0.0886446044 0.00255739423
 1382.876 0.0792153272 0.00240793078
 1382.976 0.0849021272 0.00247754829
 1383.076 0.0849374368 0.00247185457
 1383.176 0.0846367485 0.00245806767
 1383.276 0.0875447848 0.00252929603
 1383.376 0.0819673091 0.00245862274
 1383.476 0.0808461674 0.00243490373
 1383.576 0.0771474205 0.00238224131
 1383.676 0.082450814 0.00246338738
 1383.776 0.0786055138 0.00236472703
 1383.876 0.0802804226 0.00242068119
 1383.976 0.0790750368 0.0023992858
 1384.076 0.0811621561 0.00242218604
 1384.176 0.0801107209 0.00240914688
 1384.276 0.0810863839 0.00242529929
 1384.376 0.0785109589 0.00242893056
 1384.476 0.0829247369 0.00245301645
 1384.576 0.0826912118 0.00243624909
 1384.676 0.0782464688 0.00237727381
 1384.776 0.0750983488 0.00233264528
 1384.876 0.0767699236 0.00235581028
 1384.976 0.0791457542 0.00239105895
 1385.076 0.0762021387 0.00233791416
 1385.176 0.0799331986 0.00241818149
 1385.276 0.0770564228 0.00235593722
 1385.376 0.0752322841 0.00230984728
 1385.476 0.0768714917 0.00236164344
 1385.576 0.0764073256 0.00234747719
 1385.676 0.0744127339 0.00226323291
 1385.776 0.0771724717 0.00237734748
 1385.876 0.0774464597 0.00233674896
 1385.976 0.0747162883 0.00234479787
 1386.076 0.0756028799 0.00232890979
 1386.176 0.0714502968 0.00225013493
 1386.276 0.074115331 0.00230270758
 1386.376 0.074552541 0.00229627852
 1386.476 0.0710064528 0.0022552723
 1386.576 0.0721300818 0.00224677333
 1386.676 0.0756952239 0.00235255481
 1386.776 0.0747759488 0.0023258364
 1386.876 0.0775766533 0.00236676679
 1386.976 0.0740743282 0.00233502183
 1387.076 0.0708198094 0.00226399959
 1387.176 0.0797004566 0.00241566008
 1387.276 0.0816089004 0.00242114118
 1387.376 0.0741614546 0.0022989875
 1387.476 0.0749664089 0.00236572709
 1387.576 0.0719741034 0.00227787885
 1387.676 0.0715532753 0.0022877695
 1387.776 0.0741663152 0.00228585853
 1387.876 0.0737823934 0.00230380014
 1387.976 0.071438072 0.00230202084
 1388.076 0.0727911739 0.00227316881
 1388.176 0.0747491311 0.00231444784
 1388.276 0.0765154152 0.00233814214
 1388.376 0.0718963258 0.00231812501
 1388.476 0.0714994968 0.00229092575
 1388.576 0.0681742973 0.00221021392
 1388.676 0.0737190338 0.00227329584
 1388.776 0.0688699494 0.00223700423
 1388.876 0.0741887404 0.00232697349
 1388.976 0.0735164899 0.00228104072
 1389.076 0.0702240417 0.00225343248
 1389.176 0.0716617503 0.00222784244
 1389.276 0.0715766105 0.00231216314
 1389.376 0.0702001928 0.00223193397
 1389.476 0.0689921441 0.00223425951
 1389.576 0.0685752123 0.00224600062
 1389.676 0.0720216448 0.00231848833
 1389.776 0.0701362746 0.00227445204
 1389.876 0.0714082239 0.00224836031
 1389.976 0.0688194576 0.00221385381
 1390.076 0.0723617577 0.00225603516
 1390.176 0.0742688509 0.00231256166
 1390.276 0.0698875494 0.00223113119
 1390.376 0.0710984911 0.00226567924
 1390.476 0.0705375609 0.00224906718
 1390.576 0.0714811176 0.0022477019
 1390.676 0.0684079799 0.00221342853
 1390.776 0.0687355676 0.00222639549
 1390.876 0.0680074939 0.0022381582
 1390.976 0.0706091884 0.00224643019
 1391.076 0.0701801954 0.00225055395
 1391.176 0.0695450032 0.00229475613
 1391.276 0.0721290246 0.00228625992
 1391.376 0.0664295999 0.00219472806
 1391.476 0.0725371183 0.00225267858
 1391.576 0.0722533892 0.00226167471
 1391.676 0.0648954089 0.00216968395
 1391.776 0.0690899757 0.00220549792
 1391.876 0.0692446429 0.00222956483
 1391.976 0.0662539235 0.00217703034
 1392.076 0.0680777485 0.00225285689
 1392.176 0.0703622691 0.00224151087
 1392.276 0.0683345856 0.00225143388
 1392.376 0.0684266869 0.00219626376
 1392.476 0.0672854867 0.0021775164
 1392.576 0.0684475445 0.00221784273
 1392.676 0.0696250685 0.00224532149
 1392.776 0.0706313802 0.00228489003
 1392.876 0.0689843811 0.00222330786
 1392.976 0.0713539458 0.00227444451
 1393.076 0.0737667124 0.00231794093
 1393.176 0.0696084955 0.0022296818
 1393.276 0.0704756599 0.00225663962
 1393.376 0.0689172741 0.00222761127
 1393.476 0.0695954371 0.00222555786
 1393.576 0.0699290657 0.00222949431
 1393.676 0.067698513 0.00224972742
 1393.776 0.0661869547 0.00217761858
 1393.876 0.0701793711 0.00225866023
 1393.976 0.0692392759 0.00223339008
 1394.076 0.0656741937 0.00216593517
 1394.176 0.0686232531 0.00221337295
 1394.276 0.0684943749 0.0022181776
 1394.376 0.0710750513 0.00224186002
 1394.476 0.0681782672 0.00219964173
 1394.576 0.0648791725 0.00221178254
 1394.676 0.0671562596 0.00222563081
 1394.776 0.0666156202 0.00218724071
 1394.876 0.0686783555 0.00221517667
 1394.976 0.0669823434 0.00220324019
 1395.076 0.0662343031 0.00217606749
 1395.176 0.0692758616 0.00222842251
 1395.276 0.0675263916 0.00221207539
 1395.376 0.0718509185 0.00226913063
 1395.476 0.0661802208 0.00220794551
 1395.576 0.0687885585 0.00226318537
 1395.676 0.068116404 0.00219148188
 1395.776 0.0689884875 0.00222159838
 1395.876 0.0706783254 0.0022718084
 1395.976 0.0692829757 0.00222121648
 1396.076 0.0679120659 0.00221196507
 1396.176 0.0652848869 0.00219140447


