# Data from DA_121108_E1.h5 stim 2
# Ratiometric estimator
# Ratiometric estimator:
#    Time    Ca (est)    Ca (se)
  935.657 0.0527633735 0.00247282072
  935.757 0.0522900248 0.0024642559
  935.857 0.0523654271 0.00247354441
  935.957 0.0538195992 0.00252551564
  936.057 0.0527523327 0.00246650297
  936.157 0.051681118 0.00245141844
  936.257 0.052535349 0.00244949695
  936.357 0.0530298816 0.00243810245
  936.457 0.0506543778 0.00241796821
  936.557 0.0487651521 0.00238366188
  936.657 0.0504555889 0.00245859099
  936.757 0.052050413 0.00246910207
  936.857 0.0529069656 0.00245100772
  936.957 0.0550493263 0.00251028996
  937.057 0.0534487284 0.00250971964
  937.157 0.0561344694 0.00257800901
  937.257 0.0815287886 0.00299493894
  937.357 0.0838501146 0.00297455306
  937.457 0.0885340372 0.00312502582
  937.557 0.0949901418 0.00323584096
  937.657 0.0982667537 0.00333758225
  937.757 0.0901119613 0.00320117097
  937.857 0.0951174136 0.00322715653
  937.957 0.0938249667 0.00324426719
  938.057 0.088167751 0.0031479273
  938.157 0.0919825239 0.00319919434
  938.257 0.0878496781 0.00318563438
  938.357 0.0847481996 0.0030901598
  938.457 0.0898312323 0.00315674831
  938.557 0.0832408663 0.00302809568
  938.657 0.0809279336 0.0029883499
  938.757 0.0871153901 0.00309433336
  938.857 0.0755240061 0.00286626334
  938.957 0.0743226371 0.00287448357
  939.057 0.0838793786 0.00308284835
  939.157 0.0779152838 0.00293023714
  939.257 0.0794823569 0.00296266441
  939.357 0.0758983826 0.00286961674
  939.457 0.0739256584 0.00287045963
  939.557 0.0785112306 0.00294731978
  939.657 0.0795037133 0.00296042746
  939.757 0.0686522093 0.00274578744
  939.857 0.0707776348 0.00282010207
  939.957 0.0743095725 0.00281704088
  940.057 0.0687015588 0.00277418031
  940.157 0.0677196616 0.00273838999
  940.257 0.0762269942 0.00291505485
  940.357 0.0667167469 0.00267670623
  940.457 0.0682431393 0.00270255262
  940.557 0.0668280755 0.00267991982
  940.657 0.0688062889 0.00274848394
  940.757 0.0679734584 0.00269146151
  940.857 0.0664404266 0.0026929405
  940.957 0.0625805121 0.00260798111
  941.057 0.0636501232 0.00268893727
  941.157 0.0669646577 0.00271020778
  941.257 0.0641250459 0.00268709769
  941.357 0.0624446648 0.0026249293
  941.457 0.0656156682 0.00268430756
  941.557 0.0674519594 0.00273073175
  941.657 0.0677611701 0.00277663739
  941.757 0.0644951351 0.00266382105
  941.857 0.0618286569 0.0026232424
  941.957 0.0598848161 0.00258139746
  942.057 0.0614178017 0.00260711503
  942.157 0.0632176399 0.00269074197
  942.257 0.061971219 0.00260997819
  942.357 0.0625154235 0.00262735092
  942.457 0.0561171901 0.00252958565
  942.557 0.0633095269 0.0026194034
  942.657 0.0594285151 0.00259357269
  942.757 0.0596090259 0.00260609695
  942.857 0.0607616819 0.00262903566
  942.957 0.0568906146 0.00257197057
  943.057 0.0554559911 0.00253220607
  943.157 0.0627730379 0.00260386058
  943.257 0.055593358 0.00248817999
  943.357 0.0585525523 0.00256528327
  943.457 0.0620744585 0.0025909279
  943.557 0.0605540762 0.00259088385
  943.657 0.059318786 0.002584178
  943.757 0.0585449034 0.00257709415
  943.857 0.0602895489 0.00262095797
  943.957 0.0588815333 0.00255279688
  944.057 0.0581952694 0.00254270453
  944.157 0.0593721024 0.00258793356
  944.257 0.0545247959 0.00247876877
  944.357 0.0596497218 0.00256657343
  944.457 0.0547118377 0.00250487528
  944.557 0.0589081665 0.00255384083
  944.657 0.0568666263 0.00253052075
  944.757 0.0527014293 0.00245049511
  944.857 0.0537361247 0.00248912097
  944.957 0.0569674238 0.00251148641
  945.057 0.0534823732 0.00242052541
  945.157 0.0545926682 0.00250166179
  945.257 0.0595216537 0.00255133448
  945.357 0.0556081776 0.00250697672
  945.457 0.0529201121 0.0024487417
  945.557 0.0530616581 0.00244397951
  945.657 0.0590079318 0.00255049339
  945.757 0.0530226766 0.00242546769
  945.857 0.0542484525 0.00246408337
  945.957 0.0530041257 0.00242496036
  946.057 0.0573047527 0.0025526992
  946.157 0.0570843285 0.00252103365
  946.257 0.0507386124 0.00242137412
  946.357 0.0514385776 0.00244585047
  946.457 0.051537827 0.00242024573
  946.557 0.0503985805 0.00243522175
  946.657 0.0575398888 0.00254444855
  946.757 0.052506557 0.00243420768
  946.857 0.0552626856 0.00254719677
  946.957 0.0511065314 0.00243581688
  947.057 0.0598415852 0.00256255828
  947.157 0.0582867123 0.00252243079
  947.257 0.0555375008 0.00250820159
  947.357 0.0537104623 0.00249219401
  947.457 0.0541806865 0.0024565744
  947.557 0.0545510473 0.00248942861
  947.657 0.0588743323 0.00251924641
  947.757 0.0554029239 0.0025167487
  947.857 0.0505634282 0.00243494499
  947.957 0.0554258536 0.00247265934
  948.057 0.0568528628 0.00249198928
  948.157 0.0510235502 0.00243466928
  948.257 0.0514184741 0.00246474702
  948.357 0.053352146 0.00245321023
  948.457 0.0515772615 0.00244457989
  948.557 0.0515854403 0.00239981937
  948.657 0.0531984576 0.00250801382
  948.757 0.0573685356 0.00249037981
  948.857 0.0512577425 0.00244262947
  948.957 0.052388461 0.00247044116
  949.057 0.0523223699 0.00249081886
  949.157 0.0538401699 0.00246056579
  949.257 0.0515150123 0.00240268752
  949.357 0.0530105756 0.0024262463
  949.457 0.0478977112 0.0023540479
  949.557 0.0552557827 0.00245973888
  949.657 0.0515098826 0.00242768388
  949.757 0.0491202689 0.00237301902
  949.857 0.0522466847 0.0024486307
  949.957 0.0543571887 0.00243856035
  950.057 0.0511044752 0.00241464676
  950.157 0.0528491087 0.00242104511
  950.257 0.0566676437 0.00251789939
  950.357 0.0563143344 0.00247744478
  950.457 0.0559453167 0.00250319321
  950.557 0.051476951 0.00245735022
  950.657 0.0504769398 0.00242007626
  950.757 0.0558874113 0.00248404355
  950.857 0.0525542838 0.0024206296
  950.957 0.0498469923 0.00238328858
  951.057 0.0547936086 0.00247641825
  951.157 0.0536414653 0.00240761641
  951.257 0.0554237705 0.00246434064
  951.357 0.0509793303 0.00238288698
  951.457 0.0523189889 0.00247284327
  951.557 0.0488865356 0.00238193894
  951.657 0.0559560572 0.0025095052
  951.757 0.0464229205 0.00233826824
  951.857 0.0486560454 0.00235265292
  951.957 0.0552847381 0.00248790368
  952.057 0.0552248108 0.00248769717
  952.157 0.0540103143 0.00247631568
  952.257 0.0533711057 0.00242952073
  952.357 0.0571003255 0.00249723957
  952.457 0.0486487814 0.00237640557
  952.557 0.055160657 0.00247128678
  952.657 0.0491449207 0.00238909469
  952.757 0.0502401616 0.00236951804
  952.857 0.0534317755 0.00244181148
  952.957 0.0525311389 0.00240812205
  953.057 0.0524636096 0.00245833575
  953.157 0.0520219905 0.00240772309
  953.257 0.0541001971 0.00246606281
  953.357 0.0508161239 0.00239978423
  953.457 0.0534722555 0.00244833731
  953.557 0.0496365532 0.00237892943
  953.657 0.05301823 0.00243124354
  953.757 0.0544844421 0.00244365817
  953.857 0.050607934 0.00240692013
  953.957 0.0513009987 0.00244862562
  954.057 0.0524588711 0.00244532204
  954.157 0.0537559252 0.00244692309
  954.257 0.0506172847 0.00240974131
  954.357 0.0488833752 0.00236107823
  954.457 0.0513487734 0.00239891509
  954.557 0.057779345 0.00248453245
  954.657 0.0535968402 0.00245942066
  954.757 0.0515643257 0.00241581525
  954.857 0.054061911 0.0024530569
  954.957 0.0521912721 0.00246395533
  955.057 0.0538418082 0.00244992531
  955.157 0.0586028568 0.00251344775
  955.257 0.0525769644 0.00245922321
  955.357 0.0547502454 0.0024548283
  955.457 0.0526459144 0.00244039621
  955.557 0.0573049714 0.00252583637


