# Data from DA_121108_E1.h5 stim 1
# Ratiometric estimator
# Ratiometric estimator:
#    Time    Ca (est)    Ca (se)
  615.015 0.065532593 0.004500338
  615.115 0.0482335901 0.00411019598
  615.215 0.0514660202 0.00420352096
  615.315 0.0552690895 0.00434248359
  615.415 0.0523764064 0.00422662498
  615.515 0.0575587905 0.00431140095
  615.615 0.0612900843 0.00435894397
  615.715 0.0625260944 0.00444806113
  615.815 0.0609810041 0.00450442621
  615.915 0.0549284893 0.00427196393
  616.015 0.0635254255 0.00453282356
  616.115 0.0599032513 0.00446797721
  616.215 0.0542443406 0.00427592353
  616.315 0.0579696534 0.00431981223
  616.415 0.0560524201 0.00427159284
  616.515 0.0608747231 0.00452242884
  616.615 0.0838318383 0.00519612531
  616.715 0.09585295 0.00556184229
  616.815 0.127081466 0.00665198225
  616.915 0.110653942 0.00603812771
  617.015 0.100643006 0.00584211587
  617.115 0.0954633401 0.00563648207
  617.215 0.10099851 0.0056391495
  617.315 0.0980662525 0.00570159052
  617.415 0.0880954929 0.00533328278
  617.515 0.0953871239 0.00558785333
  617.615 0.0894851502 0.00545436495
  617.715 0.0884766198 0.00530716878
  617.815 0.0830664294 0.00514532307
  617.915 0.0729642118 0.00481238851
  618.015 0.0802064127 0.00508044981
  618.115 0.0751493905 0.00490094192
  618.215 0.0727318851 0.00475471601
  618.315 0.0775205414 0.00487801192
  618.415 0.074888137 0.0048817755
  618.515 0.0738206906 0.00470564281
  618.615 0.0784797895 0.00497524809
  618.715 0.0730984995 0.00477945257
  618.815 0.067389435 0.00460964712
  618.915 0.0696000181 0.00471737878
  619.015 0.0699671229 0.00470388
  619.115 0.0616454708 0.00443561184
  619.215 0.0659644513 0.00461525581
  619.315 0.0693674094 0.00465615218
  619.415 0.068193287 0.00458903786
  619.515 0.0635944437 0.00454853378
  619.615 0.0684622203 0.00473175749
  619.715 0.0623713607 0.00435581051
  619.815 0.0609213867 0.00436813645
  619.915 0.060481112 0.00438788802
  620.015 0.0627959002 0.00445394533
  620.115 0.064028702 0.00440391512
  620.215 0.054458984 0.00418029007
  620.315 0.0653777033 0.00439225777
  620.415 0.0605627543 0.0044458201
  620.515 0.0650109398 0.00453165644
  620.615 0.0647060966 0.00446649832
  620.715 0.0624946759 0.00440959774
  620.815 0.064027185 0.00449482271
  620.915 0.0733766359 0.00481067668
  621.015 0.0685310132 0.00473093788
  621.115 0.0550519585 0.00420485753
  621.215 0.0574164226 0.00431256805
  621.315 0.0604598969 0.00437488747
  621.415 0.057010186 0.00429181475
  621.515 0.0590357738 0.00434445002
  621.615 0.0653701688 0.00441238182
  621.715 0.0565333542 0.00428604034
  621.815 0.054296369 0.00413438356
  621.915 0.0579946149 0.0042122839
  622.015 0.0583956406 0.00428382782
  622.115 0.0646858795 0.0044198685
  622.215 0.0581527312 0.00431162552
  622.315 0.0612764728 0.00435128909
  622.415 0.0570083247 0.00428958676
  622.515 0.0593437687 0.00424313848
  622.615 0.0480570293 0.00396438918
  622.715 0.0608935476 0.00431666825
  622.815 0.0502544208 0.00404068437
  622.915 0.060017798 0.00433840311
  623.015 0.0580348447 0.0043465417
  623.115 0.0611501316 0.00436947777
  623.215 0.0565185769 0.00425643369
  623.315 0.0537802633 0.00409931475
  623.415 0.0586404964 0.00423867886
  623.515 0.0637511713 0.00439562879
  623.615 0.0519421191 0.00411062016
  623.715 0.0660868916 0.00439675093
  623.815 0.0551516494 0.00419327627
  623.915 0.0529546464 0.00411826559
  624.015 0.0561789291 0.0041320452
  624.115 0.0567043486 0.00415714023
  624.215 0.0577864374 0.0042358497
  624.315 0.0603576871 0.0043353328
  624.415 0.0672162227 0.00446746592
  624.515 0.0611122067 0.00433253699
  624.615 0.0546254043 0.00405804241
  624.715 0.05437961 0.0041453486
  624.815 0.0564467455 0.00415817653
  624.915 0.0588932356 0.00420572961
  625.015 0.0565441916 0.00414529759
  625.115 0.0567048467 0.00413534773
  625.215 0.0533766502 0.00403980297
  625.315 0.057551442 0.00413815766
  625.415 0.0612351604 0.00435161826
  625.515 0.0585127711 0.00421485491
  625.615 0.0655802861 0.0043803727
  625.715 0.0571700496 0.00418834163
  625.815 0.0578902659 0.00420897829
  625.915 0.0516302799 0.00407182133
  626.015 0.0544082574 0.00422890421
  626.115 0.0555939951 0.00414051681
  626.215 0.0520575076 0.00407957396
  626.315 0.0561289871 0.00411627266
  626.415 0.0496579993 0.00396165598
  626.515 0.0557170663 0.00402770954
  626.615 0.0552410137 0.00420217279
  626.715 0.0548372713 0.00409084772
  626.815 0.0507871719 0.00399162836
  626.915 0.0552249358 0.00414258811
  627.015 0.0622308143 0.00428192775
  627.115 0.0608227619 0.00434579661
  627.215 0.0537271815 0.00409684072
  627.315 0.0551080393 0.00406923917
  627.415 0.0530462505 0.00399602168
  627.515 0.0605361455 0.00426595878
  627.615 0.0570527523 0.00418073538
  627.715 0.0490256988 0.00390333899
  627.815 0.0537887804 0.00403938482
  627.915 0.0502308735 0.00391954877
  628.015 0.0556686439 0.00419940285
  628.115 0.0631278262 0.00423361391
  628.215 0.0531339487 0.00411290955
  628.315 0.0512540192 0.00402903572
  628.415 0.0526078401 0.00405534018
  628.515 0.0530106832 0.00403161807
  628.615 0.0521818574 0.00396100534
  628.715 0.0524898864 0.00396768515
  628.815 0.055653099 0.00404443485
  628.915 0.0538096779 0.00401197723
  629.015 0.0594203266 0.00424156248
  629.115 0.0582687058 0.00412746696
  629.215 0.0517204552 0.00396073012
  629.315 0.0521063557 0.00397163128
  629.415 0.0592671303 0.00411868597
  629.515 0.0552626137 0.00400653308
  629.615 0.0515207914 0.00397606037
  629.715 0.0540932612 0.00403936378
  629.815 0.059703096 0.0041251782
  629.915 0.0559617891 0.00417908172
  630.015 0.0532722631 0.00397166077
  630.115 0.0586400938 0.00407943616
  630.215 0.0516537066 0.00392980156
  630.315 0.0623644365 0.00425267405
  630.415 0.0560801785 0.00404110177
  630.515 0.055577415 0.00395902677
  630.615 0.0562282795 0.00405360558
  630.715 0.0591682828 0.0040875684
  630.815 0.0549570241 0.00410436711
  630.915 0.0498960176 0.00393471702
  631.015 0.0541223374 0.00407498188
  631.115 0.0468996261 0.00381556476
  631.215 0.059703569 0.00414574002
  631.315 0.061109239 0.00422851528
  631.415 0.0500032159 0.00391476972
  631.515 0.052505794 0.00401922207
  631.615 0.0605093299 0.00422979428
  631.715 0.0600109519 0.00414655852
  631.815 0.0595009975 0.00411649231
  631.915 0.0522037402 0.00395177333
  632.015 0.0490917079 0.00388032748
  632.115 0.0548084046 0.00400166343
  632.215 0.0503373884 0.00388129189
  632.315 0.0566554414 0.00406981403
  632.415 0.0538502329 0.00400398567
  632.515 0.0487503607 0.00388669295
  632.615 0.0555897242 0.00401318012
  632.715 0.0530593645 0.00396867589
  632.815 0.0609987075 0.00416212846
  632.915 0.0543847741 0.00396670598
  633.015 0.0540417292 0.00396647797
  633.115 0.0540540546 0.00392090688
  633.215 0.054851118 0.00397132322
  633.315 0.0528375364 0.00394543113
  633.415 0.0546736278 0.00394617208
  633.515 0.0516151439 0.00391199918
  633.615 0.0521765571 0.00393795073
  633.715 0.0491433783 0.00379945317
  633.815 0.0582800905 0.00409444546
  633.915 0.0490770231 0.00377790746
  634.015 0.0541675766 0.0039690689
  634.115 0.0464713143 0.0037615954
  634.215 0.0513717806 0.00388644259
  634.315 0.0503249533 0.0038821261
  634.415 0.0579110245 0.00406943159
  634.515 0.0555130958 0.00400542278
  634.615 0.0551447876 0.00398271153
  634.715 0.0595456779 0.00406755472
  634.815 0.0566105267 0.00398370827
  634.915 0.0529405197 0.0039530599


