# Cellular [Fura] for dataset DA_121108_E1.h5

# Loading curve with 87 elements
#    Time   AMPLITUDE
    0.021 2.61929627
   30.021 2.24809859
   60.021 2.36906459
   90.021 2.72764939
  120.021 1.64620941
  150.021 2.13974547
  180.021 2.16856557
  210.021 2.46846454
  240.021 2.52826134
  270.021 2.12660978
  300.021 2.14510431
  330.021 2.04583507
  360.021 1.88082202
  390.021 2.24594199
  420.021 3.07094189
  450.021 2.18392322
  630.021 28.3055218
  690.021 34.7159358
  750.021 40.7774369
  810.021 45.7536424
  870.021 49.9070699
  930.021 53.0197062
  990.021 57.2531241
 1050.021 59.9901188
 1110.021 63.3723309
 1170.021 65.5514181
 1230.021 67.2271664
 1290.021 68.4412704
 1380.021 70.9334576
 1440.021 71.5630559
 1500.021 72.4379845
 1560.021 74.8416855
 1620.021 75.7530804
 1680.021 77.1504305
 1740.021 79.8769035
 1800.021 80.8888747
 1860.021 80.9784065
 1920.021 82.0327909
 2010.021 86.6423079
 2070.021 85.7433952
 2130.021 85.9952607
 2190.021 87.2943219
 2250.021 89.2469654
 2310.021 89.6063344
 2370.021 90.3444819
 2430.021 91.5745317
 2490.021 90.1294748
 2550.021 92.0236939
 2610.021 94.2807457
 2670.021 93.9345777
 2730.021 94.1237709
 2790.021 95.7823971
 2850.021 98.1812621
 2910.021 94.5721489
 2970.021 95.5739905
 3030.021 96.6271332
 3090.021 97.5147401
 3150.021 97.7620963
 3210.021 98.1734199
 3270.021 98.7809293
 3330.021       100
 3390.021 98.6974099
 3450.021 97.5710079
 3510.021 98.0382072
 3570.021 98.4535173
 3630.021 98.5748754
 3690.021 97.8951523
 3750.021 98.5386052
 3810.021 95.3119302
 3870.021 93.4203252
 3930.021 91.8364613
 3990.021 90.5374655
 4050.021 88.3392956
 4110.021 87.103887
 4170.021 87.329285
 4230.021  85.68203
 4290.021 85.1814359
 4350.021 82.281258
 4410.021 83.0463958
 4470.021 83.8100304
 4530.021 79.4608092
 4590.021 78.6222815
 4650.021 79.2567812
 4710.021 91.334887
 4770.021 90.4536846
 4830.021 88.3545225
 4890.021 88.568288


# Stim 1 with 200 elements
#    Time   AMPLITUDE
  615.015 25.3573758
  615.115 25.1479236
  615.215 26.1153902
  615.315 26.2687053
  615.415 25.4208323
  615.515 25.2425528
  615.615 25.4144278
  615.715 25.5351324
  615.815 26.5014881
  615.915 25.1374673
  616.015 25.1926895
  616.115 25.6560331
  616.215 26.5193944
  616.315 25.9243018
  616.415 25.685376
  616.515 25.5535616
  616.615 24.8875624
  616.715 25.3231315
  616.815 26.0254009
  616.915 25.0777359
  617.015 25.5810747
  617.115 25.0509417
  617.215 25.5334986
  617.315 25.4431172
  617.415 25.9599185
  617.515 24.6549757
  617.615 26.091014
  617.715 25.2451016
  617.815 25.6004188
  617.915 25.6131624
  618.015 25.9199233
  618.115 25.546765
  618.215 25.5535616
  618.315 25.7385069
  618.415 26.1770822
  618.515 25.9609641
  618.615 26.3039952
  618.715 26.3996048
  618.815 25.9043042
  618.915 26.0675527
  619.015 25.4026645
  619.115 26.3001395
  619.215 25.4521358
  619.315 26.4788764
  619.415 25.1481196
  619.515 26.6223887
  619.615 26.1129722
  619.715 25.9509653
  619.815 27.0361957
  619.915 25.4205055
  620.015 26.7801477
  620.115 25.540818
  620.215 26.4826668
  620.315 25.882346
  620.415 25.9804389
  620.515 26.1087243
  620.615 26.9741116
  620.715 25.7018446
  620.815 25.7035438
  620.915 25.7660853
  621.015 26.1154555
  621.115 25.9972997
  621.215 26.5565795
  621.315 25.6660319
  621.415 26.1422497
  621.515 26.8040664
  621.615 26.4611661
  621.715 26.2069479
  621.815 25.8416973
  621.915 26.7968778
  622.015 25.9325361
  622.115 26.4859997
  622.215 26.1430993
  622.315 25.5670894
  622.415 26.6513395
  622.515 27.1519336
  622.615 26.452605
  622.715 25.8356849
  622.815 26.802498
  622.915 26.5999731
  623.015 26.9395405
  623.115 25.8213729
  623.215 26.7519811
  623.315 26.715907
  623.415 26.3333381
  623.515 26.6976085
  623.615 26.3648376
  623.715 26.6805517
  623.815 26.899872
  623.915 26.9901881
  624.015 26.7492364
  624.115 27.0052843
  624.215 26.5435092
  624.315 26.4648258
  624.415 26.1146713
  624.515 26.2815142
  624.615 26.9367958
  624.715 26.7431587
  624.815 27.3880493
  624.915 26.6140237
  625.015 27.1525871
  625.115 26.6268326
  625.215 26.8953628
  625.315 27.2785198
  625.415 26.8507276
  625.515 26.8310567
  625.615 28.2204993
  625.715 26.7283892
  625.815 26.6478759
  625.915 26.5389999
  626.015 26.9525455
  626.115 27.6125324
  626.215 27.8166911
  626.315 26.1404852
  626.415 27.8253175
  626.515 27.0524029
  626.615 27.2075479
  626.715 26.807138
  626.815 26.6753889
  626.915 26.3179805
  627.015 26.5099838
  627.115 28.3019275
  627.215 27.2745987
  627.315 26.9143801
  627.415 26.6029139
  627.515 27.029007
  627.615 26.5642257
  627.715 26.9517613
  627.815 27.021753
  627.915 27.2878651
  628.015 27.6443586
  628.115 27.4806526
  628.215 27.1412812
  628.315 27.032536
  628.415 26.9114393
  628.515 26.718129
  628.615 26.4453509
  628.715 27.2429031
  628.815 27.257738
  628.915 26.7602155
  629.015 26.7144693
  629.115 27.4979708
  629.215 27.010055
  629.315 27.4862729
  629.415 26.7981848
  629.515 27.6686041
  629.615 27.7335637
  629.715 27.9636671
  629.815 26.960061
  629.915 27.4722876
  630.015 27.5875027
  630.115 27.4832013
  630.215 26.9217649
  630.315 27.3951072
  630.415 27.2703508
  630.515 27.8368194
  630.615 27.6012265
  630.715 27.232839
  630.815 27.6377581
  630.915 27.543521
  631.015 27.8831538
  631.115 27.2323815
  631.215 26.9398019
  631.315 27.2266306
  631.415 27.2798268
  631.515 27.5551536
  631.615 28.1991293
  631.715 27.7210162
  631.815 27.381122
  631.915 27.4454934
  632.015 26.9458796
  632.115 29.0739925
  632.215 27.6659901
  632.315 27.4635305
  632.415 28.3715924
  632.515 28.1286148
  632.615 27.4551001
  632.715 28.2798386
  632.815 27.9061576
  632.915 27.1668337
  633.015 27.0649504
  633.115 27.1157941
  633.215 28.4195605
  633.315 27.2215985
  633.415 27.6289356
  633.515 28.0146414
  633.615 27.4337301
  633.715 27.5487491
  633.815 26.889089
  633.915 27.7698993
  634.015 28.4136789
  634.115 27.8681882
  634.215 28.5079814
  634.315 27.9613798
  634.415 28.0062764
  634.515 28.2186041
  634.615 27.3251156
  634.715 27.9010601
  634.815 28.1587419
  634.915 27.6668396


# Stim 2 with 200 elements
#    Time   AMPLITUDE
  935.657 52.8028692
  935.757 52.4573547
  935.857 53.5637591
  935.957 52.7077825
  936.057 53.3409751
  936.157 52.7774474
  936.257 52.1850342
  936.357 53.9627312
  936.457 53.5030473
  936.557 53.4061961
  936.657 52.7306556
  936.757 53.6678643
  936.857 52.736864
  936.957 53.0910702
  937.057 53.5163791
  937.157 52.5287188
  937.257 53.101069
  937.357 52.5896919
  937.457 52.4923833
  937.557 52.1803942
  937.657 52.1675853
  937.757 51.9900901
  937.857 52.2229382
  937.957 52.8499878
  938.057 52.6743878
  938.157 52.0193023
  938.257 52.2824736
  938.357 52.6922288
  938.457 53.1569447
  938.557 53.1451814
  938.657 51.854812
  938.757 53.1053822
  938.857 52.4582697
  938.957 53.3977658
  939.057 51.7260038
  939.157 52.482123
  939.257 52.7252967
  939.357 52.8746254
  939.457 52.4921872
  939.557 52.3342975
  939.657 52.7896682
  939.757 52.4690527
  939.857 52.4178823
  939.957 53.5106281
  940.057 52.1745126
  940.157 51.6015088
  940.257 53.6190466
  940.357 52.2126126
  940.457 52.1784337
  940.557 52.5496967
  940.657 53.6044732
  940.757 51.9497027
  940.857 53.3612995
  940.957 52.1347134
  941.057 52.242609
  941.157 52.6321706
  941.257 52.6443913
  941.357 52.7919555
  941.457 53.8290216
  941.557 53.2770612
  941.657 52.9455973
  941.757 52.2961321
  941.857 53.3564635
  941.957 52.5631592
  942.057 53.0572834
  942.157 52.7129453
  942.257 52.1028871
  942.357 52.5309408
  942.457 52.0374047
  942.557 53.2874521
  942.657 52.7366026
  942.757 53.5638898
  942.857 53.7003441
  942.957 51.8846124
  943.057 52.6098203
  943.157 52.5941359
  943.257 52.8493343
  943.357 52.4590539
  943.457 52.9542237
  943.557 52.8787425
  943.657 51.8293249
  943.757 52.5815883
  943.857 52.9453359
  943.957 53.5673534
  944.057 52.8282257
  944.157 53.1215895
  944.257 52.4782673
  944.357 52.2495363
  944.457 52.799863
  944.557 53.004806
  944.657 53.0287247
  944.757 52.8230629
  944.857 52.9688625
  944.957 52.693209
  945.057 53.2497441
  945.157 53.099762
  945.257 52.6608599
  945.357 53.2206626
  945.457 52.468922
  945.557 52.5535525
  945.657 53.5619946
  945.757 52.9242927
  945.857 53.2759502
  945.957 53.4246907
  946.057 52.4306259
  946.157 52.5083944
  946.257 52.9969638
  946.357 53.8315704
  946.457 53.8779701
  946.557 54.2183217
  946.657 53.0595053
  946.757 53.3575091
  946.857 51.9893712
  946.957 52.7469935
  947.057 53.1886403
  947.157 53.1357708
  947.257 52.3948132
  947.357 53.3651553
  947.457 53.8085012
  947.557 52.790191
  947.657 53.1808635
  947.757 52.5836142
  947.857 52.4068379
  947.957 52.7054952
  948.057 53.1297584
  948.157 53.7223023
  948.257 53.3675733
  948.357 53.679693
  948.457 52.8831211
  948.557 52.4740194
  948.657 53.6578655
  948.757 52.8461974
  948.857 53.3047049
  948.957 53.4944863
  949.057 53.4378264
  949.157 52.8834479
  949.257 53.3947596
  949.357 52.5048654
  949.457 53.081921
  949.557 52.5996254
  949.657 53.2483718
  949.757 53.4281543
  949.857 52.9401078
  949.957 53.9158087
  950.057 53.2273939
  950.157 52.9328537
  950.257 53.7234133
  950.357 52.8558041
  950.457 52.5007483
  950.557 53.696423
  950.657 52.9012889
  950.757 54.1687852
  950.857 53.6125115
  950.957 53.3899236
  951.057 52.914686
  951.157 53.9754095
  951.257 53.9141749
  951.357 53.4029285
  951.457 53.2656246
  951.557 52.9612817
  951.657 53.8555544
  951.757 52.4664386
  951.857 52.8424723
  951.957 52.6132839
  952.057 53.6578002
  952.157 53.6224449
  952.257 53.4945516
  952.357 53.5440882
  952.457 54.1012768
  952.557 53.4200507
  952.657 52.4134384
  952.757 54.3360202
  952.857 53.692894
  952.957 53.1570101
  953.057 52.7814338
  953.157 52.6955617
  953.257 52.8727302
  953.357 52.7822181
  953.457 53.3977004
  953.557 53.577679
  953.657 53.5978727
  953.757 53.7091013
  953.857 52.6953656
  953.957 52.4466371
  954.057 53.2798713
  954.157 52.8553466
  954.257 52.9721301
  954.357 53.5459834
  954.457 53.9901136
  954.557 53.8230746
  954.657 52.8493996
  954.757 53.7196229
  954.857 54.473128
  954.957 53.5810773
  955.057 53.1486451
  955.157 52.6737996
  955.257 53.3122204
  955.357 51.9121255
  955.457 53.1960904
  955.557 52.923247


# Stim 3 with 200 elements
#    Time   AMPLITUDE
 1376.276 71.0550118
 1376.376 70.9582912
 1376.476 71.0332496
 1376.576 71.1616657
 1376.676 70.8667989
 1376.776 71.5435157
 1376.876 71.5813544
 1376.976 70.6764947
 1377.076 71.4968546
 1377.176 70.9948228
 1377.276 71.4671196
 1377.376 71.0312891
 1377.476 71.485026
 1377.576 71.0473656
 1377.676 71.9526174
 1377.776 71.5968427
 1377.876 70.4624025
 1377.976 71.230089
 1378.076 70.7734766
 1378.176  70.38947
 1378.276 70.5985301
 1378.376 70.5558554
 1378.476 70.9776353
 1378.576 70.5653314
 1378.676 70.3486252
 1378.776 70.3851568
 1378.876 70.7830833
 1378.976 71.8300176
 1379.076 71.0731142
 1379.176 70.1205478
 1379.276 71.2708031
 1379.376 70.4078338
 1379.476 70.2958864
 1379.576 70.0961716
 1379.676 70.6332319
 1379.776 69.5564318
 1379.876 71.6565742
 1379.976 69.8436526
 1380.076 70.081206
 1380.176 69.9526592
 1380.276 71.7630321
 1380.376 70.0838201
 1380.476 69.7454943
 1380.576 70.0742787
 1380.676 70.5681416
 1380.776 69.9997778
 1380.876 71.335632
 1380.976 70.1944605
 1381.076 70.6523799
 1381.176 70.9577684
 1381.276 70.7137452
 1381.376 71.6261856
 1381.476 71.2792335
 1381.576 71.173429
 1381.676 71.1296434
 1381.776 69.6187774
 1381.876 70.8247124
 1381.976 70.6376104
 1382.076 71.0386738
 1382.176 70.3396067
 1382.276 70.0699655
 1382.376 71.4777719
 1382.476 69.9871649
 1382.576 71.4278432
 1382.676 70.7651116
 1382.776 70.4151532
 1382.876 71.0038414
 1382.976 70.2476568
 1383.076 70.646629
 1383.176 70.5441575
 1383.276 70.8225557
 1383.376 70.506907
 1383.476 71.5895887
 1383.576 70.4184208
 1383.676 71.4079763
 1383.776 70.8412463
 1383.876 70.3677079
 1383.976 70.3493441
 1384.076 70.7703397
 1384.176 71.5799166
 1384.276 71.8991597
 1384.376 70.9848894
 1384.476 71.8816455
 1384.576 71.3447812
 1384.676 70.4980845
 1384.776 70.4810931
 1384.876 70.3955477
 1384.976 71.357198
 1385.076 69.9352757
 1385.176 70.0849964
 1385.276 71.154281
 1385.376 71.7421196
 1385.476 70.3252293
 1385.576 70.4094676
 1385.676 70.8585645
 1385.776 71.5593309
 1385.876 70.6215339
 1385.976 70.6749916
 1386.076 71.876548
 1386.176 70.7709279
 1386.276 70.5872243
 1386.376 70.9566574
 1386.476 72.0661333
 1386.576 71.2592358
 1386.676 70.9680286
 1386.776 71.1790493
 1386.876 70.1063664
 1386.976 71.657097
 1387.076 71.7744033
 1387.176 70.8703278
 1387.276 71.6158601
 1387.376 70.9174464
 1387.476 71.0846814
 1387.576 70.7945852
 1387.676 70.8247777
 1387.776 71.9224249
 1387.876 71.1367014
 1387.976 71.1239578
 1388.076 71.2163651
 1388.176 71.2726329
 1388.276 71.1486607
 1388.376 71.8932781
 1388.476 70.9454823
 1388.576 71.4807128
 1388.676 71.530184
 1388.776 71.3624915
 1388.876 71.9944425
 1388.976 71.2315267
 1389.076 70.3349013
 1389.176 70.8460824
 1389.276 71.0294592
 1389.376 71.765058
 1389.476 70.3648324
 1389.576 71.4256866
 1389.676 71.5503123
 1389.776 70.4909612
 1389.876 70.8381748
 1389.976 71.2190445
 1390.076 70.4036513
 1390.176 70.6176782
 1390.276 71.3590279
 1390.376 70.7553742
 1390.476 71.516068
 1390.576 70.9081665
 1390.676 71.2227042
 1390.776 71.1188604
 1390.876 70.1201556
 1390.976 71.9661452
 1391.076 71.1962368
 1391.176 70.2656939
 1391.276 70.5403671
 1391.376 70.468807
 1391.476 71.0012927
 1391.576 72.1818058
 1391.676 69.9572992
 1391.776 70.937248
 1391.876 71.5891312
 1391.976 71.1844735
 1392.076 70.9951496
 1392.176 71.9570613
 1392.276 71.1019343
 1392.376 70.2771958
 1392.476 71.9403966
 1392.576 70.9141788
 1392.676 70.263668
 1392.776 70.9121529
 1392.876 71.3065505
 1392.976 71.782899
 1393.076 70.7161632
 1393.176 70.1682545
 1393.276 71.2727636
 1393.376 71.4891431
 1393.476 71.2768154
 1393.576 71.2367548
 1393.676 71.4813663
 1393.776 71.6360538
 1393.876 70.3897968
 1393.976 71.5757341
 1394.076 72.3476684
 1394.176 70.920714
 1394.276 71.7143451
 1394.376 71.5782828
 1394.476 70.6892383
 1394.576 70.1332913
 1394.676 71.010834
 1394.776 70.9660027
 1394.876 71.0564495
 1394.976 70.9750213
 1395.076 70.2048514
 1395.176 70.3026829
 1395.276  71.06305
 1395.376 71.121017
 1395.476 70.6853172
 1395.576 71.8062296
 1395.676 71.3166146
 1395.776 72.3599546
 1395.876 70.1549227
 1395.976 70.9350914
 1396.076 71.7894342
 1396.176 71.224142


# Stim 4 with 200 elements
#    Time   AMPLITUDE
 1996.888   84.0766
 1997.088 84.5997404
 1997.288 84.4464907
 1997.488 83.5644387
 1997.688 84.6696667
 1997.888 84.7384167
 1998.088 83.2714017
 1998.288 83.1835037
 1998.488 83.8112721
 1998.688 83.8606127
 1998.888 84.1084263
 1999.088 83.7706887
 1999.288 84.2029249
 1999.488 83.9238731
 1999.688 84.7041724
 1999.888 84.5414467
 2000.088 83.9547845
 2000.288 84.0698035
 2000.488 82.9683005
 2000.688 83.7686628
 2000.888 82.7677361
 2001.088 83.941126
 2001.288 83.7604285
 2001.488 84.3433657
 2001.688 84.1140466
 2001.888 84.3312103
 2002.088 84.2521347
 2002.288 83.0043093
 2002.488 85.1545764
 2002.688 85.2923378
 2002.888 84.5288338
 2003.088 83.510785
 2003.288 84.088298
 2003.488 83.5961997
 2003.688 84.8263148
 2003.888 84.0821549
 2004.088 83.6263922
 2004.288 84.0774496
 2004.488 84.3823807
 2004.688 84.4909298
 2004.888 84.4986413
 2005.088 84.0873177
 2005.288 83.7863078
 2005.488 83.8794993
 2005.688 84.1198629
 2005.888 84.1765228
 2006.088 83.7676825
 2006.288 85.5110699
 2006.488 83.105343
 2006.688 85.3546833
 2006.888 84.3794398
 2007.088 83.5456174
 2007.288 84.1988731
 2007.488 83.6949461
 2007.688 83.8746633
 2007.888 84.6353571
 2008.088 84.1905081
 2008.288 84.3171597
 2008.488 84.0390228
 2008.688 83.4130842
 2008.888 83.8762971
 2009.088 83.5847631
 2009.288 83.4859513
 2009.488 83.9024377
 2009.688 84.4830223
 2009.888 84.0768614
 2010.088 84.5415121
 2010.288 83.872572
 2010.488 85.1707183
 2010.688 84.3512732
 2010.888 84.4853749
 2011.088 84.1801171
 2011.288 83.781145
 2011.488 84.371859
 2011.688 85.0585094
 2011.888 84.3874127
 2012.088 85.069031
 2012.288 84.0244494
 2012.488 83.6810915
 2012.688 84.5982373
 2012.888 83.876101
 2013.088 84.400091
 2013.288 83.9631495
 2013.488 84.5428191
 2013.688 85.5692329
 2013.888 84.3666309
 2014.088 85.1252988
 2014.288 83.9456352
 2014.488 84.8036377
 2014.688 84.3899615
 2014.888 85.2186864
 2015.088 84.0260178
 2015.288 85.2006493
 2015.488 85.070142
 2015.688 84.9351907
 2015.888 84.6237898
 2016.088 84.6640465
 2016.288 84.3712709
 2016.488 86.0346678
 2016.688 85.0160308
 2016.888 83.9738018
 2017.088 84.6597986
 2017.288 84.7241701
 2017.488 84.9250612
 2017.688 84.700382
 2017.888 85.5862897
 2018.088 86.2568636
 2018.288 86.0607431
 2018.488 85.4647356
 2018.688 85.2306458
 2018.888 85.4154604
 2019.088 83.3713245
 2019.288 85.3145574
 2019.488 85.8918089
 2019.688 84.4096323
 2019.888 84.1099948
 2020.088 85.5059071
 2020.288 84.602812
 2020.488 84.748677
 2020.688 85.0376622
 2020.888 85.4419932
 2021.088 84.8574875
 2021.288 85.5609986
 2021.488 85.8708964
 2021.688 84.4304142
 2021.888 84.4762257
 2022.088 85.0852382
 2022.288 83.4424925
 2022.488 86.1990273
 2022.688 85.5397593
 2022.888 85.1724828
 2023.088 86.0826359
 2023.288 84.5632742
 2023.488 84.0028833
 2023.688 85.8163277
 2023.888 85.7831291
 2024.088 86.0040178
 2024.288 86.2022949
 2024.488 85.4010177
 2024.688 86.8234628
 2024.888 84.8570301
 2025.088 85.7938467
 2025.288 85.2388147
 2025.488 86.2564715
 2025.688 86.654398
 2025.888 84.7327965
 2026.088 85.3425279
 2026.288 84.7159358
 2026.488 86.5212112
 2026.688 84.6119612
 2026.888 85.2010414
 2027.088 85.3822617
 2027.288 85.6498769
 2027.488 85.6919634
 2027.688 85.2684844
 2027.888 85.0436092
 2028.088 85.0353749
 2028.288 86.1704686
 2028.488 85.4832301
 2028.688 84.9446014
 2028.888 83.7660487
 2029.088 86.1415832
 2029.288 86.7481777
 2029.488 84.7777585
 2029.688 84.4107433
 2029.888 84.728614
 2030.088 85.7469896
 2030.288 85.5507384
 2030.488 85.8713539
 2030.688 86.2522889
 2030.888 85.0032218
 2031.088 85.1945063
 2031.288 84.4925636
 2031.488 85.6843173
 2031.688 85.4176823
 2031.888 84.710969
 2032.088 86.2631373
 2032.288 85.5699518
 2032.488 85.2356778
 2032.688 84.9486532
 2032.888  86.37698
 2033.088 84.7110344
 2033.288 85.9634998
 2033.488 84.875786
 2033.688 85.2164644
 2033.888 84.9747285
 2034.088 84.8846738
 2034.288 85.5635473
 2034.488 85.0979165
 2034.688 86.5082062
 2034.888 85.3517425
 2035.088 85.5276693
 2035.288 85.5752453
 2035.488 85.1132741
 2035.688 86.8867233
 2035.888 85.5663575
 2036.088 85.597857
 2036.288 86.0500254
 2036.488 85.2927952
 2036.688 86.8828022


