# Data from DA_130130_E4.h5 stim 3
# Ratiometric estimator
# Ratiometric estimator:
#    Time    Ca (est)    Ca (se)
 2130.015 0.0411543694 0.00185485438
 2130.115 0.0409868529 0.0018755106
 2130.215 0.0347845044 0.001784776
 2130.315 0.0368960922 0.0018427156
 2130.415 0.0386803767 0.00184277365
 2130.515 0.037542632 0.00181854414
 2130.615 0.0376220735 0.00180219155
 2130.715 0.0396757096 0.00184733005
 2130.815 0.0370897552 0.00182418667
 2130.915 0.0369349684 0.00180161127
 2131.015 0.0365896525 0.00183775302
 2131.115 0.0382346924 0.00184745643
 2131.215 0.038215888 0.00183128519
 2131.315 0.0392961998 0.00185192983
 2131.415 0.0361998888 0.00181383693
 2131.515 0.0420694611 0.00191374201
 2131.615 0.04837359 0.00198803413
 2131.715 0.0611228629 0.00214710489
 2131.815 0.0673379746 0.00228206779
 2131.915 0.0762573016 0.00237661016
 2132.015 0.0909817774 0.00265816225
 2132.115 0.089846937 0.00266763439
 2132.215 0.0911783347 0.00262165297
 2132.315 0.0928149203 0.00264905723
 2132.415 0.0844712629 0.00256183683
 2132.515 0.0865166871 0.00258819903
 2132.615 0.0887721237 0.00264950052
 2132.715 0.0841776405 0.00255092791
 2132.815 0.081398121 0.00249103927
 2132.915 0.0797113153 0.00245350805
 2133.015 0.0780137419 0.00244196627
 2133.115 0.0761170777 0.00240933007
 2133.215 0.0756306626 0.00237746527
 2133.315 0.0702927854 0.00233206656
 2133.415 0.0704130565 0.00233942031
 2133.515 0.0727645203 0.00233370775
 2133.615 0.0720642933 0.00234514475
 2133.715 0.068683665 0.00226687219
 2133.815 0.0642948927 0.00222382432
 2133.915 0.067049323 0.00226428967
 2134.015 0.0650494078 0.00222540506
 2134.115 0.065145707 0.00223294898
 2134.215 0.0631443605 0.00222731052
 2134.315 0.0616545661 0.00217564332
 2134.415 0.062224452 0.00219765439
 2134.515 0.0616441916 0.00220153246
 2134.615 0.0607530839 0.00217822872
 2134.715 0.059889707 0.0021170258
 2134.815 0.0585581043 0.00210194882
 2134.915 0.0592047374 0.00212533608
 2135.015 0.0553703015 0.00208939565
 2135.115 0.058176598 0.00209256766
 2135.215 0.0558861778 0.00208410519
 2135.315 0.0546391408 0.00205918863
 2135.415 0.0568730781 0.00211697991
 2135.515 0.0540211019 0.00204142325
 2135.615 0.0514630229 0.00202703885
 2135.715 0.049687533 0.00199486563
 2135.815 0.0502779481 0.00198272703
 2135.915 0.0525851946 0.00205168563
 2136.015 0.0505318459 0.00205061977
 2136.115 0.050451773 0.00200206437
 2136.215 0.0457730966 0.00195580032
 2136.315 0.049140134 0.00198256599
 2136.415 0.0472724791 0.00194896866
 2136.515 0.0455803393 0.00196204213
 2136.615 0.0486567337 0.00199122251
 2136.715 0.0496609143 0.00200554083
 2136.815 0.0483503581 0.00195888209
 2136.915 0.0460075789 0.00193864644
 2137.015 0.0493644902 0.00200033821
 2137.115 0.0486774267 0.00199403473
 2137.215 0.0517248986 0.00204046422
 2137.315 0.0492171352 0.00200471815
 2137.415 0.0471555364 0.00197839374
 2137.515 0.0429613933 0.00188152629
 2137.615 0.0451321963 0.00192572774
 2137.715 0.0450786697 0.00193640268
 2137.815 0.0441794272 0.00191578091
 2137.915 0.0486067378 0.00197633046
 2138.015 0.0424761765 0.00190256458
 2138.115 0.0432204694 0.0019294846
 2138.215 0.043547938 0.00191012165
 2138.315 0.0423970891 0.00190097444
 2138.415 0.0445122307 0.00190722478
 2138.515 0.0402682011 0.00187886797
 2138.615 0.0468160158 0.00195787531
 2138.715 0.0439276932 0.00192530267
 2138.815 0.0392697462 0.00186681093
 2138.915 0.0425830708 0.00191150029
 2139.015 0.0393859544 0.00185146416
 2139.115 0.0414548999 0.0018632779
 2139.215 0.0403340525 0.00189234694
 2139.315 0.0414628683 0.00188430962
 2139.415 0.0429817556 0.00187326102
 2139.515 0.0407857513 0.00187922695
 2139.615 0.0379752348 0.00180613723
 2139.715 0.0422297779 0.00191511424
 2139.815 0.0398673209 0.00185739771
 2139.915 0.0411900704 0.00186784231
 2140.015 0.0447740667 0.00192555623
 2140.115 0.0412630299 0.00184104041
 2140.215 0.0393418891 0.00183297518
 2140.315 0.042012031 0.00186365284
 2140.415 0.0396835068 0.00187111324
 2140.515 0.0372448033 0.00183707257
 2140.615 0.0464867704 0.00195189735
 2140.715 0.0363037576 0.00181623277
 2140.815 0.0391855933 0.00184150496
 2140.915 0.0394452611 0.0018780832
 2141.015 0.0402459403 0.00186641325
 2141.115 0.0420429486 0.0018930422
 2141.215 0.0386597828 0.00187613909
 2141.315 0.0407686614 0.0018662366
 2141.415 0.0390365141 0.00184812073
 2141.515 0.0400723397 0.00185147591
 2141.615 0.041959456 0.00189774153
 2141.715 0.0396827944 0.00187338934
 2141.815 0.0403214774 0.00184967003
 2141.915 0.0405949369 0.00186468247
 2142.015 0.0387218395 0.0018420202
 2142.115 0.0438413293 0.0019264214
 2142.215 0.0343018661 0.0017960997
 2142.315 0.0400936378 0.00182469871
 2142.415 0.0399803444 0.00183284153
 2142.515 0.0399411839 0.00185565185
 2142.615 0.0376761918 0.00184795049
 2142.715 0.0436876687 0.00189902827
 2142.815 0.0412062362 0.00188252371
 2142.915 0.038174424 0.00180058034
 2143.015 0.0411618647 0.00189033772
 2143.115 0.0409136923 0.00184762751
 2143.215 0.0375073926 0.00182344578
 2143.315 0.0389676991 0.00185545705
 2143.415 0.0373470751 0.00184569431
 2143.515 0.0372753473 0.00182934718
 2143.615 0.0369583904 0.0018044642
 2143.715 0.0381043826 0.00180966499
 2143.815 0.0389771049 0.00182185476
 2143.915 0.0371675623 0.00182118198
 2144.015 0.0386159964 0.00182045137
 2144.115 0.037059092 0.0018117572
 2144.215 0.0350505861 0.00178137314
 2144.315 0.0409991036 0.00183491065
 2144.415 0.0359136772 0.00180519147
 2144.515 0.0393790029 0.0018383452
 2144.615 0.0388073109 0.00184887199
 2144.715 0.0391011427 0.00182315034
 2144.815 0.0380343165 0.00182580567
 2144.915 0.0385669754 0.00187135254
 2145.015 0.0385039505 0.00182944648
 2145.115 0.0368791339 0.00179915232
 2145.215 0.0363679791 0.00179804488
 2145.315 0.0386020969 0.0018324563
 2145.415 0.0401680415 0.00184931833
 2145.515 0.0388774548 0.00180425854
 2145.615 0.0350430747 0.00178837576
 2145.715 0.0342118855 0.0017686715
 2145.815 0.0359621567 0.00182808718
 2145.915 0.0384000628 0.00183525465
 2146.015 0.0357562689 0.00181084226
 2146.115 0.0367711304 0.001791455
 2146.215 0.038457866 0.00181387908
 2146.315 0.0369923326 0.00181005922
 2146.415 0.0377675347 0.00183125298
 2146.515 0.0383964589 0.00184340515
 2146.615 0.0399862715 0.00184398513
 2146.715 0.037062006 0.00181950615
 2146.815 0.0380492621 0.00181529435
 2146.915 0.0385089656 0.00183656022
 2147.015 0.0371546047 0.00181347802
 2147.115 0.0354838539 0.00180176882
 2147.215 0.037283123 0.0018083273
 2147.315 0.0391703849 0.00183129059
 2147.415 0.0376871381 0.00184008826
 2147.515 0.0350541201 0.00179213954
 2147.615 0.039282808 0.00184387449
 2147.715 0.0388282079 0.00182337883
 2147.815 0.0391526241 0.00184289227
 2147.915 0.0406975861 0.00184573618
 2148.015 0.0374526782 0.00181822847
 2148.115 0.0400514296 0.00183673247
 2148.215 0.0395514319 0.00184142574
 2148.315 0.0373036734 0.00183887604
 2148.415 0.0387928161 0.0018237228
 2148.515 0.0374167422 0.00181707639
 2148.615 0.0371012481 0.00182062124
 2148.715 0.0398859901 0.00182156053
 2148.815 0.0379315609 0.00182502328
 2148.915 0.0403902601 0.00183564314
 2149.015 0.0350358536 0.00178545602
 2149.115 0.035653259 0.00179837249
 2149.215 0.0444662574 0.00190919737
 2149.315 0.0377396464 0.00184459561
 2149.415 0.0356964316 0.00178972685
 2149.515 0.0364676412 0.00178757815
 2149.615 0.0381851546 0.0018363656
 2149.715 0.0374427126 0.00181172523
 2149.815 0.0363511989 0.00181474175
 2149.915 0.035126188 0.00180644473


