# Data from DA_130130_E4.h5 stim 1
# Ratiometric estimator mono-exponential fit
# Fitted model Ca = baseline+delta*exp(-(t-t0)/tau)
# nobs = 182
# number of degrees of freedom = 179
# baseline length = 7
# fit started from point 25
# estimated baseline 0.0430217 and standard error 0.000484343
# estimated delta 0.0449902 and standard error 0.00330315
# estimated tau 1.55719 and standard error 0.1648
# residual sum of squares: 164.316
# RSS per degree of freedom: 0.917964
# Probability of observing a larger of equal RSS per DOF under the null hypothesis: 0.777239

# rss per degree of freedom: 0.917964

# Time    Ca  Prediction  Residual
1370.02 0.0363703 0.0430217 -1.25638
1370.12 0.0459231 0.0430217 0.515377
1370.21 0.0439762 0.0430217 0.17373
1370.31 0.0518837 0.0430217 1.55831
1370.41 0.0428205 0.0430217 -0.0373095
1370.51 0.052964 0.0430217 1.70702
1370.61 0.04231 0.0430217 -0.132279

1372.51 0.0897281 0.0880119 0.228165
1372.61 0.0946027 0.0852135 1.19613
1372.71 0.0841382 0.0825892 0.219158
1372.81 0.0931561 0.0801281 1.76245
1372.91 0.076672 0.0778201 -0.167446
1373.01 0.0671754 0.0756556 -1.34541
1373.11 0.0731304 0.0736258 -0.0743949
1373.21 0.0701098 0.0717222 -0.250706
1373.31 0.0710918 0.0699371 0.175006
1373.41 0.0634516 0.0682629 -0.773094
1373.51 0.0599759 0.0666929 -1.09739
1373.61 0.053669 0.0652206 -1.9747
1373.71 0.0600883 0.0638398 -0.616422
1373.81 0.0591694 0.0625449 -0.556366
1373.91 0.0693546 0.0613306 1.25266
1374.01 0.0495608 0.0601918 -1.85248
1374.11 0.0677459 0.0591238 1.34442
1374.21 0.0548572 0.0581223 -0.546662
1374.31 0.0634342 0.057183 1.01535
1374.41 0.0513822 0.0563022 -0.8733
1374.51 0.0553894 0.0554761 -0.0144084
1374.61 0.0518317 0.0547015 -0.487568
1374.71 0.0684639 0.053975 2.34232
1374.81 0.0575035 0.0532937 0.706514
1374.91 0.0503122 0.0526548 -0.419985
1375.01 0.0544852 0.0520556 0.410167
1375.11 0.0620379 0.0514937 1.73138
1375.21 0.055383 0.0509667 0.741082
1375.31 0.0515211 0.0504725 0.185441
1375.41 0.052587 0.0500091 0.440528
1375.51 0.0557288 0.0495745 1.03477
1375.61 0.0577252 0.0491669 1.44801
1375.71 0.047845 0.0487847 -0.167567
1375.81 0.0448708 0.0484262 -0.663565
1375.91 0.0530997 0.0480901 0.853845
1376.01 0.0483623 0.0477748 0.104123
1376.11 0.0422007 0.0474792 -0.988153
1376.21 0.0516979 0.0472019 0.782657
1376.31 0.0460243 0.0469419 -0.167123
1376.41 0.0529727 0.0466981 1.12098
1376.51 0.0463969 0.0464694 -0.0132093
1376.61 0.043457 0.0462549 -0.519617
1376.71 0.0471282 0.0460538 0.198377
1376.81 0.0380951 0.0458652 -1.48787
1376.91 0.0422909 0.0456884 -0.632169
1377.01 0.0458208 0.0455225 0.0541108
1377.11 0.0380414 0.0453669 -1.42071
1377.21 0.0470395 0.0452211 0.326832
1377.31 0.0423966 0.0450843 -0.493548
1377.41 0.0382901 0.044956 -1.23917
1377.51 0.047251 0.0448357 0.445092
1377.61 0.0479436 0.0447228 0.594264
1377.71 0.0387738 0.044617 -1.1017
1377.81 0.0420869 0.0445178 -0.457797
1377.91 0.0467546 0.0444247 0.435813
1378.01 0.0464646 0.0443375 0.392586
1378.11 0.0477312 0.0442556 0.625438
1378.21 0.037589 0.0441789 -1.27378
1378.31 0.0497177 0.0441069 1.00086
1378.41 0.0384253 0.0440394 -1.10134
1378.51 0.0468761 0.0439761 0.532305
1378.61 0.0378535 0.0439167 -1.18329
1378.71 0.0459438 0.0438611 0.378739
1378.81 0.0384293 0.0438088 -1.07
1378.91 0.0503589 0.0437599 1.19307
1379.01 0.0538828 0.043714 1.78894
1379.11 0.04817 0.0436709 0.83328
1379.21 0.0490978 0.0436305 1.0049
1379.31 0.040747 0.0435927 -0.546744
1379.41 0.0428358 0.0435571 -0.138605
1379.51 0.0458697 0.0435238 0.434774
1379.61 0.0462297 0.0434926 0.516642
1379.71 0.0368803 0.0434633 -1.30564
1379.81 0.0421091 0.0434358 -0.26157
1379.91 0.046635 0.0434101 0.594676
1380.01 0.0458883 0.0433859 0.461393
1380.11 0.0366716 0.0433633 -1.32001
1380.21 0.0448043 0.043342 0.274643
1380.31 0.0415162 0.0433221 -0.343746
1380.41 0.0463826 0.0433034 0.565916
1380.51 0.0459084 0.0432859 0.495215
1380.61 0.0495809 0.0432694 1.11971
1380.71 0.0372394 0.043254 -1.18075
1380.81 0.0506226 0.0432396 1.33101
1380.91 0.0351645 0.043226 -1.58051
1381.01 0.0412884 0.0432133 -0.362741
1381.11 0.0550251 0.0432014 2.08456
1381.21 0.0453836 0.0431902 0.412138
1381.31 0.0362141 0.0431797 -1.35289
1381.41 0.0406088 0.0431699 -0.480391
1381.51 0.0449701 0.0431607 0.340091
1381.61 0.0362875 0.043152 -1.36894
1381.71 0.0375454 0.0431439 -1.07086
1381.81 0.039674 0.0431363 -0.659105
1381.91 0.0387312 0.0431292 -0.867486
1382.01 0.0451243 0.0431225 0.372828
1382.11 0.0484458 0.0431162 0.953683
1382.21 0.0420813 0.0431104 -0.196014
1382.31 0.0343508 0.0431048 -1.75473
1382.41 0.0478307 0.0430997 0.891156
1382.51 0.0391504 0.0430948 -0.751419
1382.61 0.0412139 0.0430903 -0.348931
1382.71 0.0484304 0.043086 0.978091
1382.81 0.0425354 0.043082 -0.103427
1382.91 0.049981 0.0430782 1.30232
1383.01 0.0478829 0.0430747 0.896336
1383.11 0.0532597 0.0430714 1.81267
1383.21 0.0472325 0.0430683 0.787503
1383.31 0.0377219 0.0430654 -1.05233
1383.41 0.0514255 0.0430627 1.48985
1383.51 0.0459308 0.0430602 0.529789
1383.61 0.0507531 0.0430578 1.39753
1383.71 0.047491 0.0430555 0.840169
1383.81 0.0417638 0.0430534 -0.243615
1383.91 0.0525073 0.0430514 1.71938
1384.01 0.0502189 0.0430496 1.31092
1384.11 0.0501627 0.0430479 1.31345
1384.21 0.0458917 0.0430462 0.535631
1384.31 0.0393693 0.0430447 -0.741701
1384.41 0.0423847 0.0430433 -0.126335
1384.51 0.0463035 0.0430419 0.616265
1384.61 0.047484 0.0430407 0.828167
1384.71 0.0421554 0.0430395 -0.172167
1384.81 0.0470565 0.0430384 0.744276
1384.91 0.0350785 0.0430373 -1.58499
1385.01 0.0460435 0.0430364 0.553581
1385.11 0.039257 0.0430354 -0.730148
1385.21 0.0425678 0.0430346 -0.0905528
1385.31 0.0403351 0.0430338 -0.530328
1385.41 0.0512214 0.043033 1.51505
1385.51 0.0379448 0.0430323 -1.03538
1385.61 0.054685 0.0430317 2.10123
1385.71 0.0424693 0.043031 -0.108275
1385.81 0.0502099 0.0430305 1.28895
1385.91 0.0370319 0.0430299 -1.20718
1386.01 0.0451903 0.0430294 0.40832
1386.11 0.0376916 0.0430289 -1.07747
1386.21 0.0434426 0.0430285 0.0789035
1386.31 0.0407809 0.043028 -0.437824
1386.41 0.0477762 0.0430277 0.87062
1386.51 0.0444372 0.0430273 0.268398
1386.61 0.0414065 0.0430269 -0.310766
1386.71 0.0499913 0.0430266 1.28721
1386.81 0.0448637 0.0430263 0.34843
1386.91 0.0389112 0.043026 -0.80879
1387.01 0.052837 0.0430257 1.78202
1387.11 0.0408573 0.0430255 -0.424235
1387.21 0.0431468 0.0430253 0.0233714
1387.31 0.0404907 0.043025 -0.493395
1387.41 0.0409478 0.0430248 -0.402565
1387.51 0.0409171 0.0430246 -0.408
1387.61 0.0433345 0.0430244 0.0587152
1387.71 0.0449124 0.0430243 0.359046
1387.81 0.0439098 0.0430241 0.165438
1387.91 0.0469137 0.043024 0.737235
1388.01 0.0376829 0.0430238 -1.04458
1388.11 0.0479819 0.0430237 0.923483
1388.21 0.0431268 0.0430236 0.0199798
1388.31 0.0398242 0.0430234 -0.633436
1388.41 0.0431119 0.0430233 0.0173253
1388.51 0.041359 0.0430232 -0.32447
1388.61 0.0387979 0.0430231 -0.837167
1388.71 0.0330967 0.043023 -2.08066
1388.81 0.0411128 0.043023 -0.375101
1388.91 0.041825 0.0430229 -0.234216
1389.01 0.0402635 0.0430228 -0.53564
1389.11 0.0410783 0.0430227 -0.384327
1389.21 0.0410157 0.0430227 -0.391069
1389.31 0.0339992 0.0430226 -1.83631
1389.41 0.0385548 0.0430225 -0.882589
1389.51 0.0418908 0.0430225 -0.218021
1389.61 0.0391188 0.0430224 -0.786452
1389.71 0.0315794 0.0430224 -2.42296
1389.81 0.0423616 0.0430223 -0.124621
1389.91 0.0414573 0.0430223 -0.308639
