# τ vs mean κ linear regression for data set DA_130130_E4.h5
# Using stimulation: 1, 2, 3, 4, 5
# Best fit: tau = 0.730141 + 0.0131489 kappa_Fura
# Covariance matrix:
# [ +2.32907e-02, -1.35420e-04  
#   -1.35420e-04, +1.01298e-06  ]
# Total sum of squares (TSS) = 183.565
# chisq (Residual sum of squares, RSS) = 12.8869
# Probability of observing a larger of equal RSS per DOF under the null hypothesis: 0.00488771
# R squared (1-RSS/TSS) = 0.929797
# Estimated gamma/v with standard error: 76.0519 +/- 5.82131
# Estimates kappa_S with standard error (using error propagation): 54.5286 +/- 12.3603
# kappa_S confidence intervals based on parametric bootstrap
# 0.95 CI for kappa_S: [27.797,90.0426]
# 0.99 CI for kappa_S: [21.3868,105.813]


# The data
# κ_Fura  τ   τ_SE
41.6985 1.55719 0.1648
99.4258 1.94367 0.120784
165.431 2.78147 0.133035
240.762 3.6884 0.209818
317.758 5.86966 0.349246


# The fitted data
# Preticted values with lower and upper bounds of 0.95 CI
# κ_Fura  τ   τ_lwr  τ_upr
-69.1608 -0.179248 -0.603567 0.24507
-67.5495 -0.158062 -0.579385 0.26326
-65.9383 -0.136876 -0.555205 0.281453
-64.3271 -0.11569 -0.531029 0.299648
-62.7158 -0.0945044 -0.506855 0.317846
-61.1046 -0.0733185 -0.482684 0.336047
-59.4934 -0.0521326 -0.458516 0.354251
-57.8822 -0.0309467 -0.434351 0.372458
-56.2709 -0.00976075 -0.410189 0.390668
-54.6597 0.0114252 -0.386031 0.408881
-53.0485 0.0326111 -0.361875 0.427097
-51.4372 0.053797 -0.337723 0.445317
-49.826 0.0749829 -0.313574 0.46354
-48.2148 0.0961689 -0.289429 0.481766
-46.6036 0.117355 -0.265287 0.499996
-44.9923 0.138541 -0.241148 0.51823
-43.3811 0.159727 -0.217014 0.536467
-41.7699 0.180913 -0.192883 0.554708
-40.1586 0.202098 -0.168756 0.572953
-38.5474 0.223284 -0.144633 0.591201
-36.9362 0.24447 -0.120513 0.609454
-35.325 0.265656 -0.0963986 0.627711
-33.7137 0.286842 -0.0722879 0.645972
-32.1025 0.308028 -0.0481815 0.664238
-30.4913 0.329214 -0.0240797 0.682508
-28.88 0.3504 1.76428e-05 0.700782
-27.2688 0.371586 0.0241103 0.719061
-25.6576 0.392772 0.0481981 0.737345
-24.0464 0.413958 0.072281 0.755634
-22.4351 0.435144 0.0963589 0.773928
-20.8239 0.45633 0.120432 0.792227
-19.2127 0.477515 0.144499 0.810532
-17.6014 0.498701 0.168561 0.828842
-15.9902 0.519887 0.192617 0.847157
-14.379 0.541073 0.216668 0.865479
-12.7678 0.562259 0.240712 0.883806
-11.1565 0.583445 0.264751 0.902139
-9.5453 0.604631 0.288784 0.920478
-7.93407 0.625817 0.31281 0.938824
-6.32284 0.647003 0.336829 0.957177
-4.71161 0.668189 0.360842 0.975536
-3.10039 0.689375 0.384848 0.993902
-1.48916 0.710561 0.408846 1.01227
0.122071 0.731746 0.432837 1.03066
1.7333 0.752932 0.456821 1.04904
3.34453 0.774118 0.480797 1.06744
4.95576 0.795304 0.504765 1.08584
6.56699 0.81649 0.528725 1.10426
8.17821 0.837676 0.552677 1.12268
9.78944 0.858862 0.576619 1.1411
11.4007 0.880048 0.600553 1.15954
13.0119 0.901234 0.624477 1.17799
14.6231 0.92242 0.648393 1.19645
16.2344 0.943606 0.672298 1.21491
17.8456 0.964792 0.696193 1.23339
19.4568 0.985978 0.720078 1.25188
21.068 1.00716 0.743952 1.27038
22.6793 1.02835 0.767815 1.28888
24.2905 1.04954 0.791666 1.3074
25.9017 1.07072 0.815506 1.32594
27.513 1.09191 0.839334 1.34448
29.1242 1.11309 0.863149 1.36304
30.7354 1.13428 0.886952 1.38161
32.3466 1.15546 0.910741 1.40019
33.9579 1.17665 0.934516 1.41879
35.5691 1.19784 0.958277 1.4374
37.1803 1.21902 0.982024 1.45602
38.7916 1.24021 1.00576 1.47466
40.4028 1.26139 1.02947 1.49332
42.014 1.28258 1.05317 1.51199
43.6252 1.30377 1.07685 1.53068
45.2365 1.32495 1.10052 1.54939
46.8477 1.34614 1.12417 1.56811
48.4589 1.36732 1.1478 1.58685
50.0702 1.38851 1.17141 1.60561
51.6814 1.4097 1.195 1.62439
53.2926 1.43088 1.21857 1.6432
54.9038 1.45207 1.24212 1.66202
56.5151 1.47325 1.26565 1.68086
58.1263 1.49444 1.28915 1.69973
59.7375 1.51563 1.31263 1.71862
61.3488 1.53681 1.33609 1.73753
62.96 1.558 1.35952 1.75647
64.5712 1.57918 1.38293 1.77544
66.1824 1.60037 1.40631 1.79443
67.7937 1.62156 1.42966 1.81345
69.4049 1.64274 1.45299 1.83249
71.0161 1.66393 1.47628 1.85157
72.6274 1.68511 1.49955 1.87068
74.2386 1.7063 1.52278 1.88982
75.8498 1.72748 1.54598 1.90899
77.461 1.74867 1.56915 1.92819
79.0723 1.76986 1.59228 1.94743
80.6835 1.79104 1.61538 1.96671
82.2947 1.81223 1.63844 1.98602
83.906 1.83341 1.66146 2.00537
85.5172 1.8546 1.68444 2.02476
87.1284 1.87579 1.70738 2.0442
88.7396 1.89697 1.73027 2.06367
90.3509 1.91816 1.75313 2.08319
91.9621 1.93934 1.77594 2.10275
93.5733 1.96053 1.7987 2.12236
95.1846 1.98172 1.82142 2.14201
96.7958 2.0029 1.84409 2.16172
98.407 2.02409 1.8667 2.18147
100.018 2.04527 1.88927 2.20128
101.629 2.06646 1.91178 2.22114
103.241 2.08765 1.93424 2.24105
104.852 2.10883 1.95664 2.26102
106.463 2.13002 1.97899 2.28105
108.074 2.1512 2.00127 2.30113
109.686 2.17239 2.0235 2.32128
111.297 2.19358 2.04566 2.34149
112.908 2.21476 2.06777 2.36175
114.519 2.23595 2.08981 2.38209
116.131 2.25713 2.11178 2.40248
117.742 2.27832 2.13369 2.42294
119.353 2.2995 2.15554 2.44347
120.964 2.32069 2.17731 2.46407
122.575 2.34188 2.19902 2.48473
124.187 2.36306 2.22066 2.50546
125.798 2.38425 2.24223 2.52627
127.409 2.40543 2.26373 2.54714
129.02 2.42662 2.28516 2.56808
130.632 2.44781 2.30651 2.5891
132.243 2.46899 2.3278 2.61018
133.854 2.49018 2.34901 2.63134
135.465 2.51136 2.37016 2.65257
137.077 2.53255 2.39123 2.67387
138.688 2.55374 2.41223 2.69524
140.299 2.57492 2.43316 2.71669
141.91 2.59611 2.45401 2.7382
143.521 2.61729 2.4748 2.75978
145.133 2.63848 2.49552 2.78144
146.744 2.65967 2.51617 2.80316
148.355 2.68085 2.53675 2.82495
149.966 2.70204 2.55727 2.84681
151.578 2.72322 2.57771 2.86873
153.189 2.74441 2.5981 2.89072
154.8 2.76559 2.61841 2.91278
156.411 2.78678 2.63867 2.93489
158.022 2.80797 2.65886 2.95707
159.634 2.82915 2.67899 2.97931
161.245 2.85034 2.69907 3.00161
162.856 2.87152 2.71908 3.02397
164.467 2.89271 2.73904 3.04638
166.079 2.9139 2.75894 3.06885
167.69 2.93508 2.77879 3.09137
169.301 2.95627 2.79859 3.11395
170.912 2.97745 2.81833 3.13658
172.524 2.99864 2.83802 3.15926
174.135 3.01983 2.85767 3.18198
175.746 3.04101 2.87727 3.20476
177.357 3.0622 2.89682 3.22757
178.968 3.08338 2.91633 3.25044
180.58 3.10457 2.93579 3.27335
182.191 3.12576 2.95522 3.29629
183.802 3.14694 2.9746 3.31928
185.413 3.16813 2.99394 3.34231
187.025 3.18931 3.01325 3.36538
188.636 3.2105 3.03252 3.38848
190.247 3.23169 3.05175 3.41162
191.858 3.25287 3.07095 3.4348
193.47 3.27406 3.09011 3.458
195.081 3.29524 3.10924 3.48124
196.692 3.31643 3.12834 3.50451
198.303 3.33761 3.14741 3.52782
199.914 3.3588 3.16645 3.55115
201.526 3.37999 3.18547 3.57451
203.137 3.40117 3.20445 3.59789
204.748 3.42236 3.22341 3.6213
206.359 3.44354 3.24235 3.64474
207.971 3.46473 3.26126 3.66821
209.582 3.48592 3.28014 3.69169
211.193 3.5071 3.299 3.7152
212.804 3.52829 3.31784 3.73873
214.415 3.54947 3.33666 3.76229
216.027 3.57066 3.35546 3.78586
217.638 3.59185 3.37423 3.80946
219.249 3.61303 3.39299 3.83307
220.86 3.63422 3.41173 3.85671
222.472 3.6554 3.43045 3.88036
224.083 3.67659 3.44915 3.90403
225.694 3.69778 3.46784 3.92771
227.305 3.71896 3.48651 3.95142
228.917 3.74015 3.50516 3.97514
230.528 3.76133 3.5238 3.99887
232.139 3.78252 3.54242 4.02262
233.75 3.80371 3.56103 4.04638
235.361 3.82489 3.57962 4.07016
236.973 3.84608 3.5982 4.09395
238.584 3.86726 3.61677 4.11776
240.195 3.88845 3.63532 4.14158
241.806 3.90963 3.65386 4.16541
243.418 3.93082 3.67239 4.18925
245.029 3.95201 3.69091 4.2131
246.64 3.97319 3.70941 4.23697
248.251 3.99438 3.72791 4.26085
249.863 4.01556 3.7464 4.28473
251.474 4.03675 3.76487 4.30863
253.085 4.05794 3.78333 4.33254
254.696 4.07912 3.80179 4.35645
256.307 4.10031 3.82023 4.38038
257.919 4.12149 3.83867 4.40432
259.53 4.14268 3.8571 4.42826
261.141 4.16387 3.87552 4.45221
262.752 4.18505 3.89393 4.47618
264.364 4.20624 3.91233 4.50015
265.975 4.22742 3.93072 4.52412
267.586 4.24861 3.94911 4.54811
269.197 4.2698 3.96749 4.5721
270.808 4.29098 3.98586 4.5961
272.42 4.31217 4.00422 4.62011
274.031 4.33335 4.02258 4.64412
275.642 4.35454 4.04093 4.66814
277.253 4.37572 4.05928 4.69217
278.865 4.39691 4.07762 4.71621
280.476 4.4181 4.09595 4.74025
282.087 4.43928 4.11427 4.76429
283.698 4.46047 4.13259 4.78834
285.31 4.48165 4.15091 4.8124
286.921 4.50284 4.16922 4.83646
288.532 4.52403 4.18752 4.86053
290.143 4.54521 4.20582 4.88461
291.754 4.5664 4.22411 4.90869
293.366 4.58758 4.2424 4.93277
294.977 4.60877 4.26068 4.95686
296.588 4.62996 4.27896 4.98095
298.199 4.65114 4.29723 5.00505
299.811 4.67233 4.3155 5.02915
301.422 4.69351 4.33377 5.05326
303.033 4.7147 4.35203 5.07737
304.644 4.73589 4.37028 5.10149
306.256 4.75707 4.38854 5.12561
307.867 4.77826 4.40678 5.14973
309.478 4.79944 4.42503 5.17386
311.089 4.82063 4.44327 5.19799
312.7 4.84182 4.4615 5.22213
314.312 4.863 4.47974 5.24627
315.923 4.88419 4.49797 5.27041
317.534 4.90537 4.51619 5.29455
319.145 4.92656 4.53441 5.3187
320.757 4.94774 4.55263 5.34286
322.368 4.96893 4.57085 5.36701
323.979 4.99012 4.58906 5.39117
325.59 5.0113 4.60727 5.41533
327.201 5.03249 4.62548 5.4395
328.813 5.05367 4.64368 5.46367
330.424 5.07486 4.66188 5.48784
332.035 5.09605 4.68008 5.51201
