# Cellular [Fura] for dataset DA_130130_E4.h5

# Loading curve with 140 elements
#    Time   AMPLITUDE
    0.021 1.20094318
   30.021 1.24054597
   60.021 1.58138032
   90.021 1.67913548
  120.021 1.71634844
  150.021 1.58729797
  180.021 1.48590118
  210.021 1.69757126
  240.021 1.53483566
  270.021 1.39474649
  300.021 1.34364978
  330.021 2.02918771
  360.021 1.68823957
  390.021 1.10682966
  420.021 1.34899844
  450.021 1.65580625
  480.021 1.17078589
  510.021 2.09450955
  540.021 1.64226391
  570.021 1.92915653
  600.021 1.94827512
  630.021 1.72146949
  660.021 1.7730214
  690.021 1.3957707
  720.021 1.77643543
  750.021 1.54860559
  780.021 1.36766182
  810.021 1.68254951
  840.021 1.7830359
  870.021 2.2528069
  900.021 1.67663185
  930.021 2.13115351
  960.021 2.42771922
  990.021 2.50521778
 1020.021 2.87746123
 1050.021 3.25664655
 1080.021 4.01103416
 1110.021 4.54908584
 1140.021 5.09442079
 1170.021 6.12910054
 1200.021 7.25834902
 1230.021 7.79480748
 1260.021 8.72103477
 1500.021 19.0528105
 1530.021 20.6791423
 1560.021 22.2856727
 1590.021 23.7504068
 1620.021 25.3349736
 1800.021 33.4718672
 1830.021 35.9794748
 1860.021 36.4979527
 1890.021 38.1346404
 1920.021 39.1061605
 1950.021 41.5195408
 1980.021 42.8301882
 2010.021 44.738064
 2040.021 46.2067812
 2190.021 53.6540401
 2220.021 55.5685162
 2250.021 56.5152277
 2280.021 59.0755252
 2310.021 61.0384807
 2340.021 62.4038665
 2370.021 64.5614219
 2400.021 66.6479653
 2430.021 68.856845
 2580.021 74.5814964
 2610.021 76.3027383
 2640.021 79.0789165
 2670.021 79.3669471
 2700.021 81.6530978
 2730.021 83.6483728
 2760.021 85.5176699
 2790.021 87.8006341
 2820.021 89.5573819
 2850.021 90.4979482
 2880.021 92.7089901
 3000.021 100.604739
 3030.021 101.777232
 3060.021 103.236276
 3090.021 105.325323
 3120.021 106.72246
 3150.021 109.178743
 3180.021 110.105539
 3210.021 113.163603
 3240.021 113.891816
 3270.021 115.737215
 3300.021 117.752064
 3330.021 119.353245
 3360.021 121.016563
 3390.021 123.128598
 3420.021 124.521296
 3450.021 127.007622
 3480.021 128.674467
 3510.021 130.92386
 3540.021 131.569909
 3570.021 133.997059
 3600.021 135.024342
 3630.021 137.531039
 3660.021 139.205623
 3690.021 141.501333
 3720.021 143.134492
 3750.021 144.309489
 3780.021 146.67917
 3810.021 148.202056
 3840.021 149.573018
 3870.021 151.158154
 3900.021 152.615719
 3930.021 153.00765
 3960.021 156.360572
 3990.021 157.780241
 4020.021 160.618555
 4050.021 161.361334
 4080.021 162.703163
 4110.021 164.421105
 4140.021 165.546371
 4170.021 168.001288
 4200.021 157.832134
 4230.021 159.044002
 4260.021 167.633142
 4290.021 169.894142
 4320.021 170.546792
 4350.021 172.94993
 4380.021 172.884608
 4410.021 174.888077
 4440.021 174.419671
 4470.021 176.959598
 4500.021 177.527807
 4530.021 179.985001
 4560.021 180.703314
 4590.021 181.957971
 4620.021 182.534146
 4650.021 176.735638
 4680.021 173.133263
 4710.021 175.512503
 4740.021 188.82621
 4770.021 197.201972
 4800.021 199.765911
 4830.021 199.035649
 4860.021       200


# Stim 1 with 200 elements
#    Time   AMPLITUDE
 1370.015 13.0208962
 1370.115 13.289922
 1370.215 12.7493667
 1370.315 13.2849148
 1370.415 13.0172545
 1370.515 12.7547153
 1370.615 12.899698
 1370.715 12.6623088
 1370.815 13.4929432
 1370.915 12.8054706
 1371.015 12.9511361
 1371.115 13.2784281
 1371.215 13.2565783
 1371.315 12.8301655
 1371.415 13.2223241
 1371.515 12.9253032
 1371.615 13.0807555
 1371.715 13.0008672
 1371.815 12.655367
 1371.915 12.5926626
 1372.015 12.9568261
 1372.115 12.7361658
 1372.215 12.8486013
 1372.315 12.7528945
 1372.415 12.6870037
 1372.515   12.7818
 1372.615 13.8936369
 1372.715 12.8249306
 1372.815 13.4776938
 1372.915 12.8122987
 1373.015 12.3980626
 1373.115 12.8038774
 1373.215 13.1997915
 1373.315 12.4331134
 1373.415 12.9253032
 1373.515 12.5028735
 1373.615 13.227559
 1373.715 12.7642746
 1373.815 13.3355562
 1373.915 13.1986535
 1374.015 13.0058744
 1374.115 12.8002358
 1374.215 13.4196553
 1374.315 13.3909774
 1374.415 12.6561636
 1374.515 13.0887216
 1374.615 13.3764108
 1374.715 13.4878221
 1374.815 13.4891878
 1374.915 12.8739789
 1375.015 12.7162506
 1375.115 13.410096
 1375.215 12.7802068
 1375.315 13.4543646
 1375.415 12.6747132
 1375.515 13.4588029
 1375.615 13.4586891
 1375.715 12.741742
 1375.815 12.7081707
 1375.915 13.3821009
 1376.015 12.7822552
 1376.115 13.6874293
 1376.215 12.4086462
 1376.315 13.1522226
 1376.415 13.0312521
 1376.515 13.1331041
 1376.615 13.2480432
 1376.715 12.8816036
 1376.815 13.2627235
 1376.915 12.9142645
 1377.015 13.0268138
 1377.115 12.9611506
 1377.215 13.1518812
 1377.315 13.1995639
 1377.415 13.0164579
 1377.515 13.1682686
 1377.615 13.0543537
 1377.715 12.7707613
 1377.815 13.269324
 1377.915 13.023855
 1378.015 13.6409984
 1378.115 13.2496364
 1378.215 13.1859078
 1378.315 13.0147509
 1378.415 13.5427881
 1378.515 13.7337464
 1378.615 13.5864877
 1378.715 12.8022842
 1378.815 13.0858766
 1378.915 13.3686724
 1379.015 13.3959846
 1379.115 13.0551503
 1379.215 13.1086368
 1379.315 12.8433664
 1379.415 13.3549024
 1379.515 13.5212797
 1379.615 13.3778903
 1379.715 12.9728721
 1379.815 13.212082
 1379.915 13.3616167
 1380.015 13.416355
 1380.115 12.5350792
 1380.215 13.3869944
 1380.315 13.8658695
 1380.415 13.287077
 1380.515 13.5599721
 1380.615 13.0321625
 1380.715 13.6457781
 1380.815 13.6675141
 1380.915 13.2375735
 1381.015 13.5328874
 1381.115 13.1636028
 1381.215 13.3995125
 1381.315 13.2307454
 1381.415 12.9600126
 1381.515 13.4671103
 1381.615 13.2199343
 1381.715 13.2360941
 1381.815 13.7299909
 1381.915 13.2645444
 1382.015 13.432401
 1382.115 13.6986956
 1382.215 13.6161898
 1382.315 13.4153308
 1382.415 13.0898596
 1382.515 13.3538782
 1382.615 13.7530925
 1382.715 13.4239797
 1382.815 13.1935325
 1382.915 13.2279004
 1383.015 13.8906781
 1383.115 13.1931911
 1383.215 13.4344494
 1383.315 13.9515617
 1383.415 13.3880186
 1383.515 13.0313659
 1383.615 13.8304773
 1383.715 13.1061332
 1383.815 13.9777359
 1383.915 13.1908012
 1384.015 13.7609448
 1384.115 13.7949714
 1384.215 13.8164798
 1384.315 13.6150518
 1384.415 13.4080476
 1384.515 13.121724
 1384.615 13.4239797
 1384.715 13.3192827
 1384.815 14.2189943
 1384.915 13.2590819
 1385.015 13.0958911
 1385.115 13.3712898
 1385.215 13.0990775
 1385.315 13.6511267
 1385.415  13.26591
 1385.515 13.4006505
 1385.615 13.7255527
 1385.715 13.4652895
 1385.815 13.7372742
 1385.915 13.7519545
 1386.015 12.9081193
 1386.115 13.3263384
 1386.215 13.7620828
 1386.315 13.1094334
 1386.415 13.3945052
 1386.515 13.653858
 1386.615 13.1117095
 1386.715 13.0583367
 1386.815 13.5007955
 1386.915 13.8244458
 1387.015 13.5398293
 1387.115   13.0267
 1387.215 13.375728
 1387.315 13.612093
 1387.415 13.8144313
 1387.515 13.6237007
 1387.615 13.9138935
 1387.715 13.553713
 1387.815 13.9107071
 1387.915 13.6065167
 1388.015 13.9792154
 1388.115 13.3420429
 1388.215 13.4742798
 1388.315 13.7245285
 1388.415 13.7144002
 1388.515 13.5837565
 1388.615 13.7850707
 1388.715 13.2987985
 1388.815 13.3616167
 1388.915 14.069232
 1389.015 13.822625
 1389.115 13.4549336
 1389.215 13.8195524
 1389.315 13.5155896
 1389.415 13.311089
 1389.515 13.3149582
 1389.615 13.5945676
 1389.715 13.5828461
 1389.815 13.0875836
 1389.915 13.6440711


# Stim 2 with 200 elements
#    Time   AMPLITUDE
 1750.015 30.7808122
 1750.115 29.9970639
 1750.215 30.9468481
 1750.315 30.8228048
 1750.415 30.1689036
 1750.515 30.5023409
 1750.615 30.6547206
 1750.715 31.0152425
 1750.815 30.8665045
 1750.915 30.5167936
 1751.015 30.7974272
 1751.115 30.8612696
 1751.215 30.7654491
 1751.315 30.3473438
 1751.415 30.7382506
 1751.515 30.387857
 1751.615 30.2968161
 1751.715 30.3187797
 1751.815 29.940391
 1751.915 30.0168653
 1752.015 30.2008817
 1752.115 28.6881235
 1752.215 29.8630062
 1752.315 29.8757519
 1752.415 30.7607832
 1752.515 29.6289173
 1752.615 29.9098923
 1752.715 29.9522263
 1752.815 30.534319
 1752.915 29.8903185
 1753.015 29.940391
 1753.115 30.1362427
 1753.215 29.923776
 1753.315 29.9448292
 1753.415 29.7506845
 1753.515 30.3925228
 1753.615 30.5781324
 1753.715 30.4815153
 1753.815 30.3862638
 1753.915 31.4872896
 1754.015 30.1823321
 1754.115 30.5832535
 1754.215 30.9122525
 1754.315 30.4611449
 1754.415 30.2000851
 1754.515 30.5769944
 1754.615 30.8473859
 1754.715 30.3493922
 1754.815 30.5093966
 1754.915 30.8251947
 1755.015 30.8579694
 1755.115 30.6229701
 1755.215 31.3180673
 1755.315 30.7895749
 1755.415 30.1691312
 1755.515 31.0662254
 1755.615 30.9386544
 1755.715 31.0086421
 1755.815 30.8563762
 1755.915 31.0136493
 1756.015 30.4345154
 1756.115 30.6071517
 1756.215 30.2943124
 1756.315 31.0733949
 1756.415 30.4561376
 1756.515 30.0718313
 1756.615 30.8834608
 1756.715 30.9519691
 1756.815 30.5409195
 1756.915 30.9620974
 1757.015 30.9083833
 1757.115 31.0021554
 1757.215 30.5947474
 1757.315 30.8325917
 1757.415 30.8493205
 1757.515 31.0645184
 1757.615  31.22384
 1757.715 31.0892132
 1757.815 30.6120452
 1757.915 31.0744191
 1758.015 30.8877853
 1758.115 30.8325917
 1758.215 30.2347945
 1758.315 30.6602968
 1758.415 31.598018
 1758.515 31.2999729
 1758.615 30.3869466
 1758.715 31.405808
 1758.815 30.531474
 1758.915 30.9111145
 1759.015 31.3875998
 1759.115 30.7377954
 1759.215 31.0909203
 1759.315 31.1178911
 1759.415 30.6051033
 1759.515 30.7423474
 1759.615 30.7123039
 1759.715 31.0473344
 1759.815 30.9826954
 1759.915 31.595742
 1760.015 31.1331405
 1760.115 30.8076693
 1760.215 31.1696706
 1760.315 30.6472097
 1760.415 31.6631123
 1760.515  31.75825
 1760.615 30.9412718
 1760.715 31.2776679
 1760.815 30.779788
 1760.915 30.8306571
 1761.015 30.9804194
 1761.115 31.6911074
 1761.215 30.7160594
 1761.315 31.3141981
 1761.415 30.697396
 1761.515 31.3404861
 1761.615 31.0688428
 1761.715 30.7036551
 1761.815 30.8989378
 1761.915 31.1858304
 1762.015 31.1305231
 1762.115 31.1122011
 1762.215 30.9399062
 1762.315 31.2529731
 1762.415 30.9775744
 1762.515 31.1197119
 1762.615 30.8917683
 1762.715 30.8452237
 1762.815 31.511074
 1762.915 30.9013276
 1763.015 30.5245321
 1763.115 31.7705405
 1763.215 31.4991249
 1763.315 31.4786407
 1763.415 31.1062834
 1763.515 31.1162979
 1763.615  31.98369
 1763.715 30.6394712
 1763.815 31.1724019
 1763.915 30.9665356
 1764.015 30.9993104
 1764.115 31.1223294
 1764.215 31.0362957
 1764.315 30.8096039
 1764.415  30.95948
 1764.515 30.346092
 1764.615 30.9041726
 1764.715 31.5993837
 1764.815 31.0167219
 1764.915 31.285065
 1765.015 31.1838958
 1765.115 31.7056739
 1765.215 31.5746888
 1765.315 30.8980274
 1765.415 30.757483
 1765.515 30.8960928
 1765.615 30.7989066
 1765.715 30.8064175
 1765.815 31.2807405
 1765.915 30.997831
 1766.015 31.1623874
 1766.115 30.4468059
 1766.215 30.6955752
 1766.315 30.9809884
 1766.415 31.5446453
 1766.515 31.2773265
 1766.615 30.7816088
 1766.715 31.0663392
 1766.815 31.0754433
 1767.215 30.9004172
 1767.315 31.815492
 1767.415 31.5916452
 1767.515 31.3137429
 1767.615 30.8399888
 1767.715 31.6309066
 1767.815 31.3316096
 1767.915 31.3209123
 1768.015 31.3390067
 1768.115 31.8536153
 1768.215 31.4868343
 1768.315 31.3722366
 1768.415 31.101959
 1768.515 32.0796244
 1768.615 31.8541844
 1768.715 30.8719669
 1768.815 31.3681398
 1768.915 31.5014009
 1769.015 32.0568641
 1769.115 31.1568111
 1769.215 30.8473859
 1769.315 31.5561392
 1769.415 30.9325091
 1769.515 31.3424207
 1769.615 31.4404035
 1769.715 31.1738813
 1769.815 31.4048975
 1769.915 31.6032529
 1770.015 31.4100186
 1770.115 31.5067495
 1770.215 31.6416039


# Stim 3 with 200 elements
#    Time   AMPLITUDE
 2130.015 50.873765
 2130.115 50.9308931
 2130.215 50.4275508
 2130.315 50.4423449
 2130.415 51.000767
 2130.515 50.5102842
 2130.615 50.5525044
 2130.715 51.0122609
 2130.815 49.9417338
 2130.915 51.0346798
 2131.015 50.9882489
 2131.115 50.0673703
 2131.215 50.7493804
 2131.315 50.938973
 2131.415 50.6770028
 2131.515 50.7904626
 2131.615 50.3452726
 2131.715 50.0796608
 2131.815 50.1877718
 2131.915 49.203506
 2132.015 50.2141737
 2132.115 49.485619
 2132.215 49.6954682
 2132.315 50.221457
 2132.415 50.0695325
 2132.515 49.2061234
 2132.615 49.9790606
 2132.715 49.0025332
 2132.815 49.9005378
 2132.915 50.3163671
 2133.015 49.6529066
 2133.115 50.1297333
 2133.215 49.2433364
 2133.315 49.9778088
 2133.415 50.7529082
 2133.515 50.2641324
 2133.615 50.2892824
 2133.715 50.5683228
 2133.815  49.59373
 2133.915 50.6100878
 2134.015 49.4925608
 2134.115 49.6812431
 2134.215 49.2249006
 2134.315 49.8561554
 2134.415 49.9844092
 2134.515 50.5858481
 2134.615 49.8810778
 2134.715 49.7956132
 2134.815 49.7718288
 2134.915 50.1380408
 2135.015 50.1300747
 2135.115 49.593161
 2135.215 50.6386519
 2135.315 50.1609148
 2135.415 50.239779
 2135.515 50.2684568
 2135.615 49.9668839
 2135.715 50.7791962
 2135.815 49.4006095
 2135.915 51.265127
 2136.015 50.0439272
 2136.115 50.9033533
 2136.215 49.8295259
 2136.315 49.9581212
 2136.415 50.5564875
 2136.515 50.7458525
 2136.615 50.8015013
 2136.715 50.6113396
 2136.815 50.7811309
 2136.915 50.7894383
 2137.015 50.6987389
 2137.115 50.1432756
 2137.215 50.5379379
 2137.315 49.7437199
 2137.415 51.486015
 2137.515 50.9508083
 2137.615 50.4282336
 2137.715 50.8037773
 2137.815 50.8873073
 2137.915 50.3569941
 2138.015 51.3108751
 2138.115 50.8489563
 2138.215 50.8301791
 2138.315 50.0681669
 2138.415 50.7398211
 2138.515 50.894932
 2138.615 50.675751
 2138.715 50.1237018
 2138.815 50.1251812
 2138.915 50.5190469
 2139.015 50.1924377
 2139.115 50.7954698
 2139.215 50.9620746
 2139.315 50.3909068
 2139.415 49.819739
 2139.515 51.2344007
 2139.615 50.525875
 2139.715 50.4940106
 2139.815 50.3464106
 2139.915 50.5996181
 2140.015 50.9348762
 2140.115 49.9916925
 2140.215 50.753022
 2140.315 50.6190781
 2140.415 51.1277691
 2140.515 50.9910939
 2140.615 50.3748609
 2140.715 50.8210751
 2140.815 51.1899045
 2140.915 50.8693267
 2141.015 50.8268789
 2141.115 50.1879994
 2141.215 50.5202987
 2141.315 50.5336134
 2141.415 50.7543876
 2141.515 50.5237127
 2141.615 51.2400908
 2141.715 51.0987498
 2141.815 49.9927167
 2141.915 50.6633467
 2142.015 50.6824653
 2142.115 50.5892622
 2142.215 51.3097371
 2142.315 50.4505386
 2142.415 50.7861381
 2142.515 50.8678473
 2142.615 50.9709511
 2142.715  50.65117
 2142.815 50.5229161
 2142.915 50.5885794
 2143.015 50.2377305
 2143.115 51.4956881
 2143.215 50.7257097
 2143.315 50.3971659
 2143.415 51.5777387
 2143.515 50.2249848
 2143.615 50.9473943
 2143.715 50.4128705
 2143.815 51.4646204
 2143.915 50.5140396
 2144.015 51.5842253
 2144.115 51.0212512
 2144.215 50.325585
 2144.315 51.2361077
 2144.415 50.8745616
 2144.515 50.9191716
 2144.615 51.305185
 2144.715 50.9385178
 2144.815 50.2040454
 2144.915 50.7750994
 2145.015 50.899484
 2145.115 51.4552887
 2145.215 51.5247074
 2145.315 50.7666781
 2145.415 51.223362
 2145.515 51.2258656
 2145.615 51.1005706
 2145.715 50.2652704
 2145.815 51.8024959
 2145.915 51.531194
 2146.015 51.9862847
 2146.115 51.4103372
 2146.215 51.5704554
 2146.315 51.322369
 2146.415 50.4941244
 2146.515 50.2187257
 2146.615 51.0022464
 2146.715 50.9275929
 2146.815 51.2035606
 2146.915 50.7554118
 2147.015  50.79308
 2147.115 50.9036947
 2147.215 51.4052162
 2147.315 51.5446226
 2147.415 51.5174241
 2147.515 51.2023088
 2147.615 51.0328589
 2147.715 50.7493804
 2147.815 51.3099647
 2147.915 50.5866448
 2148.015 50.6752958
 2148.115 52.4545763
 2148.215 51.4426568
 2148.315 50.9667405
 2148.415 50.465219
 2148.515 51.3814318
 2148.615 51.6204141
 2148.715 51.7174865
 2148.815 51.2084541
 2148.915 51.6174553
 2149.015 51.1459772
 2149.115 51.4183033
 2149.215 51.0360454
 2149.315 50.8420145
 2149.415 51.5376807
 2149.515 51.187287
 2149.615 51.4048748
 2149.715 50.650032
 2149.815 51.9945922
 2149.915 51.0896457


# Stim 4 with 200 elements
#    Time   AMPLITUDE
 2510.015 71.7117736
 2510.115 72.2122709
 2510.215 71.2875231
 2510.315 72.0120948
 2510.415 71.932434
 2510.515 72.5878146
 2510.615 71.4335299
 2510.715 71.7455726
 2510.815 73.0429053
 2510.915 71.8016765
 2511.015 72.1510459
 2511.115 72.1301065
 2511.215 71.6972071
 2511.315 71.9355066
 2511.415 72.421096
 2511.515 71.4840576
 2511.615 71.3393026
 2511.715 70.7292148
 2511.815 71.4222636
 2511.915 71.1744048
 2512.015 70.3372837
 2512.115 70.850413
 2512.215 70.7048614
 2512.315 71.6426964
 2512.415 69.8837863
 2512.515 71.0364778
 2512.615 71.0443301
 2512.715 71.1102209
 2512.815 70.789188
 2512.915 70.996875
 2513.015 69.7926316
 2513.115 70.8488198
 2513.215 71.1602934
 2513.315 71.9409691
 2513.415 71.4309125
 2513.515 70.304509
 2513.615 71.8564149
 2513.715 71.8781509
 2513.815 71.3366852
 2513.915 70.8415365
 2514.015 71.3416924
 2514.115 71.684689
 2514.215 70.5226658
 2514.315 70.4987675
 2514.415 71.074715
 2514.515 71.6532799
 2514.615 70.7432123
 2514.715 70.9971026
 2514.815 71.0051825
 2514.915 71.4594766
 2515.015 72.1414867
 2515.115 72.2336656
 2515.215 70.9914126
 2515.315 71.4181668
 2515.415 71.3371404
 2515.515 71.2135523
 2515.615 71.5632632
 2515.715 71.5717983
 2515.815 72.1664091
 2515.915 71.2075209
 2516.015 71.6512314
 2516.115 71.4933893
 2516.215 71.8066838
 2516.315 72.1331792
 2516.415 72.7679618
 2516.515 70.8542822
 2516.615 71.1417438
 2516.715 71.8192019
 2516.815 71.8421897
 2516.915 72.5886112
 2517.015 71.7564975
 2517.115 72.2480045
 2517.215 71.6768367
 2517.315 72.4066433
 2517.415 71.8484488
 2517.515 72.463999
 2517.615 71.9117222
 2517.715 71.7500108
 2517.815 71.9637293
 2517.915 72.0082255
 2518.015 71.7361271
 2518.115 71.8899862
 2518.215 71.729299
 2518.315 72.6803349
 2518.415 72.5903183
 2518.515 71.2876369
 2518.615 71.6310886
 2518.715 72.3874109
 2518.815 72.1546876
 2518.915 71.8049768
 2519.015 71.8201123
 2519.115 71.7182603
 2519.215 72.546391
 2519.315 72.0906176
 2519.415 72.2678059
 2519.515 72.771831
 2519.615 72.277479
 2519.715 71.9292476
 2519.815 71.9780682
 2519.915 71.5904616
 2520.015 72.0951696
 2520.115 71.8995455
 2520.215 71.9803443
 2520.315 71.8083908
 2520.415 71.3770846
 2520.515 72.3284619
 2520.615 71.8758748
 2520.715 72.3921905
 2520.815 71.9455211
 2520.915 72.4853936
 2521.015 72.181317
 2521.115 72.6142165
 2521.215 71.7514902
 2521.315 72.6195651
 2521.415 72.7383735
 2521.515 72.8357873
 2521.615 72.4208684
 2521.715 71.9459763
 2521.815 72.1106465
 2521.915 72.4135851
 2522.015 72.4616092
 2522.115 71.9760198
 2522.215 72.3685199
 2522.315 71.5715707
 2522.415 72.8291868
 2522.515 71.8161293
 2522.615 71.7054008
 2522.715 72.2055567
 2522.815 72.8116614
 2522.915 71.9282234
 2523.015 71.8429863
 2523.115 73.1059511
 2523.215 71.9905864
 2523.315 72.6351559
 2523.415 72.0625087
 2523.515 72.4247376
 2523.615 72.6943325
 2523.715 72.0213127
 2523.815 72.2526703
 2523.915 72.9451501
 2524.015 72.0334894
 2524.115 72.3928733
 2524.215 72.3973116
 2524.315 73.3779358
 2524.415 72.133293
 2524.515 71.420898
 2524.615 72.5488946
 2524.715 72.4670716
 2524.815 72.5913425
 2524.915 72.6174029
 2525.015 71.7921172
 2525.115 72.2965976
 2525.215 71.7574079
 2525.315 72.7258554
 2525.415 71.8327442
 2525.515 72.5261344
 2525.615 72.1840483
 2525.715 72.565282
 2525.815 72.2079465
 2525.915 72.567558
 2526.015 71.9531458
 2526.115 72.0897071
 2526.215 72.1134916
 2526.315 72.5508293
 2526.415 72.5616404
 2526.515 71.5361785
 2526.615 72.9225037
 2526.715 72.2410626
 2526.815 72.5197616
 2526.915 72.2346898
 2527.015 72.4860764
 2527.115 72.2160264
 2527.215 72.6331075
 2527.315 72.0821963
 2527.415 72.4898319
 2527.515 71.9994629
 2527.615 71.8899862
 2527.715 71.6401927
 2527.815 72.4919941
 2527.915 73.3359432
 2528.015 72.0098188
 2528.115 72.1324964
 2528.215 72.8138236
 2528.315 71.589665
 2528.415 72.2938663
 2528.515 72.078896
 2528.615 72.7671652
 2528.715 72.215116
 2528.815 73.0225349
 2528.915 72.2057843
 2529.015 72.262571
 2529.115 72.4751515
 2529.215 72.7314316
 2529.315 72.1626537
 2529.415 72.5028052
 2529.515 72.1474043
 2529.615 71.766512
 2529.715 71.8696158
 2529.815 72.2730407
 2529.915 72.3960598


# Stim 5 with 200 elements
#    Time   AMPLITUDE
 2950.015 97.5611283
 2950.115 97.1138899
 2950.215 96.7480193
 2950.315 97.496034
 2950.415 98.1293372
 2950.515 98.3917626
 2950.615 96.5411289
 2950.715 97.1327809
 2950.815 98.4988495
 2950.915 96.612027
 2951.015 97.7597112
 2951.115 97.2888022
 2951.215 96.8119755
 2951.315 97.5503172
 2951.415 97.1635072
 2951.515 96.900399
 2951.615 96.5761796
 2951.715 95.7626154
 2951.815 95.7150466
 2951.915 95.1955445
 2952.015 97.006234
 2952.115 95.4196189
 2952.215 95.7757026
 2952.315 96.7498401
 2952.415 95.900201
 2952.515 95.1095108
 2952.615 94.9473442
 2952.715 95.5490107
 2952.815 95.5392238
 2952.915 96.7575786
 2953.015 96.2591297
 2953.115 95.5659671
 2953.215 95.9098741
 2953.315 96.7713485
 2953.415 96.0785273
 2953.515 95.8328307
 2953.615 95.927627
 2953.715 96.0058084
 2953.815 95.3224327
 2953.915 96.8106099
 2954.015 96.2079192
 2954.115 96.7156998
 2954.215 96.9277113
 2954.315 96.3629163
 2954.415 96.253212
 2954.515 95.7379206
 2954.615 96.1991565
 2954.715 96.1695682
 2954.815 96.2775655
 2954.915 96.1205199
 2955.015 95.9174987
 2955.115 96.4554366
 2955.215 96.1127815
 2955.315 96.0225372
 2955.415 96.6470777
 2955.515 96.6004192
 2955.615 96.0168471
 2955.715  97.02797
 2955.815 96.4201583
 2955.915 96.638315
 2956.015 97.4186493
 2956.115 96.5361216
 2956.215 96.1932388
 2956.315 96.0993529
 2956.415 96.8630722
 2956.515 97.5371162
 2956.615 97.4056759
 2956.715 97.2989305
 2956.815 96.3821487
 2956.915 95.8400002
 2957.015 96.8247212
 2957.115 95.6236643
 2957.215 95.6900103
 2957.315 96.987912
 2957.415 95.8370414
 2957.515 96.0592949
 2957.615 96.839174
 2957.715 97.205955
 2957.815 96.4299452
 2957.915 95.9761063
 2958.015 97.6649149
 2958.115 97.0293357
 2958.215 96.5659375
 2958.315 97.660249
 2958.415 96.7329975
 2958.515 96.7794284
 2958.615 96.8572684
 2958.715 97.8055731
 2958.815 96.5907461
 2958.915 96.1048154
 2959.015 96.921566
 2959.115 96.0949147
 2959.215 97.0060064
 2959.315 97.3900852
 2959.415 96.6803076
 2959.515 96.6259107
 2959.615 96.8044646
 2959.715 96.0955975
 2959.815 97.0071444
 2959.915 96.027203
 2960.015 97.0169313
 2960.115 97.6279295
 2960.215 97.3581071
 2960.315 96.2595849
 2960.415 96.9316943
 2960.515 97.0856672
 2960.615 96.9099583
 2960.715 97.1812601
 2960.815 98.1057804
 2960.915 97.4500584
 2961.015 96.6642617
 2961.115 97.6486413
 2961.215 96.696695
 2961.315 96.7477917
 2961.415 96.1153989
 2961.515 96.2795001
 2961.615 97.2726424
 2961.715 96.7428982
 2961.815 97.1449576
 2961.915 96.3432287
 2962.015 96.4754656
 2962.115 97.6241741
 2962.215 96.8936847
 2962.315 96.9558201
 2962.415 96.6514021
 2962.515 97.0808876
 2962.615 96.7060267
 2962.715 96.5005019
 2962.815 96.9838152
 2962.915 96.2381903
 2963.015 96.8101547
 2963.115 96.716724
 2963.215 96.5675307
 2963.315 96.697833
 2963.415 96.5833491
 2963.515 97.3183905
 2963.615 97.0326359
 2963.715 97.9078803
 2963.815 97.0609724
 2963.915 96.9186072
 2964.015 97.0795219
 2964.115 96.5844871
 2964.215 97.2740081
 2964.315 97.4448235
 2964.415 97.1784151
 2964.515 98.3241648
 2964.615 96.3183063
 2964.715 96.8125445
 2964.815 97.0997785
 2964.915 97.3236253
 2965.015 97.3793879
 2965.115 97.0705317
 2965.215 97.2406643
 2965.315 97.5350678
 2965.415 97.5846851
 2965.515 97.2564827
 2965.615 96.5348698
 2965.715 96.8733143
 2965.815 97.7593698
 2965.915 96.6150996
 2966.015 97.0997785
 2966.115 96.4704584
 2966.215 97.980713
 2966.315 96.4266449
 2966.415 98.0206572
 2966.515 96.7736245
 2966.615 97.5216393
 2966.715 96.6039471
 2966.815 96.9712971
 2966.915 97.6257673
 2967.015 98.1956833
 2967.115 97.2985891
 2967.215 96.7650895
 2967.315 96.736184
 2967.415 96.7508643
 2967.515 96.5241725
 2967.615 97.5288088
 2967.715 97.1473474
 2967.815 96.8783216
 2967.915 97.3273808
 2968.015 97.1652142
 2968.115 97.1606621
 2968.215 97.6180288
 2968.315 97.9314371
 2968.415 96.6697241
 2968.515 97.266042
 2968.615 97.0263768
 2968.715 97.8407376
 2968.815 97.6662805
 2968.915 97.8030694
 2969.015 96.412875
 2969.115 97.1158245
 2969.215 97.2760565
 2969.315 98.6591952
 2969.415 97.637944
 2969.515 97.5405303
 2969.615 97.9117495
 2969.715 97.0132897
 2969.815 97.1386985
 2969.915 96.9755077


