# τ vs max κ linear regression for data set DA_130130_E4.h5
# Using stimulation: 1, 2, 3, 4, 5
# Best fit: tau = 0.697119 + 0.0129975 kappa_Fura
# Covariance matrix:
# [ +2.40045e-02, -1.36572e-04  
#   -1.36572e-04, +9.91215e-07  ]
# Total sum of squares (TSS) = 183.565
# chisq (Residual sum of squares, RSS) = 13.1337
# Probability of observing a larger of equal RSS per DOF under the null hypothesis: 0.00435618
# R squared (1-RSS/TSS) = 0.928452
# Estimated gamma/v with standard error: 76.938 +/- 5.8934
# Estimates kappa_S with standard error (using error propagation): 52.635 +/- 12.6084
# kappa_S confidence intervals based on parametric bootstrap
# 0.95 CI for kappa_S: [25.3993,87.3407]
# 0.99 CI for kappa_S: [17.9078,101.059]


# The data
# κ_Fura  τ   τ_SE
44.5136 1.55719 0.1648
102.837 1.94367 0.120784
170.981 2.78147 0.133035
244.927 3.6884 0.209818
323.183 5.86966 0.349246


# The fitted data
# Preticted values with lower and upper bounds of 0.95 CI
# κ_Fura  τ   τ_lwr  τ_upr
-66.7937 -0.17103 -0.594459 0.252398
-65.1692 -0.149915 -0.570356 0.270525
-63.5446 -0.128801 -0.546257 0.288656
-61.9201 -0.107686 -0.52216 0.306789
-60.2955 -0.0865706 -0.498066 0.324924
-58.671 -0.0654557 -0.473974 0.343063
-57.0465 -0.0443408 -0.449886 0.361205
-55.4219 -0.0232258 -0.425801 0.379349
-53.7974 -0.00211092 -0.401719 0.397497
-52.1728 0.019004 -0.37764 0.415648
-50.5483 0.0401189 -0.353564 0.433802
-48.9238 0.0612339 -0.329491 0.451959
-47.2992 0.0823488 -0.305422 0.47012
-45.6747 0.103464 -0.281356 0.488284
-44.0501 0.124579 -0.257294 0.506451
-42.4256 0.145694 -0.233235 0.524623
-40.801 0.166809 -0.20918 0.542798
-39.1765 0.187923 -0.185129 0.560976
-37.552 0.209038 -0.161082 0.579159
-35.9274 0.230153 -0.137038 0.597345
-34.3029 0.251268 -0.112999 0.615536
-32.6783 0.272383 -0.0889639 0.63373
-31.0538 0.293498 -0.064933 0.651929
-29.4293 0.314613 -0.0409063 0.670132
-27.8047 0.335728 -0.0168842 0.68834
-26.1802 0.356843 0.00713341 0.706552
-24.5556 0.377958 0.0311463 0.724769
-22.9311 0.399073 0.0551544 0.742991
-21.3065 0.420188 0.0791576 0.761218
-19.682 0.441303 0.103156 0.77945
-18.0575 0.462418 0.127149 0.797686
-16.4329 0.483533 0.151136 0.815929
-14.8084 0.504647 0.175119 0.834176
-13.1838 0.525762 0.199095 0.85243
-11.5593 0.546877 0.223066 0.870689
-9.93476 0.567992 0.247031 0.888954
-8.31022 0.589107 0.27099 0.907225
-6.68567 0.610222 0.294943 0.925502
-5.06113 0.631337 0.318889 0.943785
-3.43659 0.652452 0.342829 0.962075
-1.81205 0.673567 0.366761 0.980372
-0.187508 0.694682 0.390688 0.998676
1.43703 0.715797 0.414606 1.01699
3.06158 0.736912 0.438518 1.03531
4.68612 0.758027 0.462422 1.05363
6.31066 0.779142 0.486318 1.07196
7.9352 0.800257 0.510207 1.09031
9.55974 0.821371 0.534087 1.10866
11.1843 0.842486 0.557958 1.12701
12.8088 0.863601 0.581821 1.14538
14.4334 0.884716 0.605675 1.16376
16.0579 0.905831 0.62952 1.18214
17.6824 0.926946 0.653355 1.20054
19.307 0.948061 0.677181 1.21894
20.9315 0.969176 0.700996 1.23736
22.5561 0.990291 0.724801 1.25578
24.1806 1.01141 0.748596 1.27422
25.8052 1.03252 0.772379 1.29266
27.4297 1.05364 0.796151 1.31112
29.0542 1.07475 0.819911 1.32959
30.6788 1.09587 0.843659 1.34807
32.3033 1.11698 0.867395 1.36657
33.9279 1.1381 0.891118 1.38507
35.5524 1.15921 0.914827 1.40359
37.1769 1.18033 0.938523 1.42213
38.8015 1.20144 0.962204 1.44068
40.426 1.22256 0.985871 1.45924
42.0506 1.24367 1.00952 1.47782
43.6751 1.26479 1.03316 1.49641
45.2997 1.2859 1.05678 1.51502
46.9242 1.30701 1.08038 1.53365
48.5487 1.32813 1.10397 1.55229
50.1733 1.34924 1.12754 1.57095
51.7978 1.37036 1.15109 1.58963
53.4224 1.39147 1.17462 1.60833
55.0469 1.41259 1.19813 1.62705
56.6714 1.4337 1.22162 1.64579
58.296 1.45482 1.24509 1.66455
59.9205 1.47593 1.26854 1.68333
61.5451 1.49705 1.29197 1.70213
63.1696 1.51816 1.31537 1.72096
64.7942 1.53928 1.33875 1.73981
66.4187 1.56039 1.3621 1.75869
68.0432 1.58151 1.38543 1.77759
69.6678 1.60262 1.40873 1.79652
71.2923 1.62374 1.43201 1.81547
72.9169 1.64485 1.45525 1.83446
74.5414 1.66597 1.47847 1.85347
76.1659 1.68708 1.50165 1.87251
77.7905 1.7082 1.52481 1.89159
79.415 1.72931 1.54793 1.9107
81.0396 1.75043 1.57102 1.92984
82.6641 1.77154 1.59407 1.94901
84.2887 1.79266 1.61709 1.96823
85.9132 1.81377 1.64007 1.98747
87.5377 1.83489 1.66302 2.00676
89.1623 1.856 1.68592 2.02609
90.7868 1.87712 1.70878 2.04545
92.4114 1.89823 1.7316 2.06486
94.0359 1.91935 1.75438 2.08432
95.6604 1.94046 1.77711 2.10381
97.285 1.96158 1.7998 2.12336
98.9095 1.98269 1.82244 2.14295
100.534 2.00381 1.84503 2.16259
102.159 2.02492 1.86757 2.18227
103.783 2.04604 1.89006 2.20201
105.408 2.06715 1.9125 2.22181
107.032 2.08827 1.93488 2.24166
108.657 2.10938 1.95721 2.26156
110.281 2.1305 1.97948 2.28152
111.906 2.15161 2.00169 2.30154
113.53 2.17273 2.02384 2.32161
115.155 2.19384 2.04593 2.34175
116.779 2.21496 2.06796 2.36195
118.404 2.23607 2.08993 2.38221
120.029 2.25719 2.11183 2.40254
121.653 2.2783 2.13367 2.42293
123.278 2.29942 2.15544 2.44339
124.902 2.32053 2.17715 2.46392
126.527 2.34165 2.19878 2.48451
128.151 2.36276 2.22035 2.50517
129.776 2.38388 2.24185 2.5259
131.4 2.40499 2.26328 2.5467
133.025 2.42611 2.28464 2.56757
134.649 2.44722 2.30593 2.58852
136.274 2.46834 2.32714 2.60953
137.899 2.48945 2.34829 2.63061
139.523 2.51057 2.36936 2.65177
141.148 2.53168 2.39036 2.673
142.772 2.5528 2.4113 2.69429
144.397 2.57391 2.43216 2.71566
146.021 2.59503 2.45295 2.7371
147.646 2.61614 2.47367 2.75861
149.27 2.63726 2.49432 2.78019
150.895 2.65837 2.51491 2.80183
152.519 2.67949 2.53542 2.82355
154.144 2.7006 2.55587 2.84533
155.768 2.72172 2.57625 2.86718
157.393 2.74283 2.59657 2.88909
159.018 2.76395 2.61683 2.91106
160.642 2.78506 2.63702 2.9331
162.267 2.80618 2.65715 2.9552
163.891 2.82729 2.67721 2.97737
165.516 2.8484 2.69722 2.99959
167.14 2.86952 2.71717 3.02186
168.765 2.89063 2.73707 3.0442
170.389 2.91175 2.75691 3.06659
172.014 2.93286 2.77669 3.08903
173.638 2.95398 2.79643 3.11153
175.263 2.97509 2.81611 3.13408
176.888 2.99621 2.83574 3.15668
178.512 3.01732 2.85532 3.17932
180.137 3.03844 2.87486 3.20202
181.761 3.05955 2.89435 3.22476
183.386 3.08067 2.9138 3.24754
185.01 3.10178 2.9332 3.27037
186.635 3.1229 2.95256 3.29324
188.259 3.14401 2.97188 3.31615
189.884 3.16513 2.99116 3.33909
191.508 3.18624 3.01041 3.36208
193.133 3.20736 3.02961 3.3851
194.757 3.22847 3.04879 3.40816
196.382 3.24959 3.06792 3.43126
198.007 3.2707 3.08702 3.45438
199.631 3.29182 3.1061 3.47754
201.256 3.31293 3.12513 3.50073
202.88 3.33405 3.14414 3.52395
204.505 3.35516 3.16312 3.5472
206.129 3.37628 3.18208 3.57048
207.754 3.39739 3.201 3.59379
209.378 3.41851 3.2199 3.61712
211.003 3.43962 3.23877 3.64048
212.627 3.46074 3.25762 3.66386
214.252 3.48185 3.27644 3.68726
215.877 3.50297 3.29524 3.71069
217.501 3.52408 3.31402 3.73415
219.126 3.5452 3.33278 3.75762
220.75 3.56631 3.35151 3.78111
222.375 3.58743 3.37023 3.80463
223.999 3.60854 3.38892 3.82816
225.624 3.62966 3.4076 3.85171
227.248 3.65077 3.42626 3.87528
228.873 3.67189 3.4449 3.89887
230.497 3.693 3.46353 3.92248
232.122 3.71412 3.48213 3.9461
233.746 3.73523 3.50072 3.96974
235.371 3.75635 3.5193 3.99339
236.996 3.77746 3.53786 4.01706
238.62 3.79858 3.55641 4.04075
240.245 3.81969 3.57494 4.06444
241.869 3.84081 3.59346 4.08816
243.494 3.86192 3.61196 4.11188
245.118 3.88304 3.63046 4.13562
246.743 3.90415 3.64894 4.15937
248.367 3.92527 3.6674 4.18313
249.992 3.94638 3.68586 4.2069
251.616 3.9675 3.7043 4.23069
253.241 3.98861 3.72274 4.25448
254.866 4.00973 3.74116 4.27829
256.49 4.03084 3.75957 4.30211
258.115 4.05196 3.77798 4.32593
259.739 4.07307 3.79637 4.34977
261.364 4.09419 3.81475 4.37362
262.988 4.1153 3.83313 4.39747
264.613 4.13642 3.8515 4.42134
266.237 4.15753 3.86985 4.44521
267.862 4.17865 3.8882 4.46909
269.486 4.19976 3.90654 4.49298
271.111 4.22088 3.92487 4.51688
272.735 4.24199 3.9432 4.54078
274.36 4.26311 3.96152 4.5647
275.985 4.28422 3.97983 4.58862
277.609 4.30534 3.99813 4.61254
279.234 4.32645 4.01642 4.63648
280.858 4.34757 4.03471 4.66042
282.483 4.36868 4.053 4.68436
284.107 4.38979 4.07127 4.70832
285.732 4.41091 4.08954 4.73228
287.356 4.43202 4.10781 4.75624
288.981 4.45314 4.12606 4.78021
290.605 4.47425 4.14432 4.80419
292.23 4.49537 4.16256 4.82818
293.855 4.51648 4.18081 4.85216
295.479 4.5376 4.19904 4.87616
297.104 4.55871 4.21727 4.90016
298.728 4.57983 4.2355 4.92416
300.353 4.60094 4.25372 4.94817
301.977 4.62206 4.27194 4.97218
303.602 4.64317 4.29015 4.9962
305.226 4.66429 4.30835 5.02022
306.851 4.6854 4.32656 5.04425
308.475 4.70652 4.34476 5.06828
310.1 4.72763 4.36295 5.09232
311.724 4.74875 4.38114 5.11636
313.349 4.76986 4.39933 5.1404
314.974 4.79098 4.41751 5.16445
316.598 4.81209 4.43569 5.1885
318.223 4.83321 4.45386 5.21256
319.847 4.85432 4.47203 5.23662
321.472 4.87544 4.4902 5.26068
323.096 4.89655 4.50836 5.28475
324.721 4.91767 4.52652 5.30882
326.345 4.93878 4.54468 5.33289
327.97 4.9599 4.56283 5.35696
329.594 4.98101 4.58098 5.38104
331.219 5.00213 4.59913 5.40513
332.844 5.02324 4.61727 5.42921
334.468 5.04436 4.63541 5.4533
336.093 5.06547 4.65355 5.47739
337.717 5.08659 4.67169 5.50149
