# Data from DA_130130_E4.h5 stim 1
# Ratiometric estimator
# Ratiometric estimator:
#    Time    Ca (est)    Ca (se)
 1370.015 0.0363703074 0.00529407124
 1370.115 0.0459231048 0.00562972725
 1370.215 0.0439762334 0.00549449409
 1370.315 0.0518836847 0.00568693093
 1370.415 0.0428204639 0.00539301331
 1370.515 0.0529639951 0.00582435766
 1370.615 0.0423099833 0.00538024238
 1370.715 0.04554781 0.00549310284
 1370.815 0.0552218464 0.00586125722
 1370.915 0.0507079061 0.00577410928
 1371.015 0.0495137676 0.00577499084
 1371.115 0.0425249311 0.00550220942
 1371.215 0.0360416041 0.00523745071
 1371.315 0.0400808255 0.00536381528
 1371.415 0.039944022 0.00529144103
 1371.515 0.060995663 0.00618448768
 1371.615 0.0826088569 0.00699801052
 1371.715 0.0877044384 0.00715025982
 1371.815 0.094991653 0.00773411518
 1371.915 0.136212548 0.00961199515
 1372.015 0.130408993 0.00934014742
 1372.115 0.124457956 0.00934739178
 1372.215 0.129127171 0.009350133
 1372.315 0.12416702 0.00917317331
 1372.415 0.095641285 0.00762082663
 1372.515 0.0897280511 0.00752155882
 1372.615 0.0946027417 0.00784965047
 1372.715 0.0841382342 0.00706816789
 1372.815 0.0931560545 0.00739194119
 1372.915 0.0766719717 0.00685665729
 1373.015 0.0671754447 0.00630304926
 1373.115 0.0731303823 0.00665941171
 1373.215 0.0701098019 0.0064315792
 1373.315 0.0710917617 0.00659802508
 1373.415 0.0634515785 0.00622350861
 1373.515 0.0599758736 0.00612092878
 1373.615 0.0536690107 0.00584978057
 1373.715 0.0600882505 0.00608603775
 1373.815 0.05916938 0.00606715528
 1373.915 0.0693545912 0.00640558552
 1374.015 0.0495607618 0.00573880668
 1374.115 0.0677458732 0.00641323999
 1374.215 0.054857176 0.00597276136
 1374.315 0.0634342349 0.00615672417
 1374.415 0.0513821795 0.00563379274
 1374.515 0.0553894003 0.00601923583
 1374.615 0.0518316791 0.00588591354
 1374.715 0.0684638637 0.00618569943
 1374.815 0.0575034764 0.0059585352
 1374.915 0.0503121856 0.0055777845
 1375.015 0.0544852369 0.00592354805
 1375.115 0.0620378592 0.00609005084
 1375.215 0.0553829709 0.00595918155
 1375.315 0.0515210995 0.0056543571
 1375.415 0.0525870064 0.00585184703
 1375.515 0.0557287685 0.00594751306
 1375.615 0.0577252493 0.00591042243
 1375.715 0.0478449732 0.00560789479
 1375.815 0.0448708055 0.00535804558
 1375.915 0.0530996698 0.00586712295
 1376.015 0.0483623103 0.00564241725
 1376.115 0.0422006658 0.00534177835
 1376.215 0.0516978699 0.00574449268
 1376.315 0.0460243483 0.00549025024
 1376.415 0.0529726691 0.00559741377
 1376.515 0.046396931 0.0054853043
 1376.615 0.0434569804 0.00538466249
 1376.715 0.0471281794 0.0054156801
 1376.815 0.0380951099 0.00522231773
 1376.915 0.0422908632 0.00537435579
 1377.015 0.045820843 0.00551362019
 1377.115 0.0380414096 0.00515623457
 1377.215 0.0470395031 0.00556380617
 1377.315 0.0423966493 0.00544550455
 1377.415 0.0382900724 0.00537932566
 1377.515 0.0472510261 0.00542666095
 1377.615 0.0479435962 0.0054197512
 1377.715 0.038773751 0.00530386551
 1377.815 0.0420868574 0.0053100747
 1377.915 0.0467546108 0.00534604297
 1378.015 0.0464645592 0.0054181599
 1378.115 0.0477311751 0.00555699511
 1378.215 0.0375890052 0.00517348425
 1378.315 0.0497177079 0.0056059797
 1378.415 0.0384252661 0.00509753367
 1378.515 0.0468761424 0.00544810063
 1378.615 0.0378534844 0.00512405373
 1378.715 0.0459438187 0.00549920303
 1378.815 0.0384292569 0.00502765782
 1378.915 0.0503588583 0.00553110524
 1379.015 0.0538828413 0.00568430724
 1379.115 0.0481699881 0.00539924592
 1379.215 0.0490978087 0.00544064213
 1379.315 0.0407470222 0.00520469112
 1379.415 0.0428357594 0.00520456184
 1379.515 0.0458697121 0.005395631
 1379.615 0.0462296661 0.0052978059
 1379.715 0.0368802832 0.00504199305
 1379.815 0.0421091248 0.00507211097
 1379.915 0.0466350033 0.0054229922
 1380.015 0.0458883229 0.00542358897
 1380.115 0.0366716141 0.00506938324
 1380.215 0.0448043184 0.00532437031
 1380.315 0.0415162058 0.00525355005
 1380.415 0.0463825762 0.00544103579
 1380.515 0.045908394 0.00529570249
 1380.615 0.0495809059 0.00563668106
 1380.715 0.0372394128 0.00509392155
 1380.815 0.0506226119 0.00554692486
 1380.915 0.0351645164 0.00510057963
 1381.015 0.0412883653 0.0053066859
 1381.115 0.0550251007 0.00567203687
 1381.215 0.0453835771 0.00532190324
 1381.315 0.0362141233 0.00514867393
 1381.415 0.0406088265 0.00533124183
 1381.515 0.0449701337 0.00532048885
 1381.615 0.0362874852 0.00501449204
 1381.715 0.0375453755 0.00522808885
 1381.815 0.0396740328 0.00525302434
 1381.915 0.0387312032 0.00506981236
 1382.015 0.0451242728 0.00536913485
 1382.115 0.0484457885 0.00558839295
 1382.215 0.0420813447 0.00524966464
 1382.315 0.0343508148 0.00498882363
 1382.415 0.0478306939 0.00530886908
 1382.515 0.0391503632 0.00524933445
 1382.615 0.041213935 0.00537735907
 1382.715 0.0484303636 0.0054640783
 1382.815 0.0425354057 0.00528481233
 1382.915 0.0499810494 0.00530037663
 1383.015 0.0478829078 0.00536426119
 1383.115 0.0532597076 0.00562057962
 1383.215 0.0472325121 0.00528782897
 1383.315 0.0377219066 0.00507780536
 1383.415 0.051425475 0.00561315484
 1383.515 0.0459307742 0.00541841932
 1383.615 0.0507530988 0.00550636678
 1383.715 0.0474909808 0.00527925042
 1383.815 0.0417638082 0.00529362361
 1383.915 0.052507341 0.00549960874
 1384.015 0.0502189005 0.00546891457
 1384.115 0.0501627385 0.0054169492
 1384.215 0.045891667 0.00531231851
 1384.315 0.0393692583 0.00495541423
 1384.415 0.0423847203 0.00521266335
 1384.515 0.0463034658 0.00529243723
 1384.615 0.0474839934 0.00536525884
 1384.715 0.0421554463 0.00513476119
 1384.815 0.0470565467 0.00539876573
 1384.915 0.0350785394 0.00502135587
 1385.015 0.0460435225 0.0054322016
 1385.115 0.0392569823 0.00517493313
 1385.215 0.0425678479 0.00515437096
 1385.315 0.0403350595 0.0050887871
 1385.415 0.0512213922 0.00540469344
 1385.515 0.0379448458 0.00491361432
 1385.615 0.0546850251 0.00554597095
 1385.715 0.0424692754 0.00518833047
 1385.815 0.0502099061 0.00556997577
 1385.915 0.0370319377 0.00496859286
 1386.015 0.0451903364 0.00529225263
 1386.115 0.037691634 0.00495352573
 1386.215 0.0434425504 0.00524792966
 1386.315 0.0407809385 0.00513244682
 1386.415 0.0477761505 0.00545416107
 1386.515 0.0444372048 0.00525311452
 1386.615 0.0414064851 0.00521436638
 1386.715 0.0499913248 0.00541072128
 1386.815 0.0448636614 0.00527327297
 1386.915 0.0389111796 0.00508763928
 1387.015 0.0528370015 0.00550569907
 1387.115 0.0408572855 0.00511085608
 1387.215 0.0431468291 0.005202034
 1387.315 0.0404906609 0.00513658563
 1387.415 0.0409478246 0.00515940218
 1387.515 0.0409171456 0.0051653838
 1387.615 0.043334508 0.00528087794
 1387.715 0.0449123837 0.00525869496
 1387.815 0.0439097832 0.00535351033
 1387.915 0.0469136879 0.00527610797
 1388.015 0.0376828816 0.00511298661
 1388.115 0.0479818966 0.00536904041
 1388.215 0.0431268175 0.00516829705
 1388.315 0.0398242308 0.00505055885
 1388.415 0.0431118929 0.0051118019
 1388.515 0.0413589725 0.00512914594
 1388.615 0.0387979233 0.00504702738
 1388.715 0.0330967315 0.00477073872
 1388.815 0.0411127896 0.00509240763
 1388.915 0.0418249955 0.00511442537
 1389.015 0.0402634714 0.00515145954
 1389.115 0.0410782994 0.00505931477
 1389.215 0.0410157088 0.00513197939
 1389.315 0.0339991651 0.00491389675
 1389.415 0.038554794 0.00506209605
 1389.515 0.0418908386 0.00519057387
 1389.615 0.0391188135 0.00496359224
 1389.715 0.0315794357 0.00472272739
 1389.815 0.0423615751 0.00530224176
 1389.915 0.0414572582 0.0050708073


