# Data from DA_130130_E4.h5 stim 4
# Ratiometric estimator
# Ratiometric estimator:
#    Time    Ca (est)    Ca (se)
 2510.015 0.0358872401 0.00142879285
 2510.115 0.035248144 0.00143182385
 2510.215 0.0340566165 0.00141730659
 2510.315 0.033006999 0.00141616158
 2510.415 0.0349721453 0.0014227948
 2510.515 0.0350646176 0.00141790647
 2510.615 0.0338343486 0.00139709841
 2510.715 0.0353589159 0.00142359852
 2510.815 0.0352664312 0.00143051767
 2510.915 0.0345946373 0.00140854468
 2511.015 0.0342808324 0.00143475305
 2511.115 0.0355565428 0.00143878926
 2511.215 0.0308753756 0.00137787744
 2511.315 0.0331080855 0.00139980682
 2511.415 0.03539543 0.00142925531
 2511.515 0.037067203 0.00146787597
 2511.615 0.0451428341 0.00154327522
 2511.715 0.051837089 0.00159909546
 2511.815 0.0594698873 0.00171899339
 2511.915 0.0670869623 0.00179051514
 2512.015 0.0692648372 0.00184181203
 2512.115 0.0728987076 0.00190918324
 2512.215 0.0706314774 0.0018410324
 2512.315 0.0690252178 0.00182385179
 2512.415 0.072491495 0.00186635254
 2512.515 0.0700906476 0.00185207253
 2512.615 0.0681624815 0.00184710628
 2512.715 0.0681037268 0.00182169723
 2512.815 0.0689889807 0.0018180762
 2512.915 0.0679945595 0.00181878592
 2513.015 0.0707938778 0.00184208609
 2513.115 0.067281068 0.00181009167
 2513.215 0.0636639153 0.00175158452
 2513.315 0.0621078059 0.00174026755
 2513.415 0.0630465669 0.00177862684
 2513.515 0.0636105403 0.00175109699
 2513.615 0.0619828472 0.00174911579
 2513.715 0.0604203579 0.00170395054
 2513.815 0.0601652815 0.00172161986
 2513.915 0.0588895148 0.00170529174
 2514.015 0.06063345 0.00173571944
 2514.115 0.0575658678 0.00167199268
 2514.215 0.0554358576 0.00168808705
 2514.315 0.0571509679 0.00167749159
 2514.415 0.0540640942 0.00165380292
 2514.515 0.0560349587 0.00168030359
 2514.615 0.0555906058 0.00167627706
 2514.715 0.0518176216 0.00159991412
 2514.815 0.0547831989 0.00165098736
 2514.915 0.0539119525 0.00163010411
 2515.015 0.0540339552 0.00165515079
 2515.115 0.0513865915 0.00159138463
 2515.215 0.04899064 0.00157828036
 2515.315 0.0526293981 0.00160899286
 2515.415 0.0527889621 0.00163482888
 2515.515 0.0500633415 0.00159176506
 2515.615 0.0520122657 0.00162011341
 2515.715 0.0483326135 0.00157454636
 2515.815 0.0490638183 0.00156836724
 2515.915 0.0497674165 0.00160277718
 2516.015 0.0476960578 0.0015908877
 2516.115 0.045829264 0.00153930594
 2516.215 0.048027167 0.00157705291
 2516.315 0.0498876757 0.00159301151
 2516.415 0.0480462072 0.00156440321
 2516.515 0.0460305326 0.0015586806
 2516.615 0.0455614449 0.00154256393
 2516.715 0.0462932608 0.00155733545
 2516.815 0.0438473888 0.00151156823
 2516.915 0.0457404681 0.00153983729
 2517.015 0.0449751341 0.00154670397
 2517.115 0.0471845121 0.00157140792
 2517.215 0.0437610041 0.00153849199
 2517.315 0.04460395 0.00154371574
 2517.415 0.0430394753 0.00154258415
 2517.515 0.0425049868 0.00148602463
 2517.615 0.0439093983 0.00151304566
 2517.715 0.0419388019 0.0014982704
 2517.815 0.0436751634 0.00150304326
 2517.915 0.0436925345 0.00152952489
 2518.015 0.0455849859 0.00154754164
 2518.115 0.0440501534 0.00154214626
 2518.215 0.0425115417 0.00152071228
 2518.315 0.0425169285 0.00150218306
 2518.415 0.0441302534 0.00151528163
 2518.515 0.0425886519 0.00152361276
 2518.615 0.0417551348 0.00149697081
 2518.715 0.0415464395 0.00149947187
 2518.815 0.0406567995 0.00148917635
 2518.915 0.0414759827 0.00151157805
 2519.015 0.0413173772 0.00148924614
 2519.115 0.0412277169 0.00146943687
 2519.215 0.0417671613 0.00150072386
 2519.315 0.042603019 0.00150748746
 2519.415 0.040737918 0.00146701888
 2519.515 0.0380829093 0.0014658903
 2519.615 0.0394025691 0.0014494038
 2519.715 0.0370132534 0.00146372484
 2519.815 0.0388974656 0.00146400568
 2519.915 0.041093518 0.00148496913
 2520.015 0.0401433216 0.00147199108
 2520.115 0.0393717593 0.00145106222
 2520.215 0.0390080599 0.00145302473
 2520.315 0.0375049555 0.00144252971
 2520.415 0.0385329446 0.00147998662
 2520.515 0.0362002589 0.00143434883
 2520.615 0.0376423985 0.00145579962
 2520.715 0.0387214508 0.00146737426
 2520.815 0.0351023208 0.00142157919
 2520.915 0.0380171976 0.00146646351
 2521.015 0.0397924254 0.00148104083
 2521.115 0.0377593352 0.00144613167
 2521.215 0.0372749284 0.00148244306
 2521.315 0.0410749609 0.00148145526
 2521.415 0.0363235593 0.00144270989
 2521.515 0.0368365536 0.00144078393
 2521.615 0.0375729744 0.00145383769
 2521.715 0.0372581219 0.0014504518
 2521.815 0.0369718587 0.00143473439
 2521.915 0.0366820971 0.0014385775
 2522.015 0.0370173588 0.00142941742
 2522.115 0.0377431879 0.00146812391
 2522.215 0.037408771 0.00145219603
 2522.315 0.0389125982 0.00145465246
 2522.415 0.0386318223 0.00144576311
 2522.515 0.0368454389 0.00144538545
 2522.615 0.0375108078 0.00145963174
 2522.715 0.0351884959 0.00141842479
 2522.815 0.0379463653 0.00144786093
 2522.915 0.0348879121 0.00139411477
 2523.015 0.0354825144 0.00144465794
 2523.115 0.036311782 0.00141747541
 2523.215 0.0380919765 0.00145947223
 2523.315 0.036999175 0.00145656901
 2523.415 0.0353381879 0.00144384936
 2523.515 0.0348208189 0.00142915379
 2523.615 0.0366644917 0.0014295187
 2523.715 0.0341144988 0.00139248376
 2523.815 0.0351721941 0.0014046672
 2523.915 0.0388477905 0.00145710707
 2524.015 0.0343079109 0.00140992184
 2524.115 0.0344136438 0.00141300322
 2524.215 0.0370185076 0.00144146073
 2524.315 0.0350305079 0.00140924611
 2524.415 0.0351071168 0.00141682093
 2524.515 0.0330287174 0.00139407609
 2524.615 0.0356579143 0.00143719311
 2524.715 0.0348401619 0.0014047164
 2524.815 0.0359874368 0.00143587403
 2524.915 0.03366066 0.00143350308
 2525.015 0.0355753233 0.0014278543
 2525.115 0.0382042436 0.00144763469
 2525.215 0.0365829336 0.0014163068
 2525.315 0.0359801468 0.00142130731
 2525.415 0.0356548044 0.00142109318
 2525.515 0.0363764145 0.001393886
 2525.615 0.0380113116 0.00144746549
 2525.715 0.0354231432 0.00140767879
 2525.815 0.0355229088 0.00144882192
 2525.915 0.0350284252 0.00142183576
 2526.015 0.0340987141 0.00142712691
 2526.115 0.0348706393 0.00139891075
 2526.215 0.0361890607 0.00141858321
 2526.315 0.0341871174 0.00141006152
 2526.415 0.0347805486 0.00141881384
 2526.515 0.0349610045 0.00143828916
 2526.615 0.0353321021 0.00141836863
 2526.715 0.0342420718 0.00140929641
 2526.815 0.0366257084 0.00143275245
 2526.915 0.03503296 0.00141726961
 2527.015 0.0347257683 0.0014214334
 2527.115 0.0376094061 0.00144000827
 2527.215 0.0368231801 0.00143508574
 2527.315 0.0371091905 0.00142972095
 2527.415 0.0353211224 0.0014290196
 2527.515 0.0324801569 0.00139058052
 2527.615 0.0359715259 0.00143231972
 2527.715 0.0378832433 0.00145437108
 2527.815 0.0349999804 0.00142575864
 2527.915 0.0326699319 0.00138717046
 2528.015 0.0365212873 0.00142674002
 2528.115 0.036916006 0.00142561344
 2528.215 0.0347456443 0.00141093835
 2528.315 0.0367074341 0.00145857552
 2528.415 0.0369389794 0.00144179502
 2528.515 0.0354471855 0.00141801868
 2528.615 0.0366319053 0.00143465093
 2528.715 0.0330254279 0.00139364914
 2528.815 0.0361739609 0.00142116155
 2528.915 0.0340855551 0.00139248964
 2529.015 0.0349057133 0.00142396919
 2529.115 0.0332156187 0.0014018047
 2529.215 0.037961142 0.00145172763
 2529.315 0.0352776138 0.00142884167
 2529.415 0.0356052284 0.00143020812
 2529.515 0.0348130042 0.00140817341
 2529.615 0.036038016 0.00143541445
 2529.715 0.0333036853 0.00138983217
 2529.815 0.0324046025 0.00139836211
 2529.915 0.0360703388 0.00143688696


