# Data from DA_130130_E4.h5 stim 5
# Ratiometric estimator
# Ratiometric estimator:
#    Time    Ca (est)    Ca (se)
 2950.015 0.0375775421 0.00120377747
 2950.115 0.0359425724 0.0011905568
 2950.215 0.0381282335 0.0012139769
 2950.315 0.0370418995 0.0012079737
 2950.415 0.0370447658 0.00120281836
 2950.515 0.0370204923 0.00119947339
 2950.615 0.0369861044 0.0011928664
 2950.715 0.0384254279 0.00120865546
 2950.815 0.037153541 0.00119816284
 2950.915 0.0371459868 0.00119380547
 2951.015 0.0367285411 0.00121076187
 2951.115 0.0381826968 0.00121481094
 2951.215 0.0365106392 0.00119386098
 2951.315 0.0360296733 0.00118894376
 2951.415 0.0377229328 0.00120595672
 2951.515 0.0397330169 0.00123570685
 2951.615 0.0438528261 0.00126461489
 2951.715 0.0541805068 0.00134656459
 2951.815 0.0524251675 0.00135411934
 2951.915 0.0629773717 0.00144829637
 2952.015 0.0680555977 0.00152100905
 2952.115 0.0681138 0.00152899668
 2952.215 0.0705833419 0.00152469356
 2952.315 0.0671364308 0.0014912625
 2952.415 0.0693866129 0.00153035843
 2952.515 0.0680910852 0.00152546191
 2952.615 0.0689556241 0.00155112195
 2952.715 0.0705137379 0.00153282718
 2952.815 0.0707868533 0.00152787852
 2952.915 0.0681479715 0.0015034033
 2953.015 0.0675952703 0.00149746614
 2953.115 0.067774567 0.00150363727
 2953.215 0.069577481 0.00150475354
 2953.315 0.0669039057 0.0014944208
 2953.415 0.065020861 0.00149382413
 2953.515 0.0667434005 0.00147784722
 2953.615 0.0641743404 0.00147222742
 2953.715 0.0687469963 0.0015046855
 2953.815 0.0635521595 0.00145295147
 2953.915 0.0642397184 0.00147317115
 2954.015 0.0668314489 0.00149853927
 2954.115 0.0622489018 0.00144248179
 2954.215 0.0635493087 0.00147868722
 2954.315 0.0648072443 0.0014623303
 2954.415 0.0653941216 0.0014733866
 2954.515 0.0591260087 0.00142817459
 2954.615 0.0636937707 0.0014643608
 2954.715 0.0604883069 0.00141200516
 2954.815 0.0607984089 0.0014185695
 2954.915 0.0596639302 0.00140531963
 2955.015 0.0611694451 0.0014380013
 2955.115 0.0607768665 0.00141219987
 2955.215 0.0589079888 0.00140456744
 2955.315 0.0598396763 0.0014038715
 2955.415 0.0592855241 0.00142788593
 2955.515 0.0599036528 0.00141834166
 2955.615 0.0559963435 0.00138365291
 2955.715 0.0582226828 0.00139926346
 2955.815 0.0560602257 0.00137303024
 2955.915 0.0554904473 0.00139012404
 2956.015 0.055645918 0.00139787334
 2956.115 0.0586944582 0.00139814541
 2956.215 0.0581217814 0.00140204575
 2956.315 0.058341702 0.00140667263
 2956.415 0.0573528762 0.00138518251
 2956.515 0.0535545236 0.00136363681
 2956.615 0.0544270028 0.00136870887
 2956.715 0.0532168652 0.00136230564
 2956.815 0.0547557059 0.00136404456
 2956.915 0.0520683938 0.00133797307
 2957.015 0.0529128028 0.00136381559
 2957.115 0.0543984228 0.0013739488
 2957.215 0.0552491435 0.00138628956
 2957.315 0.053431635 0.00136436157
 2957.415 0.0529023152 0.00136949984
 2957.515 0.0515937287 0.00132373358
 2957.615 0.0518600263 0.00133909287
 2957.715 0.0515867161 0.00133669071
 2957.815 0.0491668932 0.00130806292
 2957.915 0.0529175166 0.00135564868
 2958.015 0.0497833605 0.001329647
 2958.115 0.0491273135 0.00133033652
 2958.215 0.0506045018 0.00133526657
 2958.315 0.0508509683 0.00132710508
 2958.415 0.0503200477 0.00131602894
 2958.515 0.0486218403 0.00132629877
 2958.615 0.0503828237 0.0013279328
 2958.715 0.0480294099 0.00130907554
 2958.815 0.0499714546 0.00132559436
 2958.915 0.0504775992 0.00133647837
 2959.015 0.0485541436 0.00131055753
 2959.115 0.0514278375 0.00131810266
 2959.215 0.0460246793 0.00128936786
 2959.315 0.0486074014 0.00131097891
 2959.415 0.0492582091 0.00129674971
 2959.515 0.0477977089 0.00130813167
 2959.615 0.0472024669 0.0012825294
 2959.715 0.0465540201 0.00129670302
 2959.815 0.0497409511 0.00131863423
 2959.915 0.0462637844 0.0012835921
 2960.015 0.0439517817 0.0012624769
 2960.115 0.0473218805 0.00127886782
 2960.215 0.0464289242 0.00127990807
 2960.315 0.0460250987 0.00127611783
 2960.415 0.0454223996 0.00128524578
 2960.515 0.0483326461 0.00131067512
 2960.615 0.0454404892 0.00128492125
 2960.715 0.0460334716 0.00128825785
 2960.815 0.0475366742 0.00129095777
 2960.915 0.0468875751 0.00130156944
 2961.015 0.0455929159 0.00128110386
 2961.115 0.0443499157 0.00126230266
 2961.215 0.0448059442 0.0013058288
 2961.315 0.0446201458 0.00127037686
 2961.415 0.0430552448 0.00125907126
 2961.515 0.0454612864 0.00127504449
 2961.615 0.0428281557 0.00125719368
 2961.715 0.0455059391 0.00129247862
 2961.815 0.0440257436 0.00126247434
 2961.915 0.0445866009 0.00126830877
 2962.015 0.0434975118 0.00125292328
 2962.115 0.0417379054 0.00126226214
 2962.215 0.0429936341 0.00126725768
 2962.315 0.044717224 0.00126407276
 2962.415 0.0440430045 0.00125101012
 2962.515 0.0423017831 0.00125510084
 2962.615 0.0426699979 0.00126430801
 2962.715 0.0457654208 0.00127515539
 2962.815 0.0429042773 0.00126406024
 2962.915 0.0433458118 0.00123463227
 2963.015 0.0420829999 0.00126466949
 2963.115 0.0417651306 0.00122735062
 2963.215 0.0435928895 0.00126943626
 2963.315 0.0436020673 0.00126942555
 2963.415 0.0446709267 0.00128514126
 2963.515 0.0438560964 0.00126527833
 2963.615 0.0418796624 0.00123849948
 2963.715 0.0420571442 0.00123899404
 2963.815 0.0400567157 0.00121366174
 2963.915 0.0442047446 0.00125999275
 2964.015 0.0416554491 0.00124053168
 2964.115 0.0431692397 0.00125661049
 2964.215 0.0396469574 0.00122112308
 2964.315 0.0411326381 0.00121976068
 2964.415 0.0417055 0.00123819802
 2964.515 0.0415304852 0.00123640923
 2964.615 0.0407508482 0.00123982894
 2964.715 0.0407926856 0.00122919778
 2964.815 0.0444715982 0.00127354758
 2964.915 0.0399887661 0.00125770349
 2965.015 0.0409881584 0.00123721801
 2965.115 0.0428933147 0.00125130204
 2965.215 0.040152706 0.00121357915
 2965.315 0.0411833073 0.00123647908
 2965.415 0.040647945 0.00122970041
 2965.515 0.0410724968 0.00121303487
 2965.615 0.0414079895 0.00123333116
 2965.715 0.0398824954 0.00121348674
 2965.815 0.0392188034 0.00123805195
 2965.915 0.0400001937 0.00122887894
 2966.015 0.0398765038 0.00124653317
 2966.115 0.0388838571 0.00120143093
 2966.215 0.0406380105 0.0012204034
 2966.315 0.0407125687 0.00123026313
 2966.415 0.0411437326 0.00123812594
 2966.515 0.0406113247 0.00124452755
 2966.615 0.0391906564 0.00121853677
 2966.715 0.0388511574 0.00122293995
 2966.815 0.0406844256 0.001234161
 2966.915 0.041025614 0.00123241562
 2967.015 0.0397533365 0.00122728683
 2967.115 0.0377960874 0.00120611447
 2967.215 0.0393551269 0.00121935812
 2967.315 0.0409553302 0.00123048784
 2967.415 0.0383587962 0.00122560102
 2967.515 0.0414084323 0.00123594594
 2967.615 0.0405661617 0.00123764017
 2967.715 0.038783377 0.0012176251
 2967.815 0.0402623982 0.0012258495
 2967.915 0.0373395224 0.00120170872
 2968.015 0.0396781925 0.00122194462
 2968.115 0.0412040412 0.00122862564
 2968.215 0.0413823271 0.00123400763
 2968.315 0.0400743351 0.00124729068
 2968.415 0.0393977614 0.00122022845
 2968.515 0.0415329665 0.00123295062
 2968.615 0.038013738 0.00120776235
 2968.715 0.0405430542 0.00122908711
 2968.815 0.040922432 0.00122848483
 2968.915 0.0373060254 0.00119420374
 2969.015 0.0384836566 0.00121889436
 2969.115 0.0400312458 0.00122773984
 2969.215 0.0372516122 0.00120397712
 2969.315 0.038526623 0.0012376178
 2969.415 0.0370516665 0.00119776091
 2969.515 0.0405272944 0.00121992571
 2969.615 0.0393069652 0.00122912214
 2969.715 0.0394572937 0.00121890028
 2969.815 0.0393061957 0.00121862939
 2969.915 0.0379895662 0.00121581701


