# τ vs min κ linear regression for data set DA_130130_E4.h5
# Using stimulation: 1, 2, 3, 4, 5
# Best fit: tau = 0.770812 + 0.0132558 kappa_Fura
# Covariance matrix:
# [ +2.24214e-02, -1.33043e-04  
#   -1.33043e-04, +1.02706e-06  ]
# Total sum of squares (TSS) = 183.565
# chisq (Residual sum of squares, RSS) = 12.4785
# Probability of observing a larger of equal RSS per DOF under the null hypothesis: 0.00591161
# R squared (1-RSS/TSS) = 0.932022
# Estimated gamma/v with standard error: 75.4388 +/- 5.76749
# Estimates kappa_S with standard error (using error propagation): 57.1491 +/- 12.1394
# kappa_S confidence intervals based on parametric bootstrap
# 0.95 CI for kappa_S: [30.5533,92.2717]
# 0.99 CI for kappa_S: [22.7269,105.812]


# The data
# κ_Fura  τ   τ_SE
38.813 1.55719 0.1648
95.3708 1.94367 0.120784
160.453 2.78147 0.133035
236.503 3.6884 0.209818
313.239 5.86966 0.349246


# The fitted data
# Preticted values with lower and upper bounds of 0.95 CI
# κ_Fura  τ   τ_lwr  τ_upr
-72.4364 -0.189389 -0.61469 0.235912
-70.831 -0.168109 -0.590403 0.254185
-69.2257 -0.146829 -0.566119 0.272462
-67.6203 -0.125549 -0.541838 0.290741
-66.015 -0.104268 -0.517559 0.309022
-64.4096 -0.0829882 -0.493283 0.327307
-62.8043 -0.0617081 -0.469011 0.345594
-61.1989 -0.0404279 -0.444741 0.363885
-59.5936 -0.0191478 -0.420474 0.382179
-57.9882 0.0021324 -0.39621 0.400475
-56.3829 0.0234126 -0.37195 0.418775
-54.7775 0.0446927 -0.347693 0.437078
-53.1722 0.0659729 -0.323439 0.455385
-51.5668 0.087253 -0.299189 0.473695
-49.9615 0.108533 -0.274942 0.492009
-48.3561 0.129813 -0.250699 0.510326
-46.7508 0.151093 -0.226459 0.528646
-45.1454 0.172374 -0.202224 0.546971
-43.5401 0.193654 -0.177992 0.565299
-41.9347 0.214934 -0.153764 0.583632
-40.3294 0.236214 -0.12954 0.601968
-38.724 0.257494 -0.10532 0.620309
-37.1187 0.278774 -0.0811047 0.638654
-35.5133 0.300055 -0.0568935 0.657003
-33.908 0.321335 -0.0326868 0.675356
-32.3027 0.342615 -0.00848464 0.693714
-30.6973 0.363895 0.0157128 0.712077
-29.092 0.385175 0.0399055 0.730445
-27.4866 0.406455 0.0640932 0.748818
-25.8813 0.427736 0.0882759 0.767195
-24.2759 0.449016 0.112453 0.785578
-22.6706 0.470296 0.136626 0.803966
-21.0652 0.491576 0.160792 0.82236
-19.4599 0.512856 0.184954 0.840759
-17.8545 0.534136 0.209109 0.859164
-16.2492 0.555416 0.233258 0.877574
-14.6438 0.576697 0.257402 0.895991
-13.0385 0.597977 0.281539 0.914414
-11.4331 0.619257 0.30567 0.932844
-9.82776 0.640537 0.329794 0.95128
-8.22242 0.661817 0.353912 0.969723
-6.61707 0.683097 0.378022 0.988173
-5.01172 0.704378 0.402126 1.00663
-3.40637 0.725658 0.426222 1.02509
-1.80102 0.746938 0.45031 1.04357
-0.195671 0.768218 0.474391 1.06205
1.40968 0.789498 0.498464 1.08053
3.01503 0.810778 0.522528 1.09903
4.62038 0.832059 0.546584 1.11753
6.22572 0.853339 0.570632 1.13605
7.83107 0.874619 0.59467 1.15457
9.43642 0.895899 0.618699 1.1731
11.0418 0.917179 0.642719 1.19164
12.6471 0.938459 0.666729 1.21019
14.2525 0.959739 0.690729 1.22875
15.8578 0.98102 0.714718 1.24732
17.4632 1.0023 0.738697 1.2659
19.0685 1.02358 0.762664 1.2845
20.6739 1.04486 0.78662 1.3031
22.2792 1.06614 0.810565 1.32172
23.8846 1.08742 0.834497 1.34034
25.4899 1.1087 0.858417 1.35898
27.0953 1.12998 0.882324 1.37764
28.7006 1.15126 0.906217 1.3963
30.306 1.17254 0.930097 1.41499
31.9113 1.19382 0.953962 1.43368
33.5167 1.2151 0.977813 1.45239
35.122 1.23638 1.00165 1.47111
36.7274 1.25766 1.02547 1.48985
38.3327 1.27894 1.04927 1.50861
39.9381 1.30022 1.07306 1.52738
41.5434 1.3215 1.09683 1.54618
43.1488 1.34278 1.12058 1.56498
44.7541 1.36406 1.14431 1.58381
46.3594 1.38534 1.16803 1.60266
47.9648 1.40662 1.19172 1.62152
49.5701 1.4279 1.2154 1.64041
51.1755 1.44918 1.23905 1.65932
52.7808 1.47046 1.26268 1.67824
54.3862 1.49174 1.28629 1.6972
55.9915 1.51302 1.30988 1.71617
57.5969 1.5343 1.33344 1.73517
59.2022 1.55558 1.35697 1.7542
60.8076 1.57686 1.38048 1.77325
62.4129 1.59814 1.40397 1.79232
64.0183 1.61942 1.42742 1.81143
65.6236 1.6407 1.45085 1.83056
67.229 1.66198 1.47425 1.84972
68.8343 1.68326 1.49761 1.86892
70.4397 1.70454 1.52095 1.88814
72.045 1.72583 1.54425 1.9074
73.6504 1.74711 1.56752 1.92669
75.2557 1.76839 1.59075 1.94602
76.8611 1.78967 1.61395 1.96538
78.4664 1.81095 1.63711 1.98478
80.0718 1.83223 1.66023 2.00422
81.6771 1.85351 1.68331 2.0237
83.2825 1.87479 1.70635 2.04322
84.8878 1.89607 1.72935 2.06278
86.4932 1.91735 1.75231 2.08239
88.0985 1.93863 1.77522 2.10204
89.7039 1.95991 1.79808 2.12173
91.3092 1.98119 1.8209 2.14148
92.9146 2.00247 1.84366 2.16127
94.5199 2.02375 1.86638 2.18112
96.1253 2.04503 1.88904 2.20102
97.7306 2.06631 1.91165 2.22097
99.336 2.08759 1.93421 2.24097
100.941 2.10887 1.9567 2.26103
102.547 2.13015 1.97915 2.28115
104.152 2.15143 2.00153 2.30133
105.757 2.17271 2.02385 2.32157
107.363 2.19399 2.04611 2.34186
108.968 2.21527 2.06831 2.36223
110.573 2.23655 2.09045 2.38265
112.179 2.25783 2.11251 2.40314
113.784 2.27911 2.13452 2.4237
115.389 2.30039 2.15646 2.44432
116.995 2.32167 2.17832 2.46502
118.6 2.34295 2.20012 2.48578
120.205 2.36423 2.22185 2.50661
121.811 2.38551 2.24351 2.52751
123.416 2.40679 2.2651 2.54848
125.022 2.42807 2.28662 2.56952
126.627 2.44935 2.30807 2.59063
128.232 2.47063 2.32944 2.61182
129.838 2.49191 2.35075 2.63308
131.443 2.51319 2.37198 2.65441
133.048 2.53447 2.39314 2.67581
134.654 2.55575 2.41422 2.69728
136.259 2.57703 2.43524 2.71882
137.864 2.59831 2.45618 2.74044
139.47 2.61959 2.47706 2.76213
141.075 2.64087 2.49786 2.78388
142.68 2.66215 2.5186 2.80571
144.286 2.68343 2.53926 2.8276
145.891 2.70471 2.55986 2.84956
147.496 2.72599 2.58039 2.87159
149.102 2.74727 2.60086 2.89369
150.707 2.76855 2.62126 2.91585
152.312 2.78983 2.6416 2.93807
153.918 2.81111 2.66187 2.96035
155.523 2.83239 2.68209 2.9827
157.129 2.85367 2.70225 3.0051
158.734 2.87495 2.72234 3.02756
160.339 2.89623 2.74238 3.05009
161.945 2.91751 2.76237 3.07266
163.55 2.93879 2.7823 3.09529
165.155 2.96007 2.80217 3.11797
166.761 2.98135 2.822 3.14071
168.366 3.00263 2.84178 3.16349
169.971 3.02391 2.8615 3.18633
171.577 3.04519 2.88118 3.20921
173.182 3.06647 2.90082 3.23213
174.787 3.08776 2.92041 3.2551
176.393 3.10904 2.93995 3.27812
177.998 3.13032 2.95946 3.30117
179.603 3.1516 2.97892 3.32427
181.209 3.17288 2.99834 3.34741
182.814 3.19416 3.01773 3.37058
184.419 3.21544 3.03708 3.39379
186.025 3.23672 3.05639 3.41704
187.63 3.258 3.07567 3.44032
189.236 3.27928 3.09492 3.46364
190.841 3.30056 3.11413 3.48698
192.446 3.32184 3.13331 3.51036
194.052 3.34312 3.15246 3.53377
195.657 3.3644 3.17159 3.55721
197.262 3.38568 3.19068 3.58067
198.868 3.40696 3.20975 3.60417
200.473 3.42824 3.22879 3.62769
202.078 3.44952 3.2478 3.65123
203.684 3.4708 3.26679 3.6748
205.289 3.49208 3.28576 3.6984
206.894 3.51336 3.3047 3.72201
208.5 3.53464 3.32362 3.74565
210.105 3.55592 3.34252 3.76931
211.71 3.5772 3.3614 3.793
213.316 3.59848 3.38026 3.8167
214.921 3.61976 3.3991 3.84042
216.526 3.64104 3.41792 3.86416
218.132 3.66232 3.43672 3.88792
219.737 3.6836 3.4555 3.91169
221.342 3.70488 3.47427 3.93549
222.948 3.72616 3.49302 3.9593
224.553 3.74744 3.51176 3.98312
226.159 3.76872 3.53048 4.00696
227.764 3.79 3.54918 4.03082
229.369 3.81128 3.56787 4.05469
230.975 3.83256 3.58654 4.07858
232.58 3.85384 3.60521 4.10248
234.185 3.87512 3.62385 4.12639
235.791 3.8964 3.64249 4.15031
237.396 3.91768 3.66111 4.17425
239.001 3.93896 3.67973 4.1982
240.607 3.96024 3.69833 4.22216
242.212 3.98152 3.71691 4.24613
243.817 4.0028 3.73549 4.27011
245.423 4.02408 3.75406 4.29411
247.028 4.04536 3.77262 4.31811
248.633 4.06664 3.79116 4.34212
250.239 4.08792 3.8097 4.36615
251.844 4.1092 3.82823 4.39018
253.449 4.13048 3.84675 4.41422
255.055 4.15176 3.86526 4.43827
256.66 4.17304 3.88376 4.46233
258.266 4.19432 3.90225 4.4864
259.871 4.2156 3.92073 4.51047
261.476 4.23688 3.93921 4.53456
263.082 4.25816 3.95768 4.55865
264.687 4.27944 3.97614 4.58275
266.292 4.30072 3.99459 4.60685
267.898 4.322 4.01304 4.63097
269.503 4.34328 4.03148 4.65509
271.108 4.36456 4.04992 4.67921
272.714 4.38584 4.06834 4.70335
274.319 4.40712 4.08676 4.72749
275.924 4.42841 4.10518 4.75163
277.53 4.44969 4.12359 4.77578
279.135 4.47097 4.14199 4.79994
280.74 4.49225 4.16039 4.8241
282.346 4.51353 4.17878 4.84827
283.951 4.53481 4.19716 4.87245
285.556 4.55609 4.21555 4.89663
287.162 4.57737 4.23392 4.92081
288.767 4.59865 4.25229 4.945
290.372 4.61993 4.27066 4.9692
291.978 4.64121 4.28902 4.99339
293.583 4.66249 4.30737 5.0176
295.189 4.68377 4.32573 5.04181
296.794 4.70505 4.34407 5.06602
298.399 4.72633 4.36242 5.09024
300.005 4.74761 4.38076 5.11446
301.61 4.76889 4.39909 5.13868
303.215 4.79017 4.41742 5.16291
304.821 4.81145 4.43575 5.18715
306.426 4.83273 4.45407 5.21138
308.031 4.85401 4.47239 5.23562
309.637 4.87529 4.49071 5.25987
311.242 4.89657 4.50902 5.28412
312.847 4.91785 4.52733 5.30837
314.453 4.93913 4.54563 5.33262
316.058 4.96041 4.56394 5.35688
317.663 4.98169 4.58223 5.38114
319.269 5.00297 4.60053 5.40541
320.874 5.02425 4.61882 5.42968
322.479 5.04553 4.63711 5.45395
324.085 5.06681 4.6554 5.47822
325.69 5.08809 4.67368 5.5025
327.296 5.10937 4.69196 5.52678
