# Data from DA_130130_E4.h5 stim 2
# Ratiometric estimator
# Ratiometric estimator:
#    Time    Ca (est)    Ca (se)
 1750.015 0.0373129732 0.00260153133
 1750.115 0.0388128333 0.0026644871
 1750.215 0.0381301861 0.00261822449
 1750.315 0.0436012308 0.00272739451
 1750.415 0.0383031606 0.00261203423
 1750.515 0.0387030364 0.00264008936
 1750.615 0.0384962986 0.0025945872
 1750.715 0.0395809365 0.00264085835
 1750.815 0.0436184745 0.0027192337
 1750.915 0.0431975676 0.00271919401
 1751.015 0.0405582826 0.00270505094
 1751.115 0.0410988387 0.00270351898
 1751.215 0.0429317362 0.00268806587
 1751.315 0.039955968 0.00265532413
 1751.415 0.0418247806 0.00271269444
 1751.515 0.0501384434 0.00290280256
 1751.615 0.0605667742 0.00308049333
 1751.715 0.0761516833 0.00335749246
 1751.815 0.0837792757 0.00358279646
 1751.915 0.0994115635 0.00392514333
 1752.015 0.113099273 0.00432136987
 1752.115 0.114963722 0.00442374192
 1752.215 0.110711826 0.00419952514
 1752.315 0.116473855 0.00430274985
 1752.415 0.0999632437 0.00395897913
 1752.515 0.108840636 0.00420555345
 1752.615 0.0864896278 0.00375574837
 1752.715 0.098214391 0.00394177601
 1752.815 0.0920831708 0.00374233834
 1752.915 0.0874339118 0.00371113583
 1753.015 0.0855639232 0.00361708687
 1753.115 0.0788500995 0.0034591728
 1753.215 0.078210278 0.00343859461
 1753.315 0.0771176652 0.00344955461
 1753.415 0.0717270631 0.00334046078
 1753.515 0.0705019186 0.00325706555
 1753.615 0.0752106625 0.00339362675
 1753.715 0.0699731841 0.00326311063
 1753.815 0.0633675703 0.00315053173
 1753.915 0.0642365593 0.00316857499
 1754.015 0.0640574409 0.00316443538
 1754.115 0.0619146098 0.00312102134
 1754.215 0.0596065555 0.00306897235
 1754.315 0.0605349637 0.00303748975
 1754.415 0.0579506213 0.00301674308
 1754.515 0.0593648446 0.0030958851
 1754.615 0.0575131171 0.00305035291
 1754.715 0.0534689533 0.00288370122
 1754.815 0.0567648349 0.00295537669
 1754.915 0.0487523376 0.00281398055
 1755.015 0.0583978271 0.00304946655
 1755.115 0.051529077 0.00283002801
 1755.215 0.0522831471 0.00290638887
 1755.315 0.0521898749 0.00285414755
 1755.415 0.0486811332 0.00286797311
 1755.515 0.0506998404 0.0028584311
 1755.615 0.0519234989 0.00288196843
 1755.715 0.0497197024 0.00281747263
 1755.815 0.0489020997 0.00277637037
 1755.915 0.0479078945 0.00287718986
 1756.015 0.0520578575 0.00288613704
 1756.115 0.0482958448 0.00278836996
 1756.215 0.0515888538 0.00284518492
 1756.315 0.0485740485 0.00281554584
 1756.415 0.0449397554 0.00273285736
 1756.515 0.0485289347 0.00282140752
 1756.615 0.049958469 0.0027962159
 1756.715 0.0446520643 0.0027266637
 1756.815 0.0472579488 0.00278245322
 1756.915 0.0453114805 0.00272137331
 1757.015 0.0457575278 0.0027697686
 1757.115 0.0511873949 0.00284715055
 1757.215 0.0461431288 0.0027800462
 1757.315 0.0428824352 0.00272577149
 1757.415 0.0459772922 0.00280484003
 1757.515 0.0392472589 0.00259175528
 1757.615 0.0411161638 0.00267370752
 1757.715 0.0446926939 0.00274294709
 1757.815 0.0410044058 0.00263965189
 1757.915 0.0399603483 0.00266497822
 1758.015 0.0400095306 0.00263640814
 1758.115 0.0443527309 0.00271207129
 1758.215 0.0423141701 0.00270185311
 1758.315 0.0380231449 0.00263926572
 1758.415 0.039359463 0.00260911363
 1758.515 0.0451220235 0.00274390639
 1758.615 0.0412225729 0.00266063309
 1758.715 0.0405741788 0.00263646422
 1758.815 0.0425853141 0.00269336427
 1758.915 0.0397583871 0.00265716872
 1759.015 0.0405630416 0.00266759133
 1759.115 0.045629569 0.00270399691
 1759.215 0.0454702701 0.00274318067
 1759.315 0.0398722245 0.00266463337
 1759.415 0.0467983564 0.00272546437
 1759.515 0.0416016901 0.00269079643
 1759.615 0.0428635614 0.00267306263
 1759.715 0.0380026797 0.00262677168
 1759.815 0.0412235889 0.00264242132
 1759.915 0.0419855341 0.00263856228
 1760.015 0.0410473987 0.00264475025
 1760.115 0.0439984855 0.00268725189
 1760.215 0.045018016 0.00274149592
 1760.315 0.0394425648 0.00260354255
 1760.415 0.0420375886 0.0026913327
 1760.515 0.0429386842 0.00269834911
 1760.615 0.0419005121 0.00271199512
 1760.715 0.0374261473 0.00259251502
 1760.815 0.0394437928 0.00263036589
 1760.915 0.0405534919 0.00264201095
 1761.015 0.0426599916 0.00269606964
 1761.115 0.0380902947 0.0025937436
 1761.215 0.0394769135 0.00265700353
 1761.315 0.0392758498 0.00262756739
 1761.415 0.0460526587 0.00273955808
 1761.515 0.0400197059 0.00263051251
 1761.615 0.0359624354 0.00255860423
 1761.715 0.0380854182 0.00265139229
 1761.815 0.0416453785 0.00262744754
 1761.915 0.0456093774 0.00270690595
 1762.015 0.0380686313 0.00257873693
 1762.115 0.0376259758 0.00263736128
 1762.215 0.0361663227 0.00258390592
 1762.315 0.042371735 0.00265385183
 1762.415 0.0443926885 0.0026734337
 1762.515 0.0455105016 0.00271444759
 1762.615 0.0448647036 0.00272518031
 1762.715 0.0386210533 0.00261570477
 1762.815 0.044167432 0.00273509664
 1762.915 0.0413968732 0.00258708006
 1763.015 0.0423378307 0.0027156643
 1763.115 0.0393510459 0.00258542269
 1763.215 0.0436016707 0.00269451908
 1763.315 0.0408698908 0.00269778563
 1763.415 0.0435508339 0.00275245662
 1763.515 0.0407742118 0.00261097121
 1763.615 0.0429772748 0.00265105765
 1763.715 0.0380242916 0.00256770946
 1763.815 0.0389487526 0.00258762767
 1763.915 0.0412335065 0.00263433193
 1764.015 0.0395043977 0.00260688165
 1764.115 0.0387270706 0.00261259375
 1764.215 0.034764138 0.00251286287
 1764.315 0.0408791186 0.00258390683
 1764.415 0.0364993228 0.00257570552
 1764.515 0.0412871751 0.00263218282
 1764.615 0.0385498319 0.0026143914
 1764.715 0.0364652235 0.00253674702
 1764.815 0.0366897699 0.00255667975
 1764.915 0.0430156266 0.00270783902
 1765.015 0.0401618503 0.0026276369
 1765.115 0.0403733358 0.00261586323
 1765.215 0.0444016047 0.00265677103
 1765.315 0.0414574124 0.00261780083
 1765.415 0.0375945702 0.00256665476
 1765.515 0.0392983059 0.00257266491
 1765.615 0.0439855472 0.00269948056
 1765.715 0.0377118336 0.00256726828
 1765.815 0.0391257225 0.00263965589
 1765.915 0.039433313 0.0026216238
 1766.015 0.0415144617 0.00268972818
 1766.115 0.0421803787 0.00262631049
 1766.215 0.0400254336 0.00257086312
 1766.315 0.0395972178 0.00262957626
 1766.415 0.0430210468 0.00265693992
 1766.515 0.0415184681 0.00268626614
 1766.615 0.0365317088 0.00257030589
 1766.715 0.0342066358 0.00251291444
 1766.815 0.0407745158 0.00260666433
 1767.215 0.0395850316 0.0025904432
 1767.315 0.0382115231 0.00258049551
 1767.415 0.0418414314 0.00266738472
 1767.515 0.0410448326 0.0026205388
 1767.615 0.0388942582 0.00255446754
 1767.715 0.0410371437 0.00264092723
 1767.815 0.0358082983 0.00256846118
 1767.915 0.0355225458 0.00253375106
 1768.015 0.0426437328 0.002680639
 1768.115 0.0444291746 0.00269052762
 1768.215 0.0393683976 0.00262108783
 1768.315 0.0406703975 0.00260273622
 1768.415 0.0358355442 0.00251270322
 1768.515 0.0390816241 0.0025873589
 1768.615 0.0453358595 0.00273335751
 1768.715 0.0370713216 0.00253623652
 1768.815 0.0361117219 0.00255299137
 1768.915 0.0396844032 0.00261422703
 1769.015 0.0438808366 0.00264615032
 1769.115 0.0390933052 0.00256661882
 1769.215 0.0401629444 0.0025877668
 1769.315 0.0405093767 0.00261251376
 1769.415 0.0414183562 0.00261332409
 1769.515 0.0439174147 0.0026887563
 1769.615 0.0370526515 0.00261083521
 1769.715 0.0370137691 0.00253929423
 1769.815 0.0420451789 0.00264749628
 1769.915 0.0407043338 0.00263583026
 1770.015 0.0398740976 0.00260178026
 1770.115 0.0356551507 0.0025057561
 1770.215 0.0363560373 0.00256721353


