# Data from DA_130514_E4.h5 stim 3
# Ratiometric estimator
# Ratiometric estimator:
#    Time    Ca (est)    Ca (se)
 1430.015 0.0997453961 0.00380842294
 1430.115 0.0978989819 0.00377721981
 1430.215 0.101217268 0.00383943508
 1430.315 0.106876429 0.00397092798
 1430.415 0.108453839 0.00397467408
 1430.515 0.106219324 0.00392655691
 1430.615 0.109063035 0.00392286226
 1430.715 0.102661348 0.0038583512
 1430.815 0.105866259 0.00392179002
 1430.915 0.102587833 0.00383260751
 1431.015 0.114438672 0.00414907483
 1431.115 0.0999333379 0.00380184028
 1431.215 0.103739262 0.00383518943
 1431.315 0.10432119 0.00388733071
 1431.415 0.0997688903 0.00381023155
 1431.515 0.115841819 0.00420510146
 1431.615 0.13266425 0.00458198408
 1431.715 0.172953695 0.00543771481
 1431.815 0.206428776 0.00646624407
 1431.915 0.264770298 0.00807548661
 1432.015 0.256120188 0.00798096283
 1432.115 0.27682929 0.0086628707
 1432.215 0.263778464 0.00811154
 1432.315 0.261330822 0.0081440577
 1432.415 0.252069695 0.00786345967
 1432.515 0.240014573 0.00751806697
 1432.615 0.26033214 0.00810568792
 1432.715 0.245094156 0.00763727415
 1432.815 0.229902351 0.00709008302
 1432.915 0.231260372 0.00711029913
 1433.015 0.223923248 0.00696082235
 1433.115 0.230709022 0.00713460967
 1433.215 0.225414456 0.00690615111
 1433.315 0.217851674 0.00671754852
 1433.415 0.217042255 0.00687215207
 1433.515 0.204522157 0.00634018451
 1433.615 0.223016285 0.00690932752
 1433.715 0.215432642 0.00663835092
 1433.815 0.192930092 0.00609795687
 1433.915 0.200574919 0.00632092701
 1434.015 0.185244453 0.00585186588
 1434.115 0.19831617 0.00612653147
 1434.215 0.195669925 0.00619780519
 1434.315 0.190267424 0.0059161239
 1434.415 0.188889377 0.00597482373
 1434.515 0.187875801 0.00590172044
 1434.615 0.197029358 0.00615997427
 1434.715 0.177466454 0.00554313655
 1434.815 0.175657974 0.00556004067
 1434.915 0.185380156 0.00582850938
 1435.015 0.175717219 0.00563036919
 1435.115 0.174276036 0.00544731627
 1435.215 0.18333031 0.00573971573
 1435.315 0.168674726 0.00531499659
 1435.415 0.169140176 0.00549588255
 1435.515 0.169575289 0.00530709205
 1435.615 0.177505692 0.00561454428
 1435.715 0.16368815 0.00526491764
 1435.815 0.165634918 0.00528330628
 1435.915 0.166838412 0.00546162891
 1436.015 0.153161192 0.00509730962
 1436.115 0.171822076 0.00542383107
 1436.215 0.160205906 0.00520273088
 1436.315 0.160779762 0.0051614396
 1436.415 0.158367631 0.00511264084
 1436.515 0.160607958 0.00520619947
 1436.615 0.148103849 0.00489868639
 1436.715 0.151478635 0.00495853833
 1436.815 0.165338068 0.00527444992
 1436.915 0.148491345 0.00486298185
 1437.015 0.145849165 0.00484071956
 1437.115 0.138553466 0.00464365089
 1437.215 0.148105453 0.00487568944
 1437.315 0.148958407 0.00495456654
 1437.415 0.154639472 0.00511800313
 1437.515 0.14914196 0.00482901576
 1437.615 0.143045469 0.00475204564
 1437.715 0.150413353 0.00493046531
 1437.815 0.145505686 0.00478741118
 1437.915 0.149460914 0.00489368301
 1438.015 0.139286867 0.00469987757
 1438.115 0.151148505 0.00495900749
 1438.215 0.145495569 0.00485029306
 1438.315 0.133519705 0.00453945468
 1438.415 0.141144237 0.00465911587
 1438.515 0.136327106 0.00462059625
 1438.615 0.14076356 0.00473246596
 1438.715 0.131783019 0.00451855138
 1438.815 0.134879676 0.0045851783
 1438.915 0.133041697 0.00452526715
 1439.015 0.12956747 0.00440865863
 1439.115 0.126879278 0.00435183376
 1439.215 0.133016005 0.00456077774
 1439.315 0.133916191 0.00452152583
 1439.415 0.133611816 0.00443436985
 1439.515 0.135545458 0.00456205712
 1439.615 0.129281626 0.0043862941
 1439.715 0.131096025 0.00451096037
 1439.815 0.126575438 0.00435421496
 1439.915 0.134289792 0.00447496136
 1440.015 0.13124172 0.00446486348
 1440.115 0.13507401 0.00449369383
 1440.215 0.125809227 0.00429291513
 1440.315 0.123082408 0.00427942527
 1440.415 0.124481358 0.00434455624
 1440.515 0.135088124 0.00455223709
 1440.615 0.126327779 0.00440046269
 1440.715 0.122266024 0.00429988305
 1440.815 0.121705737 0.00423999151
 1440.915 0.118318673 0.00424017346
 1441.015 0.118589788 0.00420817778
 1441.115 0.119322165 0.00413718487
 1441.215 0.111301584 0.00412386248
 1441.315 0.129185107 0.00437552373
 1441.415 0.116804442 0.0041360175
 1441.515 0.12136457 0.00420644165
 1441.615 0.119153549 0.00423301271
 1441.715 0.123280916 0.00431807302
 1441.815 0.124044412 0.00428179627
 1441.915 0.121479728 0.00420757684
 1442.015 0.117268639 0.00413267362
 1442.115 0.11991776 0.00426662223
 1442.215 0.123641679 0.00431860095
 1442.315 0.115628023 0.00405147009
 1442.415 0.124035747 0.0042344688
 1442.515 0.122526518 0.00425345961
 1442.615 0.117680714 0.00420370107
 1442.715 0.114429935 0.00408552603
 1442.815 0.11240087 0.00405821649
 1442.915 0.122143682 0.00417664207
 1443.015 0.110436627 0.00405541682
 1443.115 0.120138098 0.00412893196
 1443.215 0.119817182 0.00419627872
 1443.315 0.115487246 0.00413212268
 1443.415 0.116410361 0.004166023
 1443.515 0.12371371 0.00427298865
 1443.615 0.118081157 0.00410079923
 1443.715 0.110245798 0.00398243301
 1443.815 0.116595753 0.00407726325
 1443.915 0.117588547 0.00410771306
 1444.015 0.109768502 0.00393693117
 1444.115 0.112964971 0.0040329446
 1444.215 0.113782649 0.00405959024
 1444.315 0.114447226 0.00402633499
 1444.415 0.114005844 0.00409121305
 1444.515 0.105732085 0.00384692808
 1444.615 0.116845231 0.00415789727
 1444.715 0.118607762 0.00412570473
 1444.815 0.110342477 0.00400048901
 1444.915 0.113947384 0.00408525758
 1445.015 0.115689355 0.00411203296
 1445.115 0.113560796 0.00402248718
 1445.215 0.116209126 0.00402401802
 1445.315 0.108650642 0.00395118111
 1445.415 0.111173551 0.00397619509
 1445.515 0.112330986 0.00391160746
 1445.615 0.114693451 0.00403492871
 1445.715 0.108307147 0.00390353184
 1445.815 0.112922599 0.00405953189
 1445.915 0.111210417 0.00398571507
 1446.015 0.106737445 0.00394656321
 1446.115 0.116213517 0.00406033609
 1446.215 0.116989699 0.00407921414
 1446.315 0.108670073 0.00394056634
 1446.415 0.114237963 0.00403632038
 1446.515 0.110808874 0.0040200995
 1446.615 0.103427546 0.00385006647
 1446.715 0.111460851 0.00397239481
 1446.815 0.115617541 0.00408240785
 1446.915 0.109065762 0.00392205226
 1447.015 0.111744445 0.00399312872
 1447.115 0.103905693 0.00383356275
 1447.215 0.108157173 0.00391820836
 1447.315 0.112376468 0.00398748114
 1447.415 0.108592437 0.00396974692
 1447.515 0.119240482 0.00413676189
 1447.615 0.104313124 0.0038745419
 1447.715 0.111304909 0.00400820639
 1447.815 0.0991555365 0.00373596997
 1447.915 0.106655507 0.00386971784
 1448.015 0.0989719635 0.00372106912
 1448.115 0.109646763 0.0039023405
 1448.215 0.109072989 0.00392034852
 1448.315 0.110445518 0.00404042819
 1448.415 0.104142399 0.00386228399
 1448.515 0.110265995 0.00394551933
 1448.615 0.111152833 0.00400843396
 1448.715 0.11451761 0.00402519943
 1448.815 0.106084845 0.00382936094
 1448.915 0.105917579 0.0038358589
 1449.015 0.106526642 0.00393780267
 1449.115 0.109295303 0.00399054703
 1449.215 0.106667457 0.0038853196
 1449.315 0.109104985 0.00400173521
 1449.415 0.108334107 0.00390739085
 1449.515 0.105598807 0.0038339052
 1449.615 0.103348185 0.00386257663
 1449.715 0.114949679 0.00406253939
 1449.815 0.103109974 0.00385909684
 1449.915 0.101755809 0.0038480146


