# Data from DA_130514_E4.h5 stim 4
# Ratiometric estimator mono-exponential fit
# Fitted model Ca = baseline+delta*exp(-(t-t0)/tau)
# nobs = 147
# number of degrees of freedom = 144
# baseline length = 7
# fit started from point 60
# estimated baseline 0.0887892 and standard error 0.000989134
# estimated delta 0.0574015 and standard error 0.00119027
# estimated tau 6.48385 and standard error 0.320083
# residual sum of squares: 137.282
# RSS per degree of freedom: 0.953348
# Probability of observing a larger of equal RSS per DOF under the null hypothesis: 0.641597

# rss per degree of freedom: 0.953348

# Time    Ca  Prediction  Residual
1850.02 0.088467 0.0887892 -0.104966
1850.12 0.0853474 0.0887892 -1.13828
1850.21 0.0886808 0.0887892 -0.0350531
1850.31 0.0902137 0.0887892 0.454866
1850.41 0.0854291 0.0887892 -1.10558
1850.51 0.0926394 0.0887892 1.23187
1850.61 0.0830412 0.0887892 -1.94472

1856.01 0.144966 0.146191 -0.287084
1856.11 0.145574 0.145312 0.0626616
1856.21 0.14789 0.144447 0.802882
1856.31 0.145148 0.143595 0.371683
1856.41 0.137536 0.142757 -1.30705
1856.51 0.141762 0.141931 -0.0403602
1856.61 0.141046 0.141117 -0.0172807
1856.71 0.140299 0.140316 -0.00424005
1856.81 0.140021 0.139528 0.120343
1856.91 0.145729 0.138751 1.67685
1857.01 0.139412 0.137987 0.346966
1857.11 0.132997 0.137234 -1.07196
1857.21 0.140401 0.136492 0.949282
1857.31 0.137872 0.135762 0.519546
1857.41 0.13843 0.135043 0.831068
1857.51 0.140676 0.134335 1.5656
1857.61 0.134038 0.133638 0.100662
1857.71 0.135501 0.132952 0.640748
1857.81 0.126315 0.132276 -1.58491
1857.91 0.128153 0.131611 -0.894198
1858.01 0.127833 0.130955 -0.808775
1858.11 0.130812 0.13031 0.126934
1858.21 0.133144 0.129674 0.878951
1858.31 0.131697 0.129049 0.681451
1858.41 0.129252 0.128432 0.213403
1858.51 0.124651 0.127826 -0.829711
1858.61 0.129358 0.127228 0.548526
1858.71 0.131099 0.12664 1.13712
1858.81 0.126801 0.126061 0.195779
1858.91 0.133256 0.12549 1.96893
1859.01 0.123158 0.124929 -0.472915
1859.11 0.11572 0.124376 -2.41836
1859.21 0.112979 0.123831 -3.02466
1859.31 0.116182 0.123295 -1.96846
1859.41 0.124374 0.122766 0.43307
1859.51 0.126385 0.122246 1.0808
1859.61 0.119342 0.121734 -0.660511
1859.71 0.126569 0.12123 1.39196
1859.81 0.120357 0.120734 -0.102433
1859.91 0.122978 0.120245 0.736987
1860.01 0.115102 0.119763 -1.29385
1860.11 0.121192 0.119289 0.520759
1860.21 0.113356 0.118823 -1.54598
1860.31 0.118265 0.118363 -0.0271406
1860.41 0.112958 0.11791 -1.38375
1860.51 0.119293 0.117465 0.499136
1860.61 0.120002 0.117026 0.803762
1860.71 0.117869 0.116594 0.347346
1860.81 0.118471 0.116168 0.633023
1860.91 0.115108 0.115749 -0.177553
1861.01 0.11395 0.115336 -0.38809
1861.11 0.11343 0.11493 -0.422811
1861.21 0.109686 0.11453 -1.36072
1861.31 0.112591 0.114136 -0.437501
1861.41 0.117284 0.113748 0.983315
1861.51 0.118699 0.113366 1.47202
1861.61 0.112047 0.11299 -0.267314
1861.71 0.116087 0.11262 0.962053
1861.81 0.106921 0.112255 -1.56233
1861.91 0.113892 0.111896 0.557832
1862.01 0.10965 0.111542 -0.543885
1862.11 0.115752 0.111194 1.25106
1862.21 0.10863 0.110851 -0.635783
1862.31 0.109224 0.110513 -0.372388
1862.41 0.10804 0.110181 -0.625649
1862.51 0.112314 0.109854 0.701266
1862.61 0.116018 0.109531 1.77546
1862.71 0.112744 0.109214 1.00218
1862.81 0.111544 0.108901 0.744644
1862.91 0.104846 0.108593 -1.13553
1863.01 0.106978 0.10829 -0.375278
1863.11 0.108412 0.107992 0.122989
1863.21 0.110444 0.107698 0.791274
1863.31 0.106634 0.107409 -0.224867
1863.41 0.101435 0.107124 -1.6916
1863.51 0.107237 0.106843 0.114456
1863.61 0.107929 0.106567 0.39917
1863.71 0.101635 0.106295 -1.40859
1863.81 0.106831 0.106027 0.236246
1863.91 0.0982302 0.105763 -2.30457
1864.01 0.110906 0.105503 1.54285
1864.11 0.104238 0.105247 -0.299395
1864.21 0.107146 0.104995 0.628441
1864.31 0.10334 0.104747 -0.422574
1864.41 0.104308 0.104503 -0.0573735
1864.51 0.105308 0.104263 0.3098
1864.61 0.106415 0.104026 0.694446
1864.71 0.101979 0.103793 -0.550157
1864.81 0.103258 0.103563 -0.0903982
1864.91 0.0973716 0.103337 -1.78804
1865.01 0.100191 0.103114 -0.881849
1865.11 0.106216 0.102895 0.983742
1865.21 0.104474 0.102679 0.533629
1865.31 0.0978658 0.102467 -1.41954
1865.41 0.103533 0.102257 0.381912
1865.51 0.102678 0.102051 0.192023
1865.61 0.105174 0.101848 0.981375
1865.71 0.100916 0.101648 -0.223537
1865.81 0.097395 0.101451 -1.23057
1865.91 0.100308 0.101258 -0.287127
1866.01 0.0991356 0.101067 -0.584643
1866.11 0.103951 0.100879 0.925049
1866.21 0.0989897 0.100694 -0.524511
1866.31 0.0989956 0.100512 -0.461788
1866.41 0.0951001 0.100332 -1.62345
1866.51 0.0927214 0.100156 -2.31709
1866.61 0.101806 0.0999817 0.547633
1866.71 0.10608 0.0998104 1.83869
1866.81 0.101895 0.0996417 0.674
1866.91 0.0969176 0.0994756 -0.792664
1867.01 0.101052 0.0993121 0.527103
1867.11 0.102003 0.099151 0.855712
1867.21 0.0990153 0.0989925 0.00695575
1867.31 0.0994409 0.0988363 0.184909
1867.41 0.0968321 0.0986825 -0.565708
1867.51 0.102409 0.0985311 1.15599
1867.61 0.0977094 0.098382 -0.205633
1867.71 0.103215 0.0982352 1.49604
1867.81 0.0966466 0.0980906 -0.444131
1867.91 0.0995982 0.0979483 0.501362
1868.01 0.0989595 0.0978081 0.349447
1868.11 0.0957052 0.0976701 -0.615341
1868.21 0.0982647 0.0975342 0.225063
1868.31 0.0989419 0.0974003 0.466073
1868.41 0.101061 0.0972685 1.14311
1868.51 0.100205 0.0971388 0.930984
1868.61 0.0970311 0.097011 0.00619545
1868.71 0.0993371 0.0968852 0.748224
1868.81 0.101636 0.0967612 1.47522
1868.91 0.094582 0.0966392 -0.654547
1869.01 0.0948099 0.0965191 -0.528248
1869.11 0.0949276 0.0964008 -0.460519
1869.21 0.0961787 0.0962843 -0.0326347
1869.31 0.102915 0.0961696 1.98906
1869.41 0.0984196 0.0960566 0.728747
1869.51 0.0969146 0.0959454 0.301629
1869.61 0.0967647 0.0958359 0.285088
1869.71 0.0976733 0.095728 0.603946
1869.81 0.0960192 0.0956219 0.123037
1869.91 0.0962027 0.0955173 0.211579
