# Data from DA_130514_E4.h5 stim 4
# Ratiometric estimator
# Ratiometric estimator:
#    Time    Ca (est)    Ca (se)
 1850.015 0.0884669599 0.00307043196
 1850.115 0.0853473764 0.00302375125
 1850.215 0.088680824 0.00309317095
 1850.315 0.0902136957 0.00313157509
 1850.415 0.0854291187 0.00303924648
 1850.515 0.0926394124 0.00312545622
 1850.615 0.0830412465 0.00295570427
 1850.715 0.0892863274 0.00308583559
 1850.815 0.0905735422 0.00312069125
 1850.915 0.0859375308 0.00302989644
 1851.015 0.0883460356 0.00310915479
 1851.115 0.0868249548 0.00306839553
 1851.215 0.0909032684 0.00310221648
 1851.315 0.0897645967 0.00313662281
 1851.415 0.0856216061 0.00304311975
 1851.515 0.0882584916 0.00311127187
 1851.615 0.110275782 0.00349693058
 1851.715 0.134557953 0.00392437149
 1851.815 0.165076977 0.00464516945
 1851.915 0.190518977 0.0051708088
 1852.015 0.206660322 0.00566814481
 1852.115 0.199224942 0.00555964586
 1852.215 0.21159118 0.00570437837
 1852.315 0.20344874 0.00552045612
 1852.415 0.196924051 0.00539045434
 1852.515 0.199968932 0.00548383912
 1852.615 0.194345262 0.00542186889
 1852.715 0.195155185 0.00532492917
 1852.815 0.18306383 0.00502633886
 1852.915 0.187432886 0.0051580311
 1853.015 0.186198253 0.00508742707
 1853.115 0.181860708 0.00500635259
 1853.215 0.185095908 0.0050842324
 1853.315 0.181810489 0.00502565068
 1853.415 0.185476104 0.00514898754
 1853.515 0.169076922 0.00477138714
 1853.615 0.186862542 0.00509291247
 1853.715 0.173051336 0.00480376693
 1853.815 0.181721414 0.0049691533
 1853.915 0.177311885 0.00492443892
 1854.015 0.169386025 0.00475859674
 1854.115 0.169513842 0.00467625968
 1854.215 0.172090982 0.00483577803
 1854.315 0.16478787 0.00458235767
 1854.415 0.163202363 0.00459357128
 1854.515 0.163593942 0.00464932023
 1854.615 0.166839158 0.00470760132
 1854.715 0.159759397 0.00441728991
 1854.815 0.1661257 0.00462254734
 1854.915 0.159078016 0.00443780009
 1855.015 0.15989346 0.00453239984
 1855.115 0.162053026 0.00445056657
 1855.215 0.155569892 0.00438384457
 1855.315 0.151605805 0.00431689241
 1855.415 0.158254455 0.0045209334
 1855.515 0.150430115 0.004275766
 1855.615 0.16018698 0.00450134633
 1855.715 0.155204455 0.00439741547
 1855.815 0.151671376 0.00428785411
 1855.915 0.152808148 0.00438465022
 1856.015 0.144965743 0.00426710647
 1856.115 0.145573672 0.004171883
 1856.215 0.147889862 0.00428789208
 1856.315 0.145147899 0.00417702608
 1856.415 0.137535715 0.00399438191
 1856.515 0.141761899 0.0041807286
 1856.615 0.141046178 0.00411718155
 1856.715 0.140299151 0.0040833998
 1856.815 0.140021037 0.00409809741
 1856.915 0.145728617 0.00416094577
 1857.015 0.139412238 0.00410865573
 1857.115 0.132997037 0.00395227699
 1857.215 0.140400785 0.00411730114
 1857.315 0.137872095 0.00406098269
 1857.415 0.138430166 0.00407528535
 1857.515 0.140675713 0.00404974122
 1857.615 0.134038064 0.00397076559
 1857.715 0.135500679 0.00397772327
 1857.815 0.126315399 0.00376089036
 1857.915 0.128153155 0.00386643877
 1858.015 0.127833166 0.00386014621
 1858.115 0.130811996 0.00395618793
 1858.215 0.133144267 0.00394777378
 1858.315 0.131697188 0.0038866402
 1858.415 0.129251928 0.00383990084
 1858.515 0.124650814 0.0038265642
 1858.615 0.12935754 0.00388171746
 1858.715 0.13109897 0.00392127034
 1858.815 0.126801118 0.00378173979
 1858.915 0.13325551 0.00394387723
 1859.015 0.123158424 0.00374313593
 1859.115 0.115719664 0.00357921635
 1859.215 0.112979495 0.00358763978
 1859.315 0.116181892 0.00361333037
 1859.415 0.124374166 0.00371227746
 1859.515 0.126385168 0.00382926859
 1859.615 0.119341572 0.0036227395
 1859.715 0.126569374 0.00383571476
 1859.815 0.120356631 0.00368131972
 1859.915 0.1229777 0.00370817669
 1860.015 0.115101821 0.00360287944
 1860.115 0.121191836 0.00365327511
 1860.215 0.113355968 0.00353601543
 1860.315 0.118265076 0.00360505938
 1860.415 0.112957868 0.00357898561
 1860.515 0.119293163 0.00366341948
 1860.615 0.120001901 0.00370277121
 1860.715 0.117868928 0.00367161692
 1860.815 0.118471262 0.00363839709
 1860.915 0.115107737 0.0036119528
 1861.015 0.113950392 0.00357145663
 1861.115 0.113429632 0.00354889669
 1861.215 0.109686342 0.0035596738
 1861.315 0.112590996 0.00353169006
 1861.415 0.117284138 0.00359594468
 1861.515 0.118699046 0.00362280484
 1861.615 0.112046716 0.00352899227
 1861.715 0.116087181 0.00360427337
 1861.815 0.106921222 0.00341396612
 1861.915 0.113891871 0.00357821018
 1862.015 0.109649765 0.0034794638
 1862.115 0.11575198 0.00364332552
 1862.215 0.108630024 0.00349340704
 1862.315 0.109224145 0.00346220089
 1862.415 0.108039604 0.00342259545
 1862.515 0.112314124 0.00350875405
 1862.615 0.116017532 0.00365334622
 1862.715 0.112743894 0.00352247131
 1862.815 0.111544184 0.00354941188
 1862.915 0.10484609 0.00329998268
 1863.015 0.106977691 0.00349753635
 1863.115 0.108411615 0.00341358095
 1863.215 0.110443792 0.00347022246
 1863.315 0.106633768 0.00344532096
 1863.415 0.10143509 0.00336276449
 1863.515 0.107237201 0.00344458197
 1863.615 0.107928841 0.00341257659
 1863.715 0.101634669 0.0033081905
 1863.815 0.106831192 0.00340551321
 1863.915 0.0982301556 0.00326858069
 1864.015 0.110905625 0.00350168204
 1864.115 0.104237915 0.00337131451
 1864.215 0.107146087 0.0034222792
 1864.315 0.103340003 0.00333043156
 1864.415 0.104308409 0.00339383964
 1864.515 0.105308311 0.00337533797
 1864.615 0.106415313 0.00344086758
 1864.715 0.101979177 0.00329623788
 1864.815 0.103258356 0.00337009083
 1864.915 0.097371571 0.00333623366
 1865.015 0.10019097 0.00331494632
 1865.115 0.106215569 0.0033754327
 1865.215 0.104473915 0.00336335822
 1865.315 0.0978658483 0.00324097133
 1865.415 0.103532736 0.00333980437
 1865.515 0.10267795 0.00326442131
 1865.615 0.105173641 0.0033886165
 1865.715 0.100915696 0.0032772125
 1865.815 0.0973949919 0.00329641125
 1865.915 0.100307587 0.00330897289
 1866.015 0.0991356303 0.00330325826
 1866.115 0.103951023 0.00332097967
 1866.215 0.0989897279 0.00324911743
 1866.315 0.0989955712 0.00328323418
 1866.415 0.0951000856 0.00322291269
 1866.515 0.0927213704 0.00320846303
 1866.615 0.101805811 0.00333090026
 1866.715 0.10608034 0.00341000745
 1866.815 0.101894843 0.00334289803
 1866.915 0.0969176119 0.00322712515
 1867.015 0.101051814 0.00330054273
 1867.115 0.102003065 0.00333293047
 1867.215 0.0990153334 0.00328914588
 1867.315 0.0994408536 0.00326947498
 1867.415 0.096832064 0.00327106666
 1867.515 0.102409045 0.0033546448
 1867.615 0.0977094216 0.00327089577
 1867.715 0.103214501 0.00332831411
 1867.815 0.096646594 0.00325140822
 1867.915 0.099598186 0.00329082989
 1868.015 0.0989594948 0.0032948612
 1868.115 0.0957051546 0.00319323604
 1868.215 0.0982647205 0.00324599433
 1868.315 0.0989419345 0.00330764823
 1868.415 0.101060887 0.00331755756
 1868.515 0.100205475 0.00329405002
 1868.615 0.0970310545 0.0032400252
 1868.715 0.0993370713 0.00327698611
 1868.815 0.101636126 0.00330451414
 1868.915 0.0945819689 0.00314304108
 1869.015 0.0948099077 0.00323557922
 1869.115 0.0949276348 0.00319891398
 1869.215 0.0961787483 0.00323441944
 1869.315 0.102914515 0.00339100929
 1869.415 0.0984196362 0.00324254564
 1869.515 0.0969145533 0.00321301242
 1869.615 0.0967647481 0.0032581306
 1869.715 0.0976732996 0.00322090213
 1869.815 0.0960192118 0.00322959541
 1869.915 0.0962027062 0.0032395686


