# Data from DA_130514_E4.h5 stim 1
# Ratiometric estimator
# Ratiometric estimator:
#    Time    Ca (est)    Ca (se)
  620.015 0.140520614 0.0108461843
  620.115 0.129195566 0.0103025967
  620.215 0.147014474 0.0117066987
  620.315 0.132347865 0.0103874396
  620.415 0.139458783 0.0108175426
  620.515 0.134775883 0.0107370528
  620.615 0.129737875 0.0106708043
  620.715 0.146354695 0.0114297433
  620.815 0.122516578 0.0101053708
  620.915 0.13477748 0.0105444796
  621.015 0.125302509 0.0107239509
  621.115 0.125825204 0.0103583935
  621.215 0.141005369 0.010694967
  621.315 0.138066742 0.0108087584
  621.415 0.116876833 0.00991578111
  621.515 0.115904633 0.010337469
  621.615 0.211351425 0.015442246
  621.715 0.295298632 0.0210271355
  621.815 0.3350551 0.0254059556
  621.915 0.430669645 0.0337015197
  622.015 0.51669208 0.0422819458
  622.115 0.445534497 0.0363525646
  622.215 0.507565043 0.0402684305
  622.315 0.418016902 0.0334277177
  622.415 0.388709332 0.0299984375
  622.515 0.364279205 0.0280546815
  622.615 0.342079577 0.0261262267
  622.715 0.408405418 0.031671955
  622.815 0.332354689 0.0244688003
  622.915 0.331342465 0.0240565935
  623.015 0.348175226 0.0258696755
  623.115 0.295501097 0.0223373494
  623.215 0.274443174 0.0203632822
  623.315 0.286682876 0.0209621915
  623.415 0.289130795 0.0213103696
  623.515 0.237153726 0.0178366963
  623.615 0.275251922 0.0197091764
  623.715 0.262660156 0.0189251412
  623.815 0.235555276 0.0173833482
  623.915 0.276478451 0.0196752826
  624.015 0.239013299 0.0174531734
  624.115 0.228127265 0.0166154508
  624.215 0.256922244 0.0185921834
  624.315 0.235729815 0.0168442015
  624.415 0.224965763 0.0164151176
  624.515 0.21916527 0.0161501046
  624.615 0.240447791 0.0175475051
  624.715 0.203926825 0.0148274294
  624.815 0.210771752 0.0155990737
  624.915 0.230147212 0.0163649348
  625.015 0.205399199 0.0154141733
  625.115 0.223979618 0.0160835144
  625.215 0.205884769 0.0147558469
  625.315 0.199152305 0.0145499365
  625.415 0.19423077 0.0144656001
  625.515 0.193483331 0.0144266253
  625.615 0.185952509 0.0139787541
  625.715 0.181991511 0.0135238406
  625.815 0.198363381 0.0143948814
  625.915 0.197379267 0.0145048591
  626.015 0.188905086 0.0141157398
  626.115 0.195230274 0.0146009476
  626.215 0.19931174 0.0144322342
  626.315 0.170284037 0.0129655952
  626.415 0.155277065 0.0118770798
  626.515 0.155823346 0.0119512124
  626.615 0.168704119 0.0127655015
  626.715 0.191759427 0.0143074294
  626.815 0.173988089 0.0128849178
  626.915 0.169288913 0.0122562738
  627.015 0.163013243 0.0123060689
  627.115 0.1744932 0.0129416424
  627.215 0.157639446 0.0121956947
  627.315 0.167805883 0.0128393108
  627.415 0.166545589 0.0127952951
  627.515 0.164642784 0.0120742923
  627.615 0.138196327 0.0109857975
  627.715 0.165617903 0.0122730796
  627.815 0.167254386 0.0127665154
  627.915 0.160688646 0.0124540907
  628.015 0.147339889 0.0114005101
  628.115 0.172088209 0.0130026254
  628.215 0.15009316 0.0119949026
  628.315 0.163313194 0.0123368837
  628.415 0.159901816 0.0115942997
  628.515 0.156586418 0.0120361889
  628.615 0.134449391 0.0108094496
  628.715 0.151062837 0.0115193913
  628.815 0.147527322 0.0112254662
  628.915 0.157441698 0.0117792515
  629.015 0.164668579 0.0122575445
  629.115 0.139658996 0.0107685741
  629.215 0.148449408 0.0109645368
  629.315 0.135665016 0.0108155402
  629.415 0.143877662 0.0111411886
  629.515 0.158409512 0.0118981979
  629.615 0.15912127 0.0115289324
  629.715 0.154869698 0.0117422929
  629.815 0.155830914 0.0116690152
  629.915 0.148212595 0.0115195982
  630.015 0.135357171 0.0105099753
  630.115 0.140554751 0.0108170124
  630.215 0.132853723 0.0102516236
  630.315 0.146412272 0.0110228518
  630.415 0.141273943 0.0110090109
  630.515 0.137120521 0.0103783636
  630.615 0.141678914 0.0111483046
  630.715 0.149048086 0.0113101835
  630.815 0.162116726 0.0117163219
  630.915 0.143666988 0.0112199204
  631.015 0.156340482 0.0117258433
  631.115 0.140564635 0.010824893
  631.215 0.164501743 0.0122934275
  631.315 0.142143333 0.0109809289
  631.415 0.146283003 0.0110139453
  631.515 0.124668967 0.00993459659
  631.615 0.130239188 0.010278458
  631.715 0.12994076 0.0105022648
  631.815 0.141904251 0.0107910335
  631.915 0.147719432 0.0110370602
  632.015 0.143895035 0.011094483
  632.115 0.132135808 0.0103695664
  632.215 0.133581889 0.0103812872
  632.315 0.141787583 0.0107033631
  632.415 0.136281867 0.0104012242
  632.515 0.139182856 0.0104854522
  632.615 0.127885142 0.0102391805
  632.715 0.140206478 0.0107734594
  632.815 0.143024973 0.0110392366
  632.915 0.15169521 0.0111716449
  633.015 0.151423183 0.0113724856
  633.115 0.144601879 0.010671792
  633.215 0.127458181 0.0101108309
  633.315 0.141079391 0.0106025035
  633.415 0.147190401 0.0110762389
  633.515 0.115919123 0.00948983981
  633.615 0.132238882 0.0100792534
  633.715 0.142894491 0.0106991615
  633.815 0.133506635 0.0102228181
  633.915 0.130566058 0.0101033053
  634.015 0.133834065 0.0103253578
  634.115 0.129100072 0.0104437632
  634.215 0.132405011 0.0103527561
  634.315 0.141871393 0.0106305637
  634.415 0.14028553 0.0106325476
  634.515 0.123543286 0.00980630764
  634.615 0.150105974 0.0115726037
  634.715 0.134320594 0.0103744877
  634.815 0.144352087 0.0108670083
  634.915 0.135844639 0.0106143889
  635.015 0.142990026 0.0109096688
  635.115 0.134503876 0.0106563557
  635.215 0.14205247 0.0108054355
  635.315 0.129367697 0.0101164808
  635.415 0.12102713 0.00962450437
  635.515 0.132134143 0.0100012188
  635.615 0.126904955 0.0100537905
  635.715 0.124058358 0.0097367646
  635.815 0.123911836 0.0100898736
  635.915 0.137575343 0.0104874568
  636.015 0.142123477 0.0107287993
  636.115 0.128548882 0.0100920593
  636.215 0.120806974 0.00988493415
  636.315 0.129789655 0.0102431073
  636.415 0.142010173 0.0106322359
  636.515 0.140429729 0.0108872919
  636.615 0.129887238 0.0101830233
  636.715 0.125612973 0.0100524441
  636.815 0.1195935 0.00961545805
  636.915 0.122082307 0.00980317674
  637.015 0.131805954 0.0103786282
  637.115 0.152799656 0.0110519944
  637.215 0.144916743 0.0109383896
  637.315 0.128752459 0.0101631143
  637.415 0.118537496 0.00993382931
  637.515 0.120565858 0.00956665285
  637.615 0.126643935 0.0100571742
  637.715 0.134215525 0.0105054066
  637.815 0.134634848 0.0102983796
  637.915 0.12048166 0.00951162812
  638.015 0.117574904 0.00940613591
  638.115 0.127663176 0.00997695649
  638.215 0.123699824 0.0097167666
  638.315 0.126759903 0.010170301
  638.415 0.132006221 0.0102131556
  638.515 0.134343342 0.0102978889
  638.615 0.129828586 0.0101915259
  638.715 0.142300385 0.0107020378
  638.815 0.132938434 0.00983645977
  638.915 0.135013257 0.0102822265
  639.015 0.133686977 0.010321108
  639.115 0.12683296 0.00990694281
  639.215 0.136757576 0.0104807211
  639.315 0.13243711 0.0101502003
  639.415 0.11376959 0.00946604714
  639.515 0.121572651 0.00949311054
  639.615 0.136417487 0.0104763816
  639.715 0.130241387 0.0101966982
  639.815 0.139293512 0.0102079742
  639.915 0.124078818 0.00995287289


