# Data from DA_130514_E4.h5 stim 1
# Ratiometric estimator mono-exponential fit
# Fitted model Ca = baseline+delta*exp(-(t-t0)/tau)
# nobs = 176
# number of degrees of freedom = 173
# baseline length = 7
# fit started from point 31
# estimated baseline 0.130956 and standard error 0.00130467
# estimated delta 0.15591 and standard error 0.00658718
# estimated tau 2.77942 and standard error 0.170097
# residual sum of squares: 120.711
# RSS per degree of freedom: 0.697752
# Probability of observing a larger of equal RSS per DOF under the null hypothesis: 0.999099

# rss per degree of freedom: 0.697752

# Time    Ca  Prediction  Residual
620.015 0.140521 0.130956 0.881819
620.115 0.129196 0.130956 -0.170896
620.215 0.147014 0.130956 1.37171
620.315 0.132348 0.130956 0.133972
620.415 0.139459 0.130956 0.785996
620.515 0.134776 0.130956 0.355744
620.615 0.129738 0.130956 -0.114177

623.115 0.295501 0.286867 0.386545
623.215 0.274443 0.281357 -0.339522
623.315 0.286683 0.276042 0.507627
623.415 0.289131 0.270915 0.8548
623.515 0.237154 0.265969 -1.61549
623.615 0.275252 0.261197 0.713094
623.715 0.26266 0.256595 0.320491
623.815 0.235555 0.252155 -0.954912
623.915 0.276478 0.247872 1.45394
624.015 0.239013 0.24374 -0.270826
624.115 0.228127 0.239754 -0.699777
624.215 0.256922 0.23591 1.13019
624.315 0.23573 0.232201 0.209523
624.415 0.224966 0.228623 -0.222777
624.515 0.219165 0.225171 -0.371883
624.615 0.240448 0.221842 1.06032
624.715 0.203927 0.21863 -0.991614
624.815 0.210772 0.215532 -0.305136
624.915 0.230147 0.212543 1.07574
625.015 0.205399 0.20966 -0.276393
625.115 0.22398 0.206878 1.06329
625.215 0.205885 0.204195 0.1145
625.315 0.199152 0.201607 -0.168709
625.415 0.194231 0.19911 -0.337318
625.515 0.193483 0.196702 -0.22309
625.615 0.185953 0.194378 -0.602762
625.715 0.181992 0.192137 -0.750199
625.815 0.198363 0.189975 0.582734
625.915 0.197379 0.187889 0.65426
626.015 0.188905 0.185877 0.214494
626.115 0.19523 0.183936 0.773498
626.215 0.199312 0.182064 1.19507
626.315 0.170284 0.180258 -0.76927
626.415 0.155277 0.178516 -1.9566
626.515 0.155823 0.176835 -1.75813
626.615 0.168704 0.175214 -0.509939
626.715 0.191759 0.17365 1.26576
626.815 0.173988 0.172141 0.143355
626.915 0.169289 0.170686 -0.113952
627.015 0.163013 0.169282 -0.509366
627.115 0.174493 0.167927 0.507359
627.215 0.157639 0.166621 -0.736422
627.315 0.167806 0.16536 0.190478
627.415 0.166546 0.164144 0.187657
627.515 0.164643 0.162972 0.138407
627.615 0.138196 0.16184 -2.15222
627.715 0.165618 0.160749 0.39673
627.815 0.167254 0.159696 0.592051
627.915 0.160689 0.15868 0.161259
628.015 0.14734 0.157701 -0.908791
628.115 0.172088 0.156755 1.17921
628.215 0.150093 0.155844 -0.479417
628.315 0.163313 0.154964 0.676749
628.415 0.159902 0.154116 0.49904
628.515 0.156586 0.153297 0.273265
628.615 0.134449 0.152508 -1.67062
628.715 0.151063 0.151746 -0.0593245
628.815 0.147527 0.151012 -0.310383
628.915 0.157442 0.150303 0.606059
629.015 0.164669 0.149619 1.22777
629.115 0.139659 0.14896 -0.863676
629.215 0.148449 0.148323 0.0114984
629.315 0.135665 0.14771 -1.11364
629.415 0.143878 0.147118 -0.290802
629.515 0.15841 0.146546 0.99705
629.615 0.159121 0.145995 1.13851
629.715 0.15487 0.145464 0.801011
629.815 0.155831 0.144951 0.93235
629.915 0.148213 0.144457 0.326041
630.015 0.135357 0.14398 -0.820407
630.115 0.140555 0.143519 -0.274072
630.215 0.132854 0.143075 -0.997081
630.315 0.146412 0.142647 0.341575
630.415 0.141274 0.142234 -0.0872059
630.515 0.137121 0.141835 -0.454303
630.615 0.141679 0.141451 0.0204453
630.715 0.149048 0.14108 0.704496
630.815 0.162117 0.140722 1.82603
630.915 0.143667 0.140377 0.293209
631.015 0.15634 0.140044 1.38977
631.115 0.140565 0.139723 0.0777391
631.215 0.164502 0.139413 2.0408
631.315 0.142143 0.139114 0.275832
631.415 0.146283 0.138826 0.677039
631.515 0.124669 0.138548 -1.39704
631.615 0.130239 0.13828 -0.782271
631.715 0.129941 0.138021 -0.769373
631.815 0.141904 0.137771 0.383002
631.915 0.147719 0.13753 0.923163
632.015 0.143895 0.137298 0.594614
632.115 0.132136 0.137074 -0.476218
632.215 0.133582 0.136858 -0.315558
632.315 0.141788 0.136649 0.480069
632.415 0.136282 0.136448 -0.0159767
632.515 0.139183 0.136254 0.279329
632.615 0.127885 0.136067 -0.799049
632.715 0.140206 0.135886 0.401016
632.815 0.143025 0.135712 0.662459
632.915 0.151695 0.135544 1.44574
633.015 0.151423 0.135382 1.41055
633.115 0.144602 0.135225 0.878627
633.215 0.127458 0.135074 -0.753282
633.315 0.141079 0.134929 0.580094
633.415 0.14719 0.134789 1.11968
633.515 0.115919 0.134653 -1.97411
633.615 0.132239 0.134522 -0.226564
633.715 0.142894 0.134396 0.794272
633.815 0.133507 0.134275 -0.0751496
633.915 0.130566 0.134158 -0.355482
634.015 0.133834 0.134044 -0.020377
634.115 0.1291 0.133935 -0.46298
634.215 0.132405 0.13383 -0.137648
634.315 0.141871 0.133728 0.765989
634.415 0.140286 0.133631 0.625909
634.515 0.123543 0.133536 -1.01901
634.615 0.150106 0.133445 1.4397
634.715 0.134321 0.133357 0.0928904
634.815 0.144352 0.133272 1.0196
634.915 0.135845 0.13319 0.250077
635.015 0.14299 0.133111 0.905504
635.115 0.134504 0.133035 0.137829
635.215 0.142052 0.132962 0.841319
635.315 0.129368 0.132891 -0.348252
635.415 0.121027 0.132822 -1.22555
635.515 0.132134 0.132756 -0.0622252
635.615 0.126905 0.132693 -0.575693
635.715 0.124058 0.132631 -0.88049
635.815 0.123912 0.132572 -0.85833
635.915 0.137575 0.132515 0.482498
636.015 0.142123 0.13246 0.900697
636.115 0.128549 0.132407 -0.382286
636.215 0.120807 0.132356 -1.16831
636.315 0.12979 0.132306 -0.245683
636.415 0.14201 0.132259 0.917179
636.515 0.14043 0.132212 0.754756
636.615 0.129887 0.132168 -0.223986
636.715 0.125613 0.132125 -0.647832
636.815 0.119593 0.132084 -1.299
636.915 0.122082 0.132044 -1.01618
637.015 0.131806 0.132006 -0.0192416
637.115 0.1528 0.131969 1.88483
637.215 0.144917 0.131933 1.18701
637.315 0.128752 0.131898 -0.309534
637.415 0.118537 0.131865 -1.34163
637.515 0.120566 0.131833 -1.17774
637.615 0.126644 0.131802 -0.512864
637.715 0.134216 0.131772 0.232596
637.815 0.134635 0.131743 0.280788
637.915 0.120482 0.131715 -1.18105
638.015 0.117575 0.131689 -1.50047
638.115 0.127663 0.131663 -0.400873
638.215 0.1237 0.131638 -0.816926
638.315 0.12676 0.131614 -0.477244
638.415 0.132006 0.13159 0.0407152
638.515 0.134343 0.131568 0.269508
638.615 0.129829 0.131546 -0.168549
638.715 0.1423 0.131526 1.00681
638.815 0.132938 0.131505 0.145687
638.915 0.135013 0.131486 0.343046
639.015 0.133687 0.131467 0.215066
639.115 0.126833 0.131449 -0.46596
639.215 0.136758 0.131432 0.508151
639.315 0.132437 0.131415 0.100701
639.415 0.11377 0.131399 -1.86236
639.515 0.121573 0.131383 -1.03343
639.615 0.136417 0.131368 0.481984
639.715 0.130241 0.131353 -0.109065
639.815 0.139294 0.131339 0.779201
639.915 0.124079 0.131326 -0.72814
