# Data from DA_130514_E4.h5 stim 5
# Ratiometric estimator
# Ratiometric estimator:
#    Time    Ca (est)    Ca (se)
 2270.015 0.0980866144 0.00293799461
 2270.115 0.0953439989 0.00292281939
 2270.215 0.0940244616 0.00286331868
 2270.315 0.0916346962 0.00285560828
 2270.415 0.0933493157 0.00283528
 2270.515 0.094737568 0.00290158051
 2270.615 0.0929507065 0.00283970359
 2270.715 0.0986242267 0.00293419806
 2270.815 0.0968375214 0.00292400211
 2270.915 0.0976969402 0.00293432592
 2271.015 0.0885169799 0.00284026331
 2271.115 0.0933592839 0.00289722863
 2271.215 0.0978578271 0.00291697287
 2271.315 0.0970014312 0.00291212894
 2271.415 0.0948668916 0.00287097089
 2271.515 0.0957354787 0.00294912415
 2271.615 0.108162323 0.00314927155
 2271.715 0.140139029 0.00365528839
 2271.815 0.159982388 0.00407750325
 2271.915 0.178286519 0.00440862248
 2272.015 0.201435313 0.00497391683
 2272.115 0.193588408 0.00487145873
 2272.215 0.184593132 0.00459824431
 2272.315 0.191356162 0.00475160214
 2272.415 0.191995711 0.0047772377
 2272.515 0.186200191 0.00467036511
 2272.615 0.192101831 0.00481204963
 2272.715 0.183892693 0.00460815032
 2272.815 0.180181958 0.00452997449
 2272.915 0.184944288 0.00460346475
 2273.015 0.186146911 0.00464950944
 2273.115 0.183965159 0.00455439155
 2273.215 0.178523302 0.00442724221
 2273.315 0.178236589 0.00447463249
 2273.415 0.176542242 0.00450173593
 2273.515 0.181215765 0.00451073141
 2273.615 0.171673047 0.00433178702
 2273.715 0.178134855 0.00443750916
 2273.815 0.170993399 0.00432840804
 2273.915 0.176522573 0.00440181797
 2274.015 0.172775534 0.00433983275
 2274.115 0.162899536 0.00413381154
 2274.215 0.173806119 0.00439360121
 2274.315 0.160731774 0.0040718692
 2274.415 0.163736843 0.00420071304
 2274.515 0.167163954 0.00427009663
 2274.615 0.160942989 0.00412309694
 2274.715 0.160993015 0.00405339604
 2274.815 0.160605184 0.00408272203
 2274.915 0.160127681 0.0040567111
 2275.015 0.156568009 0.00402988284
 2275.115 0.153602041 0.00390846793
 2275.215 0.158016591 0.00404681657
 2275.315 0.157024829 0.00399520139
 2275.415 0.158080314 0.00406654906
 2275.515 0.154716452 0.00394917343
 2275.615 0.153658699 0.00396127699
 2275.715 0.15982076 0.00405964776
 2275.815 0.151180766 0.00388682714
 2275.915 0.153052899 0.00399188968
 2276.015 0.152217416 0.00400420189
 2276.115 0.149426795 0.00383785757
 2276.215 0.151295735 0.00389521388
 2276.315 0.1428296 0.00377936186
 2276.415 0.151801343 0.00390272011
 2276.515 0.146211491 0.00385612213
 2276.615 0.152715946 0.00394729139
 2276.715 0.146482087 0.00383023229
 2276.815 0.141085421 0.00369541685
 2276.915 0.147146526 0.00380546272
 2277.015 0.150194651 0.00392217913
 2277.115 0.142026233 0.00375619387
 2277.215 0.135384917 0.00365713122
 2277.315 0.144449685 0.00380023157
 2277.415 0.144033014 0.00380474074
 2277.515 0.14509726 0.00375193023
 2277.615 0.139948839 0.00370385536
 2277.715 0.126389148 0.00346299599
 2277.815 0.135393149 0.00359961312
 2277.915 0.135415581 0.00363597071
 2278.015 0.134685511 0.00360505634
 2278.115 0.139675587 0.00369487847
 2278.215 0.136645433 0.00364607199
 2278.315 0.139844877 0.00370499876
 2278.415 0.13575487 0.00358126843
 2278.515 0.140597291 0.00374129738
 2278.615 0.135135657 0.00360755097
 2278.715 0.131840714 0.003560568
 2278.815 0.13169761 0.00355599971
 2278.915 0.1306827 0.00355007517
 2279.015 0.132718005 0.00356064257
 2279.115 0.132224193 0.00349902928
 2279.215 0.131815033 0.00356895175
 2279.315 0.132444037 0.00355904767
 2279.415 0.128641784 0.00344068948
 2279.515 0.131366346 0.00356256521
 2279.615 0.128484664 0.00344946372
 2279.715 0.126855105 0.00348994563
 2279.815 0.126090847 0.00344431136
 2279.915 0.123785433 0.0034013685
 2280.015 0.136376096 0.00363045078
 2280.115 0.126229992 0.00339539965
 2280.215 0.129476332 0.00348496581
 2280.315 0.122585928 0.00337457467
 2280.415 0.122105476 0.0033695118
 2280.515 0.122408678 0.00338455784
 2280.615 0.126998632 0.0034539818
 2280.715 0.119723399 0.00336088315
 2280.815 0.120901969 0.00334231561
 2280.915 0.121527162 0.00342689965
 2281.015 0.130328931 0.00351365109
 2281.115 0.120275623 0.00334616161
 2281.215 0.127416767 0.00353625782
 2281.315 0.123984653 0.00339339316
 2281.415 0.121325399 0.00335660814
 2281.515 0.124607671 0.00337008979
 2281.615 0.130644443 0.00351750329
 2281.715 0.122255952 0.00340196743
 2281.815 0.120044702 0.00334327168
 2281.915 0.117971773 0.00330220082
 2282.015 0.119065146 0.00331832147
 2282.115 0.117142259 0.00332317342
 2282.215 0.119763509 0.00337955693
 2282.315 0.120039621 0.00330880437
 2282.415 0.117359702 0.00324857394
 2282.515 0.115376637 0.00327604855
 2282.615 0.11506385 0.00331141607
 2282.715 0.117619588 0.00327417285
 2282.815 0.115823834 0.00328283192
 2282.915 0.120236073 0.00326916745
 2283.015 0.115905982 0.00333345151
 2283.115 0.117977795 0.00325176411
 2283.215 0.116776394 0.00328583363
 2283.315 0.111594004 0.00323208356
 2283.415 0.115900226 0.00333443412
 2283.515 0.111976181 0.00317888813
 2283.615 0.107760554 0.00310332352
 2283.715 0.117785041 0.0032861012
 2283.815 0.116760283 0.00323710875
 2283.915 0.113905651 0.00322879851
 2284.015 0.108539973 0.00315964929
 2284.115 0.10745674 0.00311735363
 2284.215 0.106895751 0.00309595484
 2284.315 0.107668625 0.00309106285
 2284.415 0.11350925 0.00320266903
 2284.515 0.111110724 0.00317065455
 2284.615 0.108045788 0.00315723612
 2284.715 0.11393575 0.00321453962
 2284.815 0.112436161 0.0032075676
 2284.915 0.111584451 0.00325133041
 2285.015 0.107957066 0.00314545388
 2285.115 0.10390373 0.00305624834
 2285.215 0.113216107 0.0031750828
 2285.315 0.114057204 0.00319272985
 2285.415 0.112817727 0.00317372122
 2285.515 0.107705126 0.00306297384
 2285.615 0.109315656 0.00314993568
 2285.715 0.106731996 0.00306714647
 2285.815 0.108795629 0.00317617249
 2285.915 0.111778376 0.00317242502
 2286.015 0.109323148 0.00318343541
 2286.115 0.106003639 0.00305656546
 2286.215 0.110630339 0.00311674914
 2286.315 0.111769059 0.00319116853
 2286.415 0.112548613 0.00318716055
 2286.515 0.113940802 0.00324815522
 2286.615 0.107400787 0.00310391956
 2286.715 0.10631408 0.00309582084
 2286.815 0.106296837 0.00311261408
 2286.915 0.109947858 0.00314926787
 2287.015 0.103976174 0.00305679914
 2287.115 0.108439573 0.00311856416
 2287.215 0.100646137 0.00301076075
 2287.315 0.104905754 0.00305482874
 2287.415 0.10558967 0.00309937715
 2287.515 0.104345888 0.00304934576
 2287.615 0.102080214 0.00302459581
 2287.715 0.104236813 0.00304371934
 2287.815 0.105300739 0.00307327903
 2287.915 0.110304724 0.00314175909
 2288.015 0.105282104 0.00306032729
 2288.115 0.0990333187 0.00294907192
 2288.215 0.105337904 0.00307893438
 2288.315 0.105059957 0.0030987074
 2288.415 0.100464567 0.00298032175
 2288.515 0.100257697 0.00299015389
 2288.615 0.0984330083 0.00298267734
 2288.715 0.103259537 0.00300281788
 2288.815 0.10645007 0.00307120658
 2288.915 0.102778652 0.00298347848
 2289.015 0.102441207 0.00303829385
 2289.115 0.0974720467 0.0029435947
 2289.215 0.10066928 0.00298069576
 2289.315 0.100027728 0.00303576552
 2289.415 0.106345698 0.00307072747
 2289.515 0.105697735 0.00306782139
 2289.615 0.101424586 0.00300324432
 2289.715 0.109985321 0.00312717209
 2289.815 0.0976854941 0.00293163542
 2289.915 0.0992710094 0.00298977187


