# τ vs min κ linear regression for data set DA_130514_E4.h5
# Using stimulation: 1, 2, 3, 4, 5
# Best fit: tau = 1.25681 + 0.0170278 kappa_Fura
# Covariance matrix:
# [ +3.15123e-02, -1.74820e-04  
#   -1.74820e-04, +1.20783e-06  ]
# Total sum of squares (TSS) = 269.955
# chisq (Residual sum of squares, RSS) = 29.8989
# Probability of observing a larger of equal RSS per DOF under the null hypothesis: 1.44932e-06
# R squared (1-RSS/TSS) = 0.889245
# Estimated gamma/v with standard error: 58.7274 +/- 3.7904
# Estimates kappa_S with standard error (using error propagation): 72.8089 +/- 11.462
# kappa_S confidence intervals based on parametric bootstrap
# 0.95 CI for kappa_S: [46.6186,106.023]
# 0.99 CI for kappa_S: [38.7583,118.228]


# The data
# κ_Fura  τ   τ_SE
54.3445 2.77942 0.170097
124.11 3.02685 0.116119
202.309 4.50159 0.171759
275.403 6.48385 0.320083
309.355 7.25705 0.339601


# The fitted data
# Preticted values with lower and upper bounds of 0.95 CI
# κ_Fura  τ   τ_lwr  τ_upr
-92.0112 -0.309944 -0.842793 0.222904
-90.3438 -0.281553 -0.810965 0.247859
-88.6765 -0.253162 -0.77914 0.272815
-87.0092 -0.224771 -0.747317 0.297774
-85.3418 -0.19638 -0.715496 0.322735
-83.6745 -0.167989 -0.683677 0.347699
-82.0072 -0.139598 -0.65186 0.372664
-80.3398 -0.111207 -0.620046 0.397632
-78.6725 -0.0828158 -0.588234 0.422602
-77.0052 -0.0544247 -0.556424 0.447575
-75.3378 -0.0260336 -0.524617 0.47255
-73.6705 0.0023575 -0.492812 0.497527
-72.0032 0.0307486 -0.46101 0.522507
-70.3358 0.0591397 -0.42921 0.54749
-68.6685 0.0875308 -0.397413 0.572475
-67.0012 0.115922 -0.365619 0.597463
-65.3338 0.144313 -0.333828 0.622453
-63.6665 0.172704 -0.302039 0.647447
-61.9991 0.201095 -0.270253 0.672443
-60.3318 0.229486 -0.23847 0.697443
-58.6645 0.257877 -0.20669 0.722445
-56.9971 0.286268 -0.174913 0.74745
-55.3298 0.314659 -0.14314 0.772459
-53.6625 0.343051 -0.111369 0.79747
-51.9951 0.371442 -0.0796021 0.822485
-50.3278 0.399833 -0.0478382 0.847504
-48.6605 0.428224 -0.0160778 0.872526
-46.9931 0.456615 0.0156791 0.897551
-45.3258 0.485006 0.0474324 0.92258
-43.6585 0.513397 0.079182 0.947612
-41.9911 0.541788 0.110928 0.972649
-40.3238 0.570179 0.14267 0.997689
-38.6565 0.59857 0.174408 1.02273
-36.9891 0.626961 0.206142 1.04778
-35.3218 0.655353 0.237872 1.07283
-33.6545 0.683744 0.269598 1.09789
-31.9871 0.712135 0.301319 1.12295
-30.3198 0.740526 0.333036 1.14802
-28.6524 0.768917 0.364748 1.17309
-26.9851 0.797308 0.396456 1.19816
-25.3178 0.825699 0.428159 1.22324
-23.6504 0.85409 0.459857 1.24832
-21.9831 0.882481 0.49155 1.27341
-20.3158 0.910872 0.523238 1.29851
-18.6484 0.939263 0.554921 1.32361
-16.9811 0.967655 0.586598 1.34871
-15.3138 0.996046 0.61827 1.37382
-13.6464 1.02444 0.649935 1.39894
-11.9791 1.05283 0.681595 1.42406
-10.3118 1.08122 0.71325 1.44919
-8.64443 1.10961 0.744897 1.47432
-6.97709 1.138 0.776539 1.49946
-5.30976 1.16639 0.808174 1.52461
-3.64242 1.19478 0.839802 1.54976
-1.97509 1.22317 0.871424 1.57493
-0.30775 1.25157 0.903038 1.60009
1.35958 1.27996 0.934645 1.62527
3.02692 1.30835 0.966245 1.65045
4.69425 1.33674 0.997837 1.67564
6.36159 1.36513 1.02942 1.70084
8.02893 1.39352 1.061 1.72605
9.69626 1.42191 1.09256 1.75126
11.3636 1.4503 1.12412 1.77648
13.0309 1.47869 1.15567 1.80172
14.6983 1.50709 1.18721 1.82696
16.3656 1.53548 1.21875 1.85221
18.0329 1.56387 1.25027 1.87747
19.7003 1.59226 1.28178 1.90274
21.3676 1.62065 1.31328 1.92802
23.0349 1.64904 1.34477 1.95331
24.7023 1.67743 1.37625 1.97861
26.3696 1.70582 1.40772 2.00393
28.0369 1.73421 1.43918 2.02925
29.7043 1.76261 1.47062 2.05459
31.3716 1.791 1.50206 2.07994
33.039 1.81939 1.53348 2.1053
34.7063 1.84778 1.56488 2.13067
36.3736 1.87617 1.59628 2.15606
38.041 1.90456 1.62766 2.18147
39.7083 1.93295 1.65902 2.20688
41.3756 1.96134 1.69037 2.23232
43.043 1.98973 1.7217 2.25776
44.7103 2.01812 1.75302 2.28323
46.3776 2.04652 1.78432 2.30871
48.045 2.07491 1.81561 2.3342
49.7123 2.1033 1.84688 2.35972
51.3796 2.13169 1.87813 2.38525
53.047 2.16008 1.90936 2.41081
54.7143 2.18847 1.94057 2.43638
56.3816 2.21686 1.97176 2.46197
58.049 2.24525 2.00293 2.48758
59.7163 2.27364 2.03407 2.51322
61.3836 2.30204 2.0652 2.53887
63.051 2.33043 2.0963 2.56455
64.7183 2.35882 2.12738 2.59026
66.3857 2.38721 2.15843 2.61599
68.053 2.4156 2.18946 2.64174
69.7203 2.44399 2.22046 2.66752
71.3877 2.47238 2.25144 2.69333
73.055 2.50077 2.28238 2.71917
74.7223 2.52916 2.3133 2.74503
76.3897 2.55756 2.34418 2.77093
78.057 2.58595 2.37503 2.79686
79.7243 2.61434 2.40585 2.82282
81.3917 2.64273 2.43664 2.84882
83.059 2.67112 2.46739 2.87485
84.7263 2.69951 2.49811 2.90092
86.3937 2.7279 2.52878 2.92702
88.061 2.75629 2.55942 2.95316
89.7283 2.78468 2.59002 2.97935
91.3957 2.81308 2.62058 3.00557
93.063 2.84147 2.65109 3.03184
94.7304 2.86986 2.68156 3.05816
96.3977 2.89825 2.71198 3.08452
98.065 2.92664 2.74236 3.11092
99.7324 2.95503 2.77268 3.13738
101.4 2.98342 2.80296 3.16389
103.067 3.01181 2.83318 3.19045
104.734 3.0402 2.86335 3.21706
106.402 3.0686 2.89346 3.24373
108.069 3.09699 2.92352 3.27046
109.736 3.12538 2.95351 3.29724
111.404 3.15377 2.98345 3.32409
113.071 3.18216 3.01332 3.351
114.738 3.21055 3.04313 3.37797
116.406 3.23894 3.07288 3.40501
118.073 3.26733 3.10255 3.43211
119.74 3.29572 3.13216 3.45929
121.408 3.32412 3.1617 3.48653
123.075 3.35251 3.19117 3.51385
124.742 3.3809 3.22056 3.54123
126.41 3.40929 3.24988 3.5687
128.077 3.43768 3.27912 3.59624
129.744 3.46607 3.30829 3.62385
131.412 3.49446 3.33737 3.65155
133.079 3.52285 3.36638 3.67932
134.746 3.55124 3.39531 3.70718
136.414 3.57963 3.42415 3.73512
138.081 3.60803 3.45292 3.76313
139.748 3.63642 3.4816 3.79123
141.416 3.66481 3.5102 3.81942
143.083 3.6932 3.53871 3.84768
144.75 3.72159 3.56715 3.87603
146.418 3.74998 3.5955 3.90447
148.085 3.77837 3.62376 3.93298
149.752 3.80676 3.65194 3.96158
151.42 3.83515 3.68004 3.99027
153.087 3.86355 3.70806 4.01903
154.754 3.89194 3.73599 4.04788
156.422 3.92033 3.76385 4.07681
158.089 3.94872 3.79162 4.10582
159.756 3.97711 3.81932 4.1349
161.424 4.0055 3.84693 4.16407
163.091 4.03389 3.87447 4.19331
164.758 4.06228 3.90193 4.22263
166.426 4.09067 3.92932 4.25203
168.093 4.11907 3.95664 4.2815
169.76 4.14746 3.98388 4.31103
171.428 4.17585 4.01105 4.34064
173.095 4.20424 4.03816 4.37032
174.762 4.23263 4.06519 4.40007
176.43 4.26102 4.09216 4.42988
178.097 4.28941 4.11907 4.45975
179.764 4.3178 4.14592 4.48969
181.432 4.34619 4.1727 4.51969
183.099 4.37459 4.19943 4.54974
184.766 4.40298 4.2261 4.57986
186.434 4.43137 4.25271 4.61003
188.101 4.45976 4.27927 4.64025
189.768 4.48815 4.30577 4.67053
191.436 4.51654 4.33223 4.70085
193.103 4.54493 4.35864 4.73123
194.77 4.57332 4.38499 4.76165
196.438 4.60171 4.41131 4.79212
198.105 4.63011 4.43758 4.82263
199.772 4.6585 4.4638 4.85319
201.44 4.68689 4.48999 4.88379
203.107 4.71528 4.51613 4.91443
204.774 4.74367 4.54223 4.94511
206.442 4.77206 4.5683 4.97582
208.109 4.80045 4.59433 5.00657
209.776 4.82884 4.62033 5.03736
211.444 4.85723 4.64629 5.06818
213.111 4.88562 4.67222 5.09903
214.778 4.91402 4.69811 5.12992
216.446 4.94241 4.72398 5.16084
218.113 4.9708 4.74981 5.19178
219.78 4.99919 4.77562 5.22276
221.448 5.02758 4.8014 5.25376
223.115 5.05597 4.82716 5.28479
224.782 5.08436 4.85289 5.31584
226.45 5.11275 4.87859 5.34692
228.117 5.14114 4.90427 5.37802
229.784 5.16954 4.92993 5.40915
231.452 5.19793 4.95556 5.44029
233.119 5.22632 4.98117 5.47146
234.787 5.25471 5.00676 5.50265
236.454 5.2831 5.03234 5.53386
238.121 5.31149 5.05789 5.5651
239.789 5.33988 5.08342 5.59634
241.456 5.36827 5.10894 5.62761
243.123 5.39666 5.13443 5.6589
244.791 5.42506 5.15991 5.6902
246.458 5.45345 5.18538 5.72152
248.125 5.48184 5.21082 5.75285
249.793 5.51023 5.23626 5.7842
251.46 5.53862 5.26167 5.81557
253.127 5.56701 5.28708 5.84695
254.795 5.5954 5.31246 5.87834
256.462 5.62379 5.33784 5.90975
258.129 5.65218 5.3632 5.94117
259.797 5.68058 5.38855 5.9726
261.464 5.70897 5.41389 6.00405
263.131 5.73736 5.43921 6.0355
264.799 5.76575 5.46453 6.06697
266.466 5.79414 5.48983 6.09845
268.133 5.82253 5.51512 6.12994
269.801 5.85092 5.5404 6.16145
271.468 5.87931 5.56567 6.19296
273.135 5.9077 5.59093 6.22448
274.803 5.9361 5.61618 6.25601
276.47 5.96449 5.64142 6.28755
278.137 5.99288 5.66665 6.3191
279.805 6.02127 5.69188 6.35066
281.472 6.04966 5.71709 6.38223
283.139 6.07805 5.7423 6.4138
284.807 6.10644 5.76749 6.44539
286.474 6.13483 5.79269 6.47698
288.141 6.16322 5.81787 6.50858
289.809 6.19162 5.84304 6.54019
291.476 6.22001 5.86821 6.5718
293.143 6.2484 5.89337 6.60342
294.811 6.27679 5.91852 6.63505
296.478 6.30518 5.94367 6.66669
298.145 6.33357 5.96881 6.69833
299.813 6.36196 5.99395 6.72998
301.48 6.39035 6.01907 6.76163
303.147 6.41874 6.0442 6.79329
304.815 6.44713 6.06931 6.82496
306.482 6.47553 6.09442 6.85663
308.149 6.50392 6.11953 6.88831
309.817 6.53231 6.14463 6.91999
311.484 6.5607 6.16972 6.95168
313.151 6.58909 6.19481 6.98337
314.819 6.61748 6.2199 7.01507
316.486 6.64587 6.24497 7.04677
318.153 6.67426 6.27005 7.07848
319.821 6.70265 6.29512 7.11019
321.488 6.73105 6.32018 7.14191
323.155 6.75944 6.34524 7.17363
