# Data from DA_130514_E4.h5 stim 2
# Ratiometric estimator
# Ratiometric estimator:
#    Time    Ca (est)    Ca (se)
 1010.015 0.12206558 0.00560809023
 1010.115 0.118840624 0.00558530305
 1010.215 0.11028953 0.00529469443
 1010.315 0.118585391 0.00561734744
 1010.415 0.115602759 0.0054179257
 1010.515 0.122325114 0.00562003001
 1010.615 0.130199384 0.00580390379
 1010.715 0.133678619 0.00587623654
 1010.815 0.116187053 0.00546096466
 1010.915 0.123959867 0.00566275283
 1011.015 0.124001321 0.00572110448
 1011.115 0.122369687 0.00561506374
 1011.215 0.117057119 0.00548005086
 1011.315 0.118785571 0.00548593292
 1011.415 0.113546088 0.00543233251
 1011.515 0.134086673 0.00609549437
 1011.615 0.175038689 0.00730728939
 1011.715 0.22036135 0.00892295764
 1011.815 0.272334182 0.0112087436
 1011.915 0.32788839 0.0132939584
 1012.015 0.351423463 0.0147523036
 1012.115 0.349314852 0.0149185917
 1012.215 0.353573528 0.0147581315
 1012.315 0.326168073 0.0133511139
 1012.415 0.29759985 0.0121183357
 1012.515 0.30707578 0.0125265561
 1012.615 0.323989344 0.0135614986
 1012.715 0.301060109 0.0124251669
 1012.815 0.298621219 0.0123798174
 1012.915 0.297479852 0.0121395326
 1013.015 0.264568566 0.0107882683
 1013.115 0.276786498 0.0111750375
 1013.215 0.2638544 0.0105555322
 1013.315 0.256434454 0.0104841326
 1013.415 0.255118081 0.010433614
 1013.515 0.247132889 0.0100781912
 1013.615 0.23507254 0.009649032
 1013.715 0.240738081 0.00977005143
 1013.815 0.258204214 0.0104822707
 1013.915 0.248680335 0.0101887411
 1014.015 0.23155358 0.00950282215
 1014.115 0.227628745 0.00930280837
 1014.215 0.216221208 0.00903017508
 1014.315 0.210926889 0.00863837444
 1014.415 0.220505443 0.00902666717
 1014.515 0.211713944 0.00873371109
 1014.615 0.205109762 0.0086683072
 1014.715 0.204924896 0.00840598394
 1014.815 0.211973331 0.00850979224
 1014.915 0.19442665 0.00792776968
 1015.015 0.210979014 0.00870975853
 1015.115 0.209672992 0.00835363908
 1015.215 0.195916973 0.00808354526
 1015.315 0.186060125 0.00758936325
 1015.415 0.183537649 0.00782114142
 1015.515 0.204364646 0.00829204597
 1015.615 0.178955959 0.00753411174
 1015.715 0.187896736 0.00779112981
 1015.815 0.175369816 0.00730746276
 1015.915 0.184719578 0.00770192916
 1016.015 0.186561789 0.00790183411
 1016.115 0.180577285 0.00748892986
 1016.215 0.180633892 0.00760510115
 1016.315 0.166608756 0.00713159245
 1016.415 0.177690594 0.00734813825
 1016.515 0.176516068 0.00745782539
 1016.615 0.162435057 0.00695075576
 1016.715 0.170257053 0.00724904747
 1016.815 0.156692184 0.00680665807
 1016.915 0.17223864 0.00710875851
 1017.015 0.17114883 0.00721911222
 1017.115 0.155006193 0.00672960218
 1017.215 0.163534763 0.00700338007
 1017.315 0.16889568 0.00713692752
 1017.415 0.155338381 0.00677747922
 1017.515 0.158742538 0.00674597783
 1017.615 0.175682519 0.00727095279
 1017.715 0.164488076 0.00693018659
 1017.815 0.164004205 0.00687931324
 1017.915 0.15067939 0.00652780051
 1018.015 0.15020034 0.00660595558
 1018.115 0.154102786 0.00672438516
 1018.215 0.145053292 0.00638611696
 1018.315 0.156728301 0.00674833157
 1018.415 0.135963731 0.00612124733
 1018.515 0.151931724 0.00658851408
 1018.615 0.140335598 0.00618644351
 1018.715 0.142249756 0.00628320149
 1018.815 0.149192831 0.00650668623
 1018.915 0.143790178 0.00634048903
 1019.015 0.149680368 0.00646095828
 1019.115 0.144029453 0.0062352983
 1019.215 0.14844392 0.00655419424
 1019.315 0.138866265 0.00613735714
 1019.415 0.137587926 0.00605227278
 1019.515 0.129572465 0.00594502374
 1019.615 0.140997713 0.00612618005
 1019.715 0.122603761 0.0057690027
 1019.815 0.139657728 0.00617923805
 1019.915 0.128969821 0.00586455004
 1020.015 0.139765255 0.00614404695
 1020.115 0.132611922 0.00584826807
 1020.215 0.142404085 0.00617626268
 1020.315 0.134105617 0.00595406738
 1020.415 0.126819874 0.00585169625
 1020.515 0.134665372 0.00596489295
 1020.615 0.117331856 0.00558264471
 1020.715 0.12892056 0.00594823715
 1020.815 0.122593455 0.0055986967
 1020.915 0.127393673 0.00582976119
 1021.015 0.123874195 0.00581351439
 1021.115 0.128162372 0.00573639203
 1021.215 0.12357661 0.00581186473
 1021.315 0.131225417 0.00588882326
 1021.415 0.121026868 0.00560727408
 1021.515 0.13278684 0.00581073313
 1021.615 0.120579585 0.00558663947
 1021.715 0.136078605 0.00610418493
 1021.815 0.127561965 0.00577584974
 1021.915 0.120577864 0.00553808912
 1022.015 0.125460291 0.00573104239
 1022.115 0.119546609 0.00565825191
 1022.215 0.125196646 0.0056715931
 1022.315 0.124855295 0.00565626828
 1022.415 0.127203795 0.00567583574
 1022.515 0.124882227 0.00575198635
 1022.615 0.120748389 0.00571244462
 1022.715 0.119571769 0.00551838236
 1022.815 0.124880212 0.00572734358
 1022.915 0.131980577 0.00585126269
 1023.015 0.128533491 0.00591929168
 1023.115 0.132026751 0.00580072112
 1023.215 0.118731704 0.00550369488
 1023.315 0.124984374 0.00578479926
 1023.415 0.125364412 0.00573589124
 1023.515 0.123338478 0.00557794044
 1023.615 0.122261466 0.0056009762
 1023.715 0.122780018 0.00560327114
 1023.815 0.116585257 0.00546430208
 1023.915 0.12126612 0.00549297081
 1024.015 0.117611021 0.00543238719
 1024.115 0.124879981 0.00568967997
 1024.215 0.121278886 0.00555927106
 1024.315 0.122643616 0.00554880867
 1024.415 0.123741628 0.00565252155
 1024.515 0.130128273 0.00577503733
 1024.615 0.114964229 0.00543121954
 1024.715 0.122796321 0.00552303596
 1024.815 0.115191751 0.00541517502
 1024.915 0.123095867 0.00565855381
 1025.015 0.126928221 0.00575198003
 1025.115 0.122025632 0.00558481247
 1025.215 0.119764761 0.00554012033
 1025.315 0.11982793 0.00542858835
 1025.415 0.124439736 0.00560780974
 1025.515 0.119239058 0.00534306645
 1025.615 0.119241558 0.00555199306
 1025.715 0.119248326 0.00542574781
 1025.815 0.115307779 0.00549351624
 1025.915 0.120718759 0.00550320757
 1026.015 0.124586253 0.00574559605
 1026.115 0.118288002 0.00537031613
 1026.215 0.119740288 0.0054558337
 1026.315 0.122195652 0.00547925213
 1026.415 0.125515074 0.00569528354
 1026.515 0.11221211 0.00533215963
 1026.615 0.117081089 0.00538867875
 1026.715 0.117908847 0.00548185569
 1026.815 0.120127388 0.00553053411
 1026.915 0.121968346 0.00551466078
 1027.015 0.114177642 0.00540527575
 1027.115 0.12380651 0.0055743182
 1027.215 0.124874799 0.00558356717
 1027.315 0.11019337 0.00524861382
 1027.415 0.114224681 0.00539801807
 1027.515 0.127865674 0.00570136117
 1027.615 0.117376286 0.00549667833
 1027.715 0.123016153 0.00557190478
 1027.815 0.129106584 0.00580263502
 1027.915 0.118771254 0.00546456641
 1028.015 0.113603202 0.00531823669
 1028.115 0.116393779 0.00535419209
 1028.215 0.129227382 0.00577329422
 1028.315 0.121133777 0.00559827382
 1028.415 0.131351117 0.00591209914
 1028.515 0.133169834 0.00589050746
 1028.615 0.13051358 0.0058011718
 1028.715 0.125750323 0.00568718316
 1028.815 0.123436507 0.00561645851
 1028.915 0.129977791 0.0057889091
 1029.015 0.122814775 0.00561151307
 1029.115 0.128883259 0.00577997051
 1029.215 0.124603432 0.00566850484
 1029.315 0.12664554 0.00579186072
 1029.415 0.124160782 0.00563645742
 1029.515 0.128532907 0.00567718259
 1029.615 0.120150756 0.005587863
 1029.715 0.134354504 0.00580846212
 1029.815 0.134267591 0.00595105215
 1029.915 0.125013138 0.00569830264


