# Data from DA_130514_E4.h5 stim 2
# Ratiometric estimator mono-exponential fit
# Fitted model Ca = baseline+delta*exp(-(t-t0)/tau)
# nobs = 171
# number of degrees of freedom = 168
# baseline length = 7
# fit started from point 36
# estimated baseline 0.119537 and standard error 0.000779242
# estimated delta 0.129906 and standard error 0.00307864
# estimated tau 3.02685 and standard error 0.116119
# residual sum of squares: 184.611
# RSS per degree of freedom: 1.09887
# Probability of observing a larger of equal RSS per DOF under the null hypothesis: 0.180353

# rss per degree of freedom: 1.09887

# Time    Ca  Prediction  Residual
1010.01 0.122066 0.119537 0.450839
1010.11 0.118841 0.119537 -0.124723
1010.21 0.11029 0.119537 -1.7466
1010.31 0.118585 0.119537 -0.169448
1010.41 0.115603 0.119537 -0.726196
1010.51 0.122325 0.119537 0.496061
1010.61 0.130199 0.119537 1.83706

1013.61 0.235073 0.249444 -1.48938
1013.71 0.240738 0.245222 -0.458939
1013.81 0.258204 0.241137 1.62815
1013.91 0.24868 0.237186 1.12817
1014.01 0.231554 0.233362 -0.190345
1014.11 0.227629 0.229663 -0.218706
1014.21 0.216221 0.226084 -1.09226
1014.31 0.210927 0.222622 -1.35385
1014.41 0.220505 0.219272 0.136656
1014.51 0.211714 0.216031 -0.494268
1014.61 0.20511 0.212895 -0.898116
1014.71 0.204925 0.209861 -0.587211
1014.81 0.211973 0.206926 0.59316
1014.91 0.194427 0.204086 -1.21839
1015.01 0.210979 0.201338 1.10691
1015.11 0.209673 0.19868 1.31598
1015.21 0.195917 0.196108 -0.0236042
1015.31 0.18606 0.193619 -0.996036
1015.41 0.183538 0.191212 -0.981218
1015.51 0.204365 0.188883 1.86709
1015.61 0.178956 0.186629 -1.01845
1015.71 0.187897 0.184449 0.442557
1015.81 0.17537 0.182339 -0.953739
1015.91 0.18472 0.180298 0.574048
1016.01 0.186562 0.178324 1.04255
1016.11 0.180577 0.176413 0.556023
1016.21 0.180634 0.174565 0.798013
1016.31 0.166609 0.172777 -0.864868
1016.41 0.177691 0.171046 0.90419
1016.51 0.176516 0.169373 0.957857
1016.61 0.162435 0.167753 -0.765089
1016.71 0.170257 0.166186 0.561585
1016.81 0.156692 0.16467 -1.17208
1016.91 0.172239 0.163203 1.271
1017.01 0.171149 0.161784 1.29718
1017.11 0.155006 0.160411 -0.803198
1017.21 0.163535 0.159083 0.635648
1017.31 0.168896 0.157798 1.55498
1017.41 0.155338 0.156555 -0.17944
1017.51 0.158743 0.155352 0.502668
1017.61 0.175683 0.154188 2.95626
1017.71 0.164488 0.153062 1.6488
1017.81 0.164004 0.151972 1.74902
1017.91 0.150679 0.150918 -0.0365635
1018.01 0.1502 0.149898 0.0457284
1018.11 0.154103 0.148912 0.771995
1018.21 0.145053 0.147957 -0.454689
1018.31 0.156728 0.147033 1.43664
1018.41 0.135964 0.14614 -1.66243
1018.51 0.151932 0.145275 1.0103
1018.61 0.140336 0.144439 -0.663271
1018.71 0.14225 0.14363 -0.219615
1018.81 0.149193 0.142847 0.975326
1018.91 0.14379 0.142089 0.268275
1019.01 0.14968 0.141356 1.28837
1019.11 0.144029 0.140647 0.542433
1019.21 0.148444 0.139961 1.29424
1019.31 0.138866 0.139297 -0.0702571
1019.41 0.137588 0.138655 -0.176358
1019.51 0.129572 0.138034 -1.4233
1019.61 0.140998 0.137433 0.581899
1019.71 0.122604 0.136851 -2.46968
1019.81 0.139658 0.136289 0.545225
1019.91 0.12897 0.135744 -1.15515
1020.01 0.139765 0.135218 0.740176
1020.11 0.132612 0.134708 -0.35841
1020.21 0.142404 0.134215 1.3259
1020.31 0.134106 0.133738 0.061744
1020.41 0.12682 0.133276 -1.10338
1020.51 0.134665 0.13283 0.307696
1020.61 0.117332 0.132398 -2.69875
1020.71 0.128921 0.13198 -0.514355
1020.81 0.122593 0.131576 -1.60435
1020.91 0.127394 0.131184 -0.65025
1021.01 0.123874 0.130806 -1.19235
1021.11 0.128162 0.13044 -0.397007
1021.21 0.123577 0.130085 -1.11992
1021.31 0.131225 0.129743 0.251792
1021.41 0.121027 0.129411 -1.49522
1021.51 0.132787 0.12909 0.636187
1021.61 0.12058 0.12878 -1.4678
1021.71 0.136079 0.128479 1.24493
1021.81 0.127562 0.128189 -0.108513
1021.91 0.120578 0.127908 -1.32351
1022.01 0.12546 0.127636 -0.379557
1022.11 0.119547 0.127372 -1.38307
1022.21 0.125197 0.127118 -0.338723
1022.31 0.124855 0.126871 -0.356437
1022.41 0.127204 0.126633 0.100556
1022.51 0.124882 0.126402 -0.264296
1022.61 0.120748 0.126179 -0.950725
1022.71 0.119572 0.125963 -1.15826
1022.81 0.12488 0.125755 -0.152679
1022.91 0.131981 0.125553 1.09856
1023.01 0.128533 0.125357 0.536614
1023.11 0.132027 0.125168 1.1824
1023.21 0.118732 0.124985 -1.1362
1023.31 0.124984 0.124808 0.0304967
1023.41 0.125364 0.124637 0.126875
1023.51 0.123338 0.124471 -0.203027
1023.61 0.122261 0.124311 -0.365856
1023.71 0.12278 0.124155 -0.245477
1023.81 0.116585 0.124005 -1.35793
1023.91 0.121266 0.12386 -0.472255
1024.01 0.117611 0.12372 -1.1245
1024.11 0.12488 0.123584 0.227814
1024.21 0.121279 0.123452 -0.390951
1024.31 0.122644 0.123325 -0.122809
1024.41 0.123742 0.123202 0.0954735
1024.51 0.130128 0.123083 1.21998
1024.61 0.114964 0.122968 -1.47359
1024.71 0.122796 0.122856 -0.0108346
1024.81 0.115192 0.122748 -1.39544
1024.91 0.123096 0.122644 0.0798642
1025.01 0.126928 0.122543 0.762386
1025.11 0.122026 0.122445 -0.0751461
1025.21 0.119765 0.122351 -0.466784
1025.31 0.119828 0.122259 -0.447895
1025.41 0.12444 0.122171 0.404584
1025.51 0.119239 0.122085 -0.532701
1025.61 0.119242 0.122003 -0.49729
1025.71 0.119248 0.121922 -0.492848
1025.81 0.115308 0.121845 -1.18997
1025.91 0.120719 0.12177 -0.191003
1026.01 0.124586 0.121697 0.502806
1026.11 0.118288 0.121627 -0.621775
1026.21 0.11974 0.121559 -0.333391
1026.31 0.122196 0.121494 0.128146
1026.41 0.125515 0.12143 0.717285
1026.51 0.112212 0.121368 -1.71719
1026.61 0.117081 0.121309 -0.784575
1026.71 0.117909 0.121251 -0.609737
1026.81 0.120127 0.121196 -0.193154
1026.91 0.121968 0.121142 0.149893
1027.01 0.114178 0.12109 -1.27874
1027.11 0.123807 0.121039 0.496449
1027.21 0.124875 0.12099 0.695695
1027.31 0.110193 0.120943 -2.04811
1027.41 0.114225 0.120897 -1.23615
1027.51 0.127866 0.120853 1.22996
1027.61 0.117376 0.12081 -0.624772
1027.71 0.123016 0.120769 0.403286
1027.81 0.129107 0.120729 1.44375
1027.91 0.118771 0.12069 -0.351183
1028.01 0.113603 0.120653 -1.32556
1028.11 0.116394 0.120617 -0.788693
1028.21 0.129227 0.120582 1.49756
1028.31 0.121134 0.120548 0.104711
1028.41 0.131351 0.120515 1.83291
1028.51 0.13317 0.120483 2.15378
1028.61 0.130514 0.120452 1.73436
1028.71 0.12575 0.120423 0.936811
1028.81 0.123437 0.120394 0.54176
1028.91 0.129978 0.120366 1.6604
1029.01 0.122815 0.120339 0.4412
1029.11 0.128883 0.120313 1.48277
1029.21 0.124603 0.120288 0.761351
1029.31 0.126646 0.120263 1.10193
1029.41 0.124161 0.12024 0.69566
1029.51 0.128533 0.120217 1.46481
1029.61 0.120151 0.120195 -0.00788356
1029.71 0.134355 0.120173 2.44145
1029.81 0.134268 0.120153 2.37182
1029.91 0.125013 0.120133 0.856462
