# Data from DA_130514_E4.h5 stim 3
# Ratiometric estimator mono-exponential fit
# Fitted model Ca = baseline+delta*exp(-(t-t0)/tau)
# nobs = 167
# number of degrees of freedom = 164
# baseline length = 7
# fit started from point 40
# estimated baseline 0.104311 and standard error 0.000814964
# estimated delta 0.0916963 and standard error 0.00160984
# estimated tau 4.50159 and standard error 0.171759
# residual sum of squares: 180.604
# RSS per degree of freedom: 1.10125
# Probability of observing a larger of equal RSS per DOF under the null hypothesis: 0.177717

# rss per degree of freedom: 1.10125

# Time    Ca  Prediction  Residual
1430.02 0.0997454 0.104311 -1.19893
1430.12 0.097899 0.104311 -1.69766
1430.21 0.101217 0.104311 -0.805886
1430.31 0.106876 0.104311 0.645949
1430.41 0.108454 0.104311 1.04221
1430.51 0.106219 0.104311 0.485899
1430.61 0.109063 0.104311 1.21126

1434.01 0.185244 0.196008 -1.83929
1434.11 0.198316 0.193993 0.705614
1434.21 0.19567 0.192023 0.588431
1434.31 0.190267 0.190096 0.0289812
1434.41 0.188889 0.188211 0.113484
1434.51 0.187876 0.186368 0.255469
1434.61 0.197029 0.184565 2.02339
1434.71 0.177466 0.182802 -0.962589
1434.81 0.175658 0.181078 -0.974784
1434.91 0.18538 0.179391 1.02751
1435.01 0.175717 0.177742 -0.359588
1435.11 0.174276 0.176129 -0.340089
1435.21 0.18333 0.174551 1.5296
1435.31 0.168675 0.173008 -0.815235
1435.41 0.16914 0.171498 -0.429104
1435.51 0.169575 0.170022 -0.0842508
1435.61 0.177506 0.168579 1.58996
1435.71 0.163688 0.167167 -0.660734
1435.81 0.165635 0.165786 -0.0285888
1435.91 0.166838 0.164435 0.439981
1436.01 0.153161 0.163115 -1.95266
1436.11 0.171822 0.161823 1.84361
1436.21 0.160206 0.160559 -0.0678949
1436.31 0.16078 0.159323 0.28216
1436.41 0.158368 0.158115 0.0494466
1436.51 0.160608 0.156933 0.70592
1436.61 0.148104 0.155777 -1.56631
1436.71 0.151479 0.154646 -0.638784
1436.81 0.165338 0.15354 2.23679
1436.91 0.148491 0.152459 -0.81583
1437.01 0.145849 0.151401 -1.14689
1437.11 0.138553 0.150366 -2.54389
1437.21 0.148105 0.149355 -0.2562
1437.31 0.148958 0.148365 0.119763
1437.41 0.154639 0.147397 1.41506
1437.51 0.149142 0.146451 0.557325
1437.61 0.143045 0.145525 -0.52175
1437.71 0.150413 0.144619 1.17513
1437.81 0.145506 0.143734 0.370099
1437.91 0.149461 0.142868 1.34727
1438.01 0.139287 0.142021 -0.581685
1438.11 0.151149 0.141192 2.00771
1438.21 0.145496 0.140382 1.05428
1438.31 0.13352 0.13959 -1.33713
1438.41 0.141144 0.138815 0.500035
1438.51 0.136327 0.138057 -0.37428
1438.61 0.140764 0.137315 0.728673
1438.71 0.131783 0.13659 -1.06385
1438.81 0.13488 0.135881 -0.218366
1438.91 0.133042 0.135187 -0.474151
1439.01 0.129567 0.134509 -1.12088
1439.11 0.126879 0.133846 -1.60078
1439.21 0.133016 0.133197 -0.0396311
1439.31 0.133916 0.132562 0.299463
1439.41 0.133612 0.131942 0.376674
1439.51 0.135545 0.131334 0.923042
1439.61 0.129282 0.130741 -0.332668
1439.71 0.131096 0.13016 0.207464
1439.81 0.126575 0.129592 -0.692856
1439.91 0.13429 0.129037 1.17385
1440.01 0.131242 0.128494 0.615484
1440.11 0.135074 0.127962 1.58258
1440.21 0.125809 0.127443 -0.380527
1440.31 0.123082 0.126935 -0.900169
1440.41 0.124481 0.126438 -0.450273
1440.51 0.135088 0.125951 2.00706
1440.61 0.126328 0.125476 0.193549
1440.71 0.122266 0.125011 -0.638407
1440.81 0.121706 0.124556 -0.672313
1440.91 0.118319 0.124112 -1.36619
1441.01 0.11859 0.123677 -1.20878
1441.11 0.119322 0.123251 -0.94967
1441.21 0.111302 0.122835 -2.79676
1441.31 0.129185 0.122428 1.54428
1441.41 0.116804 0.12203 -1.26344
1441.51 0.121365 0.121641 -0.0656673
1441.61 0.119154 0.12126 -0.497643
1441.71 0.123281 0.120888 0.554226
1441.81 0.124044 0.120524 0.822286
1441.91 0.12148 0.120167 0.311901
1442.01 0.117269 0.119819 -0.617129
1442.11 0.119918 0.119478 0.10299
1442.21 0.123642 0.119145 1.0412
1442.31 0.115628 0.118819 -0.787669
1442.41 0.124036 0.118501 1.30719
1442.51 0.122527 0.118189 1.01981
1442.61 0.117681 0.117884 -0.0483367
1442.71 0.11443 0.117586 -0.772432
1442.81 0.112401 0.117294 -1.20576
1442.91 0.122144 0.117009 1.22941
1443.01 0.110437 0.11673 -1.55182
1443.11 0.120138 0.116457 0.891516
1443.21 0.119817 0.11619 0.864319
1443.31 0.115487 0.115929 -0.106976
1443.41 0.11641 0.115674 0.176743
1443.51 0.123714 0.115424 1.93993
1443.61 0.118081 0.11518 0.707396
1443.71 0.110246 0.114941 -1.1791
1443.81 0.116596 0.114708 0.463008
1443.91 0.117589 0.11448 0.75687
1444.01 0.109769 0.114256 -1.13989
1444.11 0.112965 0.114038 -0.265985
1444.21 0.113783 0.113824 -0.0101845
1444.31 0.114447 0.113615 0.206694
1444.41 0.114006 0.113411 0.14549
1444.51 0.105732 0.113211 -1.94405
1444.61 0.116845 0.113015 0.921147
1444.71 0.118608 0.112824 1.40189
1444.81 0.110342 0.112637 -0.573551
1444.91 0.113947 0.112454 0.365541
1445.01 0.115689 0.112275 0.830293
1445.11 0.113561 0.1121 0.363106
1445.21 0.116209 0.111929 1.06362
1445.31 0.108651 0.111762 -0.787382
1445.41 0.111174 0.111598 -0.106761
1445.51 0.112331 0.111438 0.228299
1445.61 0.114693 0.111281 0.845628
1445.71 0.108307 0.111128 -0.722712
1445.81 0.112923 0.110979 0.478894
1445.91 0.11121 0.110832 0.0949331
1446.01 0.106737 0.110689 -1.00121
1446.11 0.116214 0.110549 1.39516
1446.21 0.11699 0.110412 1.61258
1446.31 0.10867 0.110278 -0.407951
1446.41 0.114238 0.110147 1.01365
1446.51 0.110809 0.110018 0.19664
1446.61 0.103428 0.109893 -1.67931
1446.71 0.111461 0.10977 0.42556
1446.81 0.115618 0.10965 1.46166
1446.91 0.109066 0.109533 -0.119165
1447.01 0.111744 0.109418 0.582508
1447.11 0.103906 0.109306 -1.40875
1447.21 0.108157 0.109196 -0.265251
1447.31 0.112376 0.109089 0.824407
1447.41 0.108592 0.108984 -0.0986863
1447.51 0.11924 0.108882 2.50412
1447.61 0.104313 0.108781 -1.15317
1447.71 0.111305 0.108683 0.654151
1447.81 0.0991555 0.108587 -2.52447
1447.91 0.106656 0.108493 -0.474831
1448.01 0.098972 0.108401 -2.53399
1448.11 0.109647 0.108311 0.342233
1448.21 0.109073 0.108223 0.216718
1448.31 0.110446 0.108137 0.571247
1448.41 0.104142 0.108053 -1.01261
1448.51 0.110266 0.107971 0.581628
1448.61 0.111153 0.107891 0.813801
1448.71 0.114518 0.107812 1.66587
1448.81 0.106085 0.107735 -0.43098
1448.91 0.105918 0.10766 -0.454246
1449.01 0.106527 0.107586 -0.269133
1449.11 0.109295 0.107514 0.446259
1449.21 0.106667 0.107444 -0.199896
1449.31 0.109105 0.107375 0.432236
1449.41 0.108334 0.107308 0.262612
1449.51 0.105599 0.107242 -0.428634
1449.61 0.103348 0.107178 -0.991456
1449.71 0.11495 0.107115 1.92857
1449.81 0.10311 0.107053 -1.0218
1449.91 0.101756 0.106993 -1.361
