# τ vs mean κ linear regression for data set DA_130514_E4.h5
# Using stimulation: 1, 2, 3, 4, 5
# Best fit: tau = 1.19777 + 0.0166819 kappa_Fura
# Covariance matrix:
# [ +3.28432e-02, -1.76060e-04  
#   -1.76060e-04, +1.16382e-06  ]
# Total sum of squares (TSS) = 269.955
# chisq (Residual sum of squares, RSS) = 30.8391
# Probability of observing a larger of equal RSS per DOF under the null hypothesis: 9.19012e-07
# R squared (1-RSS/TSS) = 0.885762
# Estimated gamma/v with standard error: 59.9452 +/- 3.87659
# Estimates kappa_S with standard error (using error propagation): 70.8007 +/- 11.8144
# kappa_S confidence intervals based on parametric bootstrap
# 0.95 CI for kappa_S: [44.0707,104.834]
# 0.99 CI for kappa_S: [37.5319,119.306]


# The data
# κ_Fura  τ   τ_SE
58.9497 2.77942 0.170097
130.088 3.02685 0.116119
211.392 4.50159 0.171759
282.231 6.48385 0.320083
318.145 7.25705 0.339601


# The fitted data
# Preticted values with lower and upper bounds of 0.95 CI
# κ_Fura  τ   τ_lwr  τ_upr
-89.5009 -0.295273 -0.8273 0.236754
-87.8067 -0.26701 -0.79561 0.26159
-86.1125 -0.238748 -0.763923 0.286428
-84.4183 -0.210485 -0.732237 0.311268
-82.7241 -0.182222 -0.700554 0.33611
-81.0299 -0.153959 -0.668873 0.360954
-79.3357 -0.125697 -0.637194 0.3858
-77.6414 -0.097434 -0.605517 0.410649
-75.9472 -0.0691713 -0.573843 0.4355
-74.253 -0.0409086 -0.542171 0.460353
-72.5588 -0.0126459 -0.510501 0.485209
-70.8646 0.0156168 -0.478834 0.510068
-69.1704 0.0438795 -0.44717 0.534929
-67.4762 0.0721422 -0.415508 0.559792
-65.782 0.100405 -0.383848 0.584658
-64.0877 0.128668 -0.352192 0.609527
-62.3935 0.15693 -0.320538 0.634398
-60.6993 0.185193 -0.288887 0.659273
-59.0051 0.213456 -0.257239 0.68415
-57.3109 0.241718 -0.225593 0.70903
-55.6167 0.269981 -0.193951 0.733913
-53.9225 0.298244 -0.162312 0.7588
-52.2283 0.326507 -0.130676 0.783689
-50.534 0.354769 -0.0990432 0.808582
-48.8398 0.383032 -0.0674136 0.833477
-47.1456 0.411295 -0.0357874 0.858377
-45.4514 0.439557 -0.00416464 0.883279
-43.7572 0.46782 0.0274546 0.908185
-42.063 0.496083 0.0590703 0.933095
-40.3688 0.524345 0.0906823 0.958009
-38.6746 0.552608 0.122291 0.982926
-36.9803 0.580871 0.153895 1.00785
-35.2861 0.609134 0.185496 1.03277
-33.5919 0.637396 0.217092 1.0577
-31.8977 0.665659 0.248684 1.08263
-30.2035 0.693922 0.280272 1.10757
-28.5093 0.722184 0.311856 1.13251
-26.8151 0.750447 0.343436 1.15746
-25.1209 0.77871 0.37501 1.18241
-23.4266 0.806972 0.406581 1.20736
-21.7324 0.835235 0.438146 1.23232
-20.0382 0.863498 0.469706 1.25729
-18.344 0.891761 0.501262 1.28226
-16.6498 0.920023 0.532812 1.30723
-14.9556 0.948286 0.564357 1.33221
-13.2614 0.976549 0.595897 1.3572
-11.5672 1.00481 0.627431 1.38219
-9.87294 1.03307 0.65896 1.40719
-8.17873 1.06134 0.690482 1.43219
-6.48452 1.0896 0.721999 1.4572
-4.7903 1.11786 0.753509 1.48222
-3.09609 1.14612 0.785013 1.50724
-1.40188 1.17439 0.816511 1.53226
0.292332 1.20265 0.848002 1.5573
1.98654 1.23091 0.879486 1.58234
3.68076 1.25918 0.910963 1.60739
5.37497 1.28744 0.942433 1.63244
7.06918 1.3157 0.973895 1.65751
8.76339 1.34396 1.00535 1.68258
10.4576 1.37223 1.0368 1.70766
12.1518 1.40049 1.06823 1.73274
13.846 1.42875 1.09967 1.75784
15.5402 1.45701 1.13109 1.78294
17.2345 1.48528 1.1625 1.80805
18.9287 1.51354 1.1939 1.83318
20.6229 1.5418 1.2253 1.85831
22.3171 1.57007 1.25668 1.88345
24.0113 1.59833 1.28806 1.9086
25.7055 1.62659 1.31942 1.93376
27.3997 1.65485 1.35078 1.95893
29.0939 1.68312 1.38212 1.98411
30.7882 1.71138 1.41345 2.00931
32.4824 1.73964 1.44477 2.03451
34.1766 1.7679 1.47608 2.05973
35.8708 1.79617 1.50738 2.08496
37.565 1.82443 1.53866 2.1102
39.2592 1.85269 1.56993 2.13546
40.9534 1.88096 1.60119 2.16072
42.6476 1.90922 1.63243 2.18601
44.3419 1.93748 1.66366 2.2113
46.0361 1.96574 1.69487 2.23662
47.7303 1.99401 1.72607 2.26194
49.4245 2.02227 1.75725 2.28729
51.1187 2.05053 1.78841 2.31265
52.8129 2.07879 1.81956 2.33802
54.5071 2.10706 1.85069 2.36342
56.2013 2.13532 1.88181 2.38883
57.8956 2.16358 1.9129 2.41426
59.5898 2.19184 1.94398 2.43971
61.284 2.22011 1.97503 2.46518
62.9782 2.24837 2.00606 2.49068
64.6724 2.27663 2.03708 2.51619
66.3666 2.3049 2.06807 2.54173
68.0608 2.33316 2.09903 2.56728
69.755 2.36142 2.12998 2.59287
71.4493 2.38968 2.16089 2.61847
73.1435 2.41795 2.19179 2.64411
74.8377 2.44621 2.22265 2.66977
76.5319 2.47447 2.25349 2.69545
78.2261 2.50273 2.2843 2.72117
79.9203 2.531 2.31508 2.74691
81.6145 2.55926 2.34583 2.77269
83.3087 2.58752 2.37655 2.79849
85.003 2.61579 2.40724 2.82433
86.6972 2.64405 2.43789 2.8502
88.3914 2.67231 2.46851 2.87611
90.0856 2.70057 2.49909 2.90205
91.7798 2.72884 2.52964 2.92804
93.474 2.7571 2.56014 2.95406
95.1682 2.78536 2.59061 2.98011
96.8624 2.81362 2.62103 3.00622
98.5567 2.84189 2.65141 3.03236
100.251 2.87015 2.68175 3.05855
101.945 2.89841 2.71204 3.08478
103.639 2.92668 2.74229 3.11106
105.334 2.95494 2.77248 3.1374
107.028 2.9832 2.80263 3.16378
108.722 3.01146 2.83272 3.19021
110.416 3.03973 2.86276 3.21669
112.11 3.06799 2.89274 3.24324
113.805 3.09625 2.92267 3.26983
115.499 3.12451 2.95254 3.29649
117.193 3.15278 2.98234 3.32321
118.887 3.18104 3.01209 3.34999
120.581 3.2093 3.04177 3.37683
122.276 3.23756 3.07139 3.40374
123.97 3.26583 3.10094 3.43071
125.664 3.29409 3.13043 3.45775
127.358 3.32235 3.15984 3.48487
129.052 3.35062 3.18918 3.51205
130.747 3.37888 3.21845 3.53931
132.441 3.40714 3.24764 3.56664
134.135 3.4354 3.27676 3.59404
135.829 3.46367 3.30581 3.62153
137.524 3.49193 3.33477 3.64909
139.218 3.52019 3.36366 3.67673
140.912 3.54845 3.39246 3.70445
142.606 3.57672 3.42119 3.73225
144.3 3.60498 3.44983 3.76013
145.995 3.63324 3.4784 3.78809
147.689 3.66151 3.50688 3.81614
149.383 3.68977 3.53527 3.84426
151.077 3.71803 3.56359 3.87247
152.771 3.74629 3.59182 3.90077
154.466 3.77456 3.61997 3.92915
156.16 3.80282 3.64803 3.95761
157.854 3.83108 3.67601 3.98615
159.548 3.85934 3.70391 4.01477
161.243 3.88761 3.73173 4.04348
162.937 3.91587 3.75947 4.07227
164.631 3.94413 3.78713 4.10113
166.325 3.9724 3.81471 4.13008
168.019 4.00066 3.84221 4.15911
169.714 4.02892 3.86963 4.18821
171.408 4.05718 3.89698 4.21738
173.102 4.08545 3.92426 4.24664
174.796 4.11371 3.95146 4.27596
176.49 4.14197 3.97859 4.30536
178.185 4.17023 4.00565 4.33482
179.879 4.1985 4.03264 4.36436
181.573 4.22676 4.05956 4.39396
183.267 4.25502 4.08642 4.42363
184.961 4.28328 4.11321 4.45336
186.656 4.31155 4.13994 4.48315
188.35 4.33981 4.16661 4.51301
190.044 4.36807 4.19323 4.54292
191.738 4.39634 4.21978 4.57289
193.433 4.4246 4.24628 4.60292
195.127 4.45286 4.27273 4.633
196.821 4.48112 4.29912 4.66313
198.515 4.50939 4.32546 4.69331
200.209 4.53765 4.35175 4.72354
201.904 4.56591 4.378 4.75382
203.598 4.59417 4.4042 4.78415
205.292 4.62244 4.43035 4.81452
206.986 4.6507 4.45646 4.84494
208.68 4.67896 4.48253 4.87539
210.375 4.70723 4.50856 4.90589
212.069 4.73549 4.53455 4.93642
213.763 4.76375 4.56051 4.967
215.457 4.79201 4.58642 4.99761
217.152 4.82028 4.6123 5.02825
218.846 4.84854 4.63815 5.05893
220.54 4.8768 4.66396 5.08964
222.234 4.90506 4.68975 5.12038
223.928 4.93333 4.7155 5.15116
225.623 4.96159 4.74122 5.18196
227.317 4.98985 4.76691 5.21279
229.011 5.01812 4.79258 5.24365
230.705 5.04638 4.81822 5.27454
232.399 5.07464 4.84383 5.30545
234.094 5.1029 4.86942 5.33639
235.788 5.13117 4.89498 5.36735
237.482 5.15943 4.92052 5.39833
239.176 5.18769 4.94604 5.42934
240.87 5.21595 4.97154 5.46037
242.565 5.24422 4.99701 5.49142
244.259 5.27248 5.02247 5.52249
245.953 5.30074 5.0479 5.55358
247.647 5.329 5.07332 5.58469
249.342 5.35727 5.09872 5.61581
251.036 5.38553 5.1241 5.64696
252.73 5.41379 5.14947 5.67812
254.424 5.44206 5.17481 5.7093
256.118 5.47032 5.20014 5.74049
257.813 5.49858 5.22546 5.7717
259.507 5.52684 5.25076 5.80293
261.201 5.55511 5.27605 5.83417
262.895 5.58337 5.30132 5.86542
264.589 5.61163 5.32658 5.89669
266.284 5.63989 5.35182 5.92797
267.978 5.66816 5.37705 5.95926
269.672 5.69642 5.40227 5.99057
271.366 5.72468 5.42748 6.02188
273.061 5.75295 5.45268 6.05321
274.755 5.78121 5.47786 6.08455
276.449 5.80947 5.50304 6.1159
278.143 5.83773 5.5282 6.14727
279.837 5.866 5.55335 6.17864
281.532 5.89426 5.5785 6.21002
283.226 5.92252 5.60363 6.24141
284.92 5.95078 5.62875 6.27281
286.614 5.97905 5.65387 6.30422
288.308 6.00731 5.67897 6.33564
290.003 6.03557 5.70407 6.36707
291.697 6.06384 5.72916 6.39851
293.391 6.0921 5.75424 6.42995
295.085 6.12036 5.77931 6.46141
296.78 6.14862 5.80438 6.49287
298.474 6.17689 5.82944 6.52434
300.168 6.20515 5.85449 6.55581
301.862 6.23341 5.87953 6.58729
303.556 6.26167 5.90457 6.61878
305.251 6.28994 5.92959 6.65028
306.945 6.3182 5.95462 6.68178
308.639 6.34646 5.97963 6.71329
310.333 6.37472 6.00464 6.74481
312.027 6.40299 6.02965 6.77633
313.722 6.43125 6.05465 6.80785
315.416 6.45951 6.07964 6.83939
317.11 6.48778 6.10463 6.87092
318.804 6.51604 6.12961 6.90247
320.498 6.5443 6.15458 6.93402
322.193 6.57256 6.17956 6.96557
323.887 6.60083 6.20452 6.99713
325.581 6.62909 6.22948 7.0287
327.275 6.65735 6.25444 7.06026
328.97 6.68561 6.27939 7.09184
330.664 6.71388 6.30434 7.12342
332.358 6.74214 6.32928 7.155
