# τ vs max κ linear regression for data set DA_130514_E4.h5
# Using stimulation: 1, 2, 3, 4, 5
# Best fit: tau = 1.14696 + 0.0163377 kappa_Fura
# Covariance matrix:
# [ +3.40254e-02, -1.76527e-04  
#   -1.76527e-04, +1.12026e-06  ]
# Total sum of squares (TSS) = 269.955
# chisq (Residual sum of squares, RSS) = 31.6874
# Probability of observing a larger of equal RSS per DOF under the null hypothesis: 6.09055e-07
# R squared (1-RSS/TSS) = 0.882619
# Estimated gamma/v with standard error: 61.2079 +/- 3.9653
# Estimates kappa_S with standard error (using error propagation): 69.2028 +/- 12.172
# kappa_S confidence intervals based on parametric bootstrap
# 0.95 CI for kappa_S: [41.9265,102.751]
# 0.99 CI for kappa_S: [34.2483,115.481]


# The data
# κ_Fura  τ   τ_SE
63.092 2.77942 0.170097
136.076 3.02685 0.116119
219.485 4.50159 0.171759
290.244 6.48385 0.320083
326.732 7.25705 0.339601


# The fitted data
# Preticted values with lower and upper bounds of 0.95 CI
# κ_Fura  τ   τ_lwr  τ_upr
-87.5035 -0.282654 -0.814015 0.248706
-85.7812 -0.254516 -0.782459 0.273427
-84.0589 -0.226378 -0.750905 0.29815
-82.3366 -0.198239 -0.719353 0.322874
-80.6143 -0.170101 -0.687804 0.347601
-78.892 -0.141963 -0.656256 0.372331
-77.1697 -0.113825 -0.624711 0.397062
-75.4474 -0.0856863 -0.593168 0.421796
-73.7252 -0.0575481 -0.561628 0.446532
-72.0029 -0.0294098 -0.53009 0.47127
-70.2806 -0.00127148 -0.498554 0.496011
-68.5583 0.0268668 -0.467021 0.520754
-66.836 0.0550051 -0.43549 0.5455
-65.1137 0.0831434 -0.403962 0.570249
-63.3914 0.111282 -0.372436 0.595
-61.6692 0.13942 -0.340913 0.619753
-59.9469 0.167558 -0.309393 0.64451
-58.2246 0.195697 -0.277876 0.669269
-56.5023 0.223835 -0.246362 0.694031
-54.78 0.251973 -0.21485 0.718796
-53.0577 0.280111 -0.183342 0.743564
-51.3354 0.30825 -0.151836 0.768336
-49.6131 0.336388 -0.120334 0.79311
-47.8909 0.364526 -0.0888349 0.817887
-46.1686 0.392665 -0.0573391 0.842668
-44.4463 0.420803 -0.0258466 0.867452
-42.724 0.448941 0.00564251 0.89224
-41.0017 0.477079 0.0371281 0.917031
-39.2794 0.505218 0.0686101 0.941825
-37.5571 0.533356 0.100088 0.966623
-35.8349 0.561494 0.131563 0.991425
-34.1126 0.589633 0.163034 1.01623
-32.3903 0.617771 0.194501 1.04104
-30.668 0.645909 0.225963 1.06585
-28.9457 0.674047 0.257422 1.09067
-27.2234 0.702186 0.288877 1.11549
-25.5011 0.730324 0.320327 1.14032
-23.7788 0.758462 0.351773 1.16515
-22.0566 0.786601 0.383214 1.18999
-20.3343 0.814739 0.414651 1.21483
-18.612 0.842877 0.446082 1.23967
-16.8897 0.871015 0.477509 1.26452
-15.1674 0.899154 0.508931 1.28938
-13.4451 0.927292 0.540348 1.31424
-11.7228 0.95543 0.57176 1.3391
-10.0006 0.983569 0.603166 1.36397
-8.27827 1.01171 0.634567 1.38885
-6.55598 1.03985 0.665962 1.41373
-4.8337 1.06798 0.697351 1.43862
-3.11141 1.09612 0.728734 1.46351
-1.38912 1.12426 0.760111 1.48841
0.333164 1.1524 0.791482 1.51331
2.05545 1.18054 0.822846 1.53823
3.77774 1.20867 0.854204 1.56315
5.50002 1.23681 0.885555 1.58807
7.22231 1.26495 0.916898 1.613
8.9446 1.29309 0.948235 1.63794
10.6669 1.32123 0.979564 1.66289
12.3892 1.34937 1.01089 1.68785
14.1115 1.3775 1.0422 1.71281
15.8337 1.40564 1.0735 1.73778
17.556 1.43378 1.1048 1.76276
19.2783 1.46192 1.13609 1.78775
21.0006 1.49006 1.16737 1.81274
22.7229 1.5182 1.19864 1.83775
24.4452 1.54633 1.2299 1.86277
26.1675 1.57447 1.26115 1.88779
27.8897 1.60261 1.2924 1.91283
29.612 1.63075 1.32363 1.93787
31.3343 1.65889 1.35485 1.96293
33.0566 1.68703 1.38606 1.98799
34.7789 1.71516 1.41726 2.01307
36.5012 1.7433 1.44845 2.03816
38.2235 1.77144 1.47962 2.06326
39.9458 1.79958 1.51079 2.08837
41.668 1.82772 1.54194 2.1135
43.3903 1.85586 1.57308 2.13864
45.1126 1.88399 1.6042 2.16379
46.8349 1.91213 1.63531 2.18895
48.5572 1.94027 1.66641 2.21413
50.2795 1.96841 1.69749 2.23933
52.0018 1.99655 1.72855 2.26454
53.724 2.02469 1.7596 2.28977
55.4463 2.05282 1.79064 2.31501
57.1686 2.08096 1.82165 2.34027
58.8909 2.1091 1.85265 2.36555
60.6132 2.13724 1.88364 2.39084
62.3355 2.16538 1.9146 2.41615
64.0578 2.19351 1.94554 2.44149
65.7801 2.22165 1.97647 2.46684
67.5023 2.24979 2.00737 2.49221
69.2246 2.27793 2.03825 2.51761
70.9469 2.30607 2.06911 2.54303
72.6692 2.33421 2.09995 2.56847
74.3915 2.36234 2.13076 2.59393
76.1138 2.39048 2.16155 2.61942
77.8361 2.41862 2.19231 2.64493
79.5583 2.44676 2.22305 2.67047
81.2806 2.4749 2.25376 2.69604
83.0029 2.50304 2.28444 2.72164
84.7252 2.53117 2.31509 2.74726
86.4475 2.55931 2.34571 2.77291
88.1698 2.58745 2.3763 2.7986
89.8921 2.61559 2.40686 2.82432
91.6144 2.64373 2.43738 2.85007
93.3366 2.67187 2.46787 2.87586
95.0589 2.7 2.49833 2.90168
96.7812 2.72814 2.52875 2.92754
98.5035 2.75628 2.55912 2.95344
100.226 2.78442 2.58946 2.97937
101.948 2.81256 2.61976 3.00535
103.67 2.8407 2.65002 3.03137
105.393 2.86883 2.68023 3.05744
107.115 2.89697 2.71039 3.08355
108.837 2.92511 2.74051 3.10971
110.56 2.95325 2.77058 3.13591
112.282 2.98139 2.80061 3.16217
114.004 3.00953 2.83058 3.18848
115.726 3.03766 2.86049 3.21484
117.449 3.0658 2.89035 3.24125
119.171 3.09394 2.92016 3.26772
120.893 3.12208 2.9499 3.29425
122.616 3.15022 2.97959 3.32084
124.338 3.17835 3.00922 3.34749
126.06 3.20649 3.03878 3.37421
127.782 3.23463 3.06828 3.40098
129.505 3.26277 3.09771 3.42783
131.227 3.29091 3.12708 3.45474
132.949 3.31905 3.15637 3.48172
134.672 3.34718 3.1856 3.50877
136.394 3.37532 3.21475 3.5359
138.116 3.40346 3.24383 3.56309
139.838 3.4316 3.27283 3.59037
141.561 3.45974 3.30176 3.61771
143.283 3.48788 3.33061 3.64514
145.005 3.51601 3.35938 3.67264
146.728 3.54415 3.38808 3.70023
148.45 3.57229 3.41669 3.72789
150.172 3.60043 3.44522 3.75563
151.894 3.62857 3.47368 3.78346
153.617 3.65671 3.50204 3.81137
155.339 3.68484 3.53033 3.83936
157.061 3.71298 3.55854 3.86743
158.784 3.74112 3.58666 3.89558
160.506 3.76926 3.6147 3.92382
162.228 3.7974 3.64265 3.95214
163.95 3.82554 3.67053 3.98054
165.673 3.85367 3.69832 4.00903
167.395 3.88181 3.72603 4.03759
169.117 3.90995 3.75366 4.06624
170.84 3.93809 3.78121 4.09496
172.562 3.96623 3.80869 4.12377
174.284 3.99437 3.83608 4.15265
176.006 4.0225 3.8634 4.18161
177.729 4.05064 3.89064 4.21064
179.451 4.07878 3.91781 4.23975
181.173 4.10692 3.9449 4.26893
182.896 4.13506 3.97193 4.29819
184.618 4.16319 3.99888 4.32751
186.34 4.19133 4.02576 4.3569
188.062 4.21947 4.05258 4.38636
189.785 4.24761 4.07933 4.41589
191.507 4.27575 4.10602 4.44548
193.229 4.30389 4.13265 4.47513
194.952 4.33202 4.15921 4.50484
196.674 4.36016 4.18572 4.53461
198.396 4.3883 4.21217 4.56444
200.118 4.41644 4.23856 4.59432
201.841 4.44458 4.2649 4.62426
203.563 4.47272 4.29118 4.65425
205.285 4.50085 4.31742 4.68429
207.008 4.52899 4.34361 4.71438
208.73 4.55713 4.36974 4.74452
210.452 4.58527 4.39584 4.7747
212.174 4.61341 4.42188 4.80493
213.897 4.64155 4.44789 4.8352
215.619 4.66968 4.47385 4.86552
217.341 4.69782 4.49977 4.89587
219.064 4.72596 4.52565 4.92627
220.786 4.7541 4.5515 4.9567
222.508 4.78224 4.5773 4.98717
224.23 4.81038 4.60308 5.01767
225.953 4.83851 4.62881 5.04821
227.675 4.86665 4.65452 5.07878
229.397 4.89479 4.68019 5.10939
231.12 4.92293 4.70584 5.14002
232.842 4.95107 4.73145 5.17069
234.564 4.97921 4.75703 5.20138
236.286 5.00734 4.78259 5.2321
238.009 5.03548 4.80812 5.26285
239.731 5.06362 4.83362 5.29362
241.453 5.09176 4.8591 5.32442
243.176 5.1199 4.88455 5.35524
244.898 5.14803 4.90998 5.38609
246.62 5.17617 4.93539 5.41695
248.342 5.20431 4.96078 5.44784
250.065 5.23245 4.98614 5.47876
251.787 5.26059 5.01149 5.50969
253.509 5.28873 5.03681 5.54064
255.232 5.31686 5.06212 5.57161
256.954 5.345 5.08741 5.6026
258.676 5.37314 5.11268 5.6336
260.398 5.40128 5.13793 5.66463
262.121 5.42942 5.16317 5.69567
263.843 5.45756 5.18839 5.72673
265.565 5.48569 5.21359 5.7578
267.288 5.51383 5.23878 5.78888
269.01 5.54197 5.26396 5.81999
270.732 5.57011 5.28912 5.8511
272.454 5.59825 5.31426 5.88223
274.177 5.62639 5.3394 5.91338
275.899 5.65452 5.36452 5.94453
277.621 5.68266 5.38962 5.9757
279.344 5.7108 5.41472 6.00688
281.066 5.73894 5.4398 6.03807
282.788 5.76708 5.46488 6.06928
284.51 5.79522 5.48994 6.10049
286.233 5.82335 5.51499 6.13172
287.955 5.85149 5.54003 6.16295
289.677 5.87963 5.56506 6.1942
291.4 5.90777 5.59008 6.22546
293.122 5.93591 5.61509 6.25672
294.844 5.96405 5.6401 6.288
296.566 5.99218 5.66509 6.31928
298.289 6.02032 5.69007 6.35057
300.011 6.04846 5.71505 6.38187
301.733 6.0766 5.74002 6.41318
303.456 6.10474 5.76498 6.4445
305.178 6.13287 5.78993 6.47582
306.9 6.16101 5.81487 6.50715
308.622 6.18915 5.83981 6.53849
310.345 6.21729 5.86474 6.56984
312.067 6.24543 5.88966 6.60119
313.789 6.27357 5.91458 6.63255
315.512 6.3017 5.93949 6.66392
317.234 6.32984 5.96439 6.69529
318.956 6.35798 5.98929 6.72667
320.678 6.38612 6.01418 6.75806
322.401 6.41426 6.03906 6.78945
324.123 6.4424 6.06394 6.82085
325.845 6.47053 6.08882 6.85225
327.568 6.49867 6.11369 6.88366
329.29 6.52681 6.13855 6.91507
331.012 6.55495 6.16341 6.94649
332.734 6.58309 6.18826 6.97792
334.457 6.61123 6.21311 7.00934
336.179 6.63936 6.23795 7.04078
337.901 6.6675 6.26279 7.07222
339.624 6.69564 6.28762 7.10366
341.346 6.72378 6.31245 7.13511
