# Cellular [Fura] for dataset DA_130514_E4.h5

# Loading curve with 138 elements
#    Time   AMPLITUDE
    0.021 3.79531068
   30.021 3.0738763
   60.021 4.02871592
   90.021 4.38872582
  120.021 5.55645931
  150.021 6.07419458
  180.021 4.74802843
  210.021 8.74067263
  240.021 8.82413269
  270.021 9.74714432
  300.021 9.17919157
  330.021 10.7422994
  360.021 12.0642218
  390.021 13.2149804
  420.021 15.4889133
  450.021 17.4891254
  480.021 19.7715458
  510.021 21.3113131
  720.021 38.534498
  750.021 42.2364466
  780.021 42.8043993
  810.021 48.9960038
  840.021 50.1976872
  870.021 54.3056194
  900.021 57.9226934
  930.021 59.8069102
 1110.021 74.9138876
 1140.021 80.3939598
 1170.021 79.7595219
 1200.021 81.8361212
 1230.021 85.4567316
 1260.021 88.3389327
 1290.021 90.5562825
 1320.021 93.0735227
 1350.021 94.2094282
 1500.021 105.140574
 1530.021 109.01793
 1560.021 111.158185
 1590.021 114.239842
 1620.021 114.510026
 1650.021 114.88984
 1680.021 116.819323
 1710.021 123.130459
 1740.021 121.282314
 1920.021 127.587085
 1950.021 128.36581
 1980.021 130.969339
 2010.021 133.300562
 2040.021 132.272165
 2070.021 136.061817
 2100.021 138.031616
 2130.021 138.980797
 2160.021 136.215299
 2370.021 151.047848
 2400.021 153.038158
 2430.021 155.895604
 2460.021 154.167698
 2490.021 158.002617
 2520.021 161.589278
 2550.021 159.968172
 2580.021 163.528663
 2610.021 165.046504
 2640.021 164.435407
 2670.021 165.706404
 2700.021 166.586979
 2730.021 170.917707
 2760.021 171.36825
 2790.021 171.032995
 2820.021 171.061287
 2850.021 171.151819
 2880.021 174.281572
 2910.021 175.346748
 2940.021 176.837713
 2970.021 176.693426
 3000.021 174.521342
 3030.021 179.118011
 3060.021 182.328394
 3090.021 179.782862
 3120.021 180.275135
 3150.021 176.911978
 3180.021 186.756021
 3210.021 182.557556
 3240.021 187.582134
 3270.021 181.393359
 3300.021 182.045479
 3330.021 186.818262
 3360.021 186.881211
 3390.021 184.931216
 3420.021 189.563957
 3450.021 193.671889
 3480.021 188.256887
 3510.021 192.999257
 3540.021 188.986102
 3570.021 183.33911
 3600.021 179.055062
 3630.021 185.088942
 3660.021 182.795205
 3690.021 188.534852
 3720.021 186.528981
 3750.021 190.503236
 3780.021 191.143332
 3810.021 186.589808
 3840.021 185.267886
 3870.021 187.190296
 3900.021 192.151926
 3930.021 195.109807
 3960.021 190.344096
 3990.021 190.527284
 4020.021 187.432896
 4050.021 187.409555
 4080.021 197.913499
 4110.021 189.73795
 4140.021 195.754146
 4170.021 193.009867
 4200.021 192.453938
 4230.021 191.856279
 4260.021 192.83941
 4290.021 188.544046
 4320.021 190.915585
 4350.021 191.14121
 4380.021 192.081904
 4410.021       200
 4440.021 198.519645
 4470.021 192.008346
 4500.021 188.41532
 4530.021 183.700534
 4560.021 185.42066
 4590.021 191.864059
 4620.021 186.652757
 4650.021 190.887294
 4680.021 189.155144
 4710.021 192.316724
 4740.021 190.11352
 4770.021 188.528486
 4800.021 188.116137
 4830.021 185.910811
 4860.021 190.721788
 4890.021 185.860593


# Stim 1 with 200 elements
#    Time   AMPLITUDE
  620.015 34.0297769
  620.115 32.6208579
  620.215 32.530325
  620.315 33.3451215
  620.415 33.5764049
  620.515 32.2898469
  620.615 31.8435478
  620.715 34.321887
  620.815 32.6590515
  620.915 32.7616084
  621.015 33.6966439
  621.115 34.1436503
  621.215 31.8987163
  621.315 33.9533897
  621.415 33.3995827
  621.515 33.2121512
  621.615 32.5911518
  621.715 32.1335361
  621.815 31.0513845
  621.915 31.1504049
  622.015 31.3767373
  622.115 32.1257559
  622.215 30.6779361
  622.315 31.3590551
  622.415 31.586802
  622.515 30.7797857
  622.615 30.986314
  622.715 32.3591612
  622.815 30.5668918
  622.915 31.9156912
  623.015 31.6320685
  623.115 32.5112282
  623.215 31.9142766
  623.315 31.9312515
  623.415 31.6158008
  623.515 32.2488241
  623.615 32.6102486
  623.715 31.7615023
  623.815 32.4327192
  623.915 31.8180854
  624.015 32.3209676
  624.115 31.4269548
  624.215 30.9827775
  624.315 33.1060579
  624.415 33.3748276
  624.515 31.8704247
  624.615 32.309651
  624.715 32.9334795
  624.815 32.0316865
  624.915 32.6951232
  625.015 31.265693
  625.115  32.63076
  625.215 31.596704
  625.315 32.7128055
  625.415 31.2154755
  625.515 32.6201507
  625.615  31.70209
  625.715 31.8895215
  625.815 33.2567104
  625.915 32.4963751
  626.015 32.5373979
  626.115 31.7105775
  626.215 31.6596527
  626.315 32.8224352
  626.415 34.4039325
  626.515 33.5870142
  626.615 32.9646002
  626.715 32.4206953
  626.815 33.5346748
  626.915 33.1166673
  627.015 33.3564381
  627.115 32.4065495
  627.215  32.63076
  627.315 32.8174842
  627.415 32.4907168
  627.515 34.3466421
  627.615 33.9696573
  627.715 31.8449623
  627.815 32.6378329
  627.915 32.567104
  628.015 33.057255
  628.115 32.5112282
  628.215 33.7673728
  628.315 34.5305372
  628.415 33.689571
  628.515 33.5261874
  628.615 33.5827704
  628.715 32.846483
  628.815 34.1238462
  628.915 32.5727623
  629.015 34.0135092
  629.115 32.0620999
  629.215 33.2659052
  629.315 33.4391909
  629.415 33.1378859
  629.515 32.8754818
  629.615 33.4441419
  629.715 33.1329349
  629.815 33.1421296
  629.915 32.3407717
  630.015 32.0267355
  630.115 34.8169891
  630.215 32.3018708
  630.315 33.7178626
  630.415 34.5114404
  630.515 34.3501786
  630.615 33.689571
  630.715 33.9081232
  630.815 33.9074159
  630.915 34.2829862
  631.015 33.2439792
  631.115 35.228631
  631.215 34.0318987
  631.315 33.9413658
  631.415 33.9675355
  631.515 33.437069
  631.615 35.0482724
  631.715 33.473848
  631.815 32.7665594
  631.915 34.307034
  632.015 33.7086678
  632.115 32.2714574
  632.215 33.3705839
  632.315 34.5475121
  632.415 34.3501786
  632.515 33.2446865
  632.615 34.0460445
  632.715 32.9348941
  632.815 32.8797256
  632.915 33.7652509
  633.015 35.0461506
  633.115 35.0602964
  633.215 35.0242246
  633.315 34.4456626
  633.415 33.094034
  633.515 34.3989815
  633.615 34.5425611
  633.715 34.7271634
  633.815 34.338862
  633.915 33.8656859
  634.015 34.353715
  634.115 33.7093751
  634.215 34.865792
  634.315 35.2300456
  634.415 34.7936485
  634.515 34.7901121
  634.615 33.500725
  634.715 34.5086112
  634.815 34.390494
  634.915 33.5290165
  635.015 35.0723203
  635.115 33.9116597
  635.215 34.581462
  635.315 33.9449022
  635.415 34.1033349
  635.515 34.0149238
  635.615 33.6485483
  635.715 33.8614422
  635.815 33.4505075
  635.915 34.3098631
  636.015 34.2299395
  636.115 33.9979489
  636.215 34.5651943
  636.315 33.2984404
  636.415 33.8770025
  636.515 34.7420165
  636.615 34.5956077
  636.715 35.1628532
  636.815 34.5849984
  636.915 35.2413622
  637.015 33.4611168
  637.115 35.5186194
  637.215 34.2999611
  637.315 34.2688404
  637.415 34.5835838
  637.515 33.7786894
  637.615 34.3636171
  637.715 34.2348905
  637.815 33.821834
  637.915 34.6267284
  638.015 34.8474025
  638.115 34.7780882
  638.215 35.429501
  638.315 34.7087739
  638.415 33.9201471
  638.515 33.4024119
  638.615 34.8198182
  638.715 34.7618206
  638.815 35.5094246
  638.915 35.0383704
  639.015 35.9698695
  639.115 35.8220462
  639.215 33.7857623
  639.315 34.0212894
  639.415 34.1309191
  639.515 35.5709587
  639.615 34.0113873
  639.715 35.4655727
  639.815 33.706546
  639.915 35.4761821


# Stim 2 with 200 elements
#    Time   AMPLITUDE
 1010.015 69.3998656
 1010.115 71.5719489
 1010.215 69.5597128
 1010.315 71.3067157
 1010.415 69.773314
 1010.515 70.7670545
 1010.615 69.2824557
 1010.715 71.6101425
 1010.815 68.7371362
 1010.915 72.076953
 1011.015 68.9542738
 1011.115 71.7678679
 1011.215 70.6086218
 1011.315 71.4531244
 1011.415 71.8336457
 1011.515   69.3935
 1011.615 71.0400679
 1011.715 69.2916505
 1011.815 67.1577607
 1011.915 66.5593946
 1012.015 67.2497082
 1012.115 67.4887718
 1012.215 67.5078686
 1012.315 67.7617852
 1012.415 65.9850762
 1012.515 67.6818616
 1012.615 67.2709269
 1012.715 67.7476394
 1012.815 67.8303922
 1012.915 67.2454645
 1013.015 69.2980161
 1013.115 68.7795735
 1013.215 68.0623829
 1013.315 68.5051455
 1013.415 64.8923153
 1013.515 64.9644587
 1013.615 69.5137391
 1013.715 66.6562931
 1013.815 67.9824592
 1013.915 66.5636383
 1014.015 67.2129292
 1014.115 68.0984546
 1014.215 66.864236
 1014.315 66.4144004
 1014.415 68.7470382
 1014.515 67.6825689
 1014.615 66.4815928
 1014.715 67.9428511
 1014.815 68.8283764
 1014.915 67.6295222
 1015.015 67.7617852
 1015.115 68.2116208
 1015.215 68.7654277
 1015.315 68.8672773
 1015.415 68.6310429
 1015.515 68.8000849
 1015.615 68.925275
 1015.715 68.160696
 1015.815 67.8615129
 1015.915 68.976907
 1016.015 67.9386073
 1016.115 67.7624925
 1016.215 68.2547654
 1016.315 67.2256604
 1016.415 68.9174948
 1016.515 69.4882767
 1016.615 68.8142306
 1016.715 68.2717403
 1016.815 68.5376808
 1016.915 69.0094423
 1017.015 69.815044
 1017.115 69.9366977
 1017.215 70.0067192
 1017.315 69.4783747
 1017.415 69.4005729
 1017.515 69.4415956
 1017.615 70.6906673
 1017.715 68.4436114
 1017.815 68.023482
 1017.915 68.6402376
 1018.015 69.3291368
 1018.115 68.4952435
 1018.215 68.0567245
 1018.315 68.2880079
 1018.415 67.5955724
 1018.515 67.9838738
 1018.615 66.837359
 1018.715 69.2187997
 1018.815 69.3942073
 1018.915 67.8629275
 1019.015 68.197475
 1019.115 70.4381653
 1019.215 69.2803338
 1019.315 68.0715776
 1019.415 69.2937723
 1019.515 70.6694487
 1019.615 70.991265
 1019.715   69.1509
 1019.815 69.0398557
 1019.915 69.0688545
 1020.015 70.8101991
 1020.115 68.9606394
 1020.215 70.7232026
 1020.315 68.0744068
 1020.415 68.9931747
 1020.515 68.1161368
 1020.615 69.667928
 1020.715 71.3972486
 1020.815 68.0956254
 1020.915 69.2534569
 1021.015 69.4592779
 1021.115 68.2816423
 1021.215 69.7400714
 1021.315 71.9538848
 1021.415 71.8081833
 1021.515 68.7286487
 1021.615 69.1431199
 1021.715 70.3264137
 1021.815 69.4069385
 1021.915 69.503837
 1022.015 69.6177105
 1022.115 67.2659759
 1022.215 67.406019
 1022.315 69.8171659
 1022.415 70.4565548
 1022.515 69.7082434
 1022.615 70.4996994
 1022.715 70.3186335
 1022.815 68.962054
 1022.915 70.3143898
 1023.015 70.327121
 1023.115 68.8814231
 1023.215 69.7407787
 1023.315 71.4686848
 1023.415 70.6220603
 1023.515 70.2401245
 1023.615 70.8144428
 1023.715 70.4028009
 1023.815 68.9182021
 1023.915 70.3257064
 1024.015 69.3652085
 1024.115 71.4538317
 1024.215 70.116349
 1024.315 69.5611274
 1024.415 70.1142271
 1024.515 70.3978498
 1024.615 70.5407221
 1024.715 70.9884358
 1024.815 71.096651
 1024.915 71.6426778
 1025.015 70.6446936
 1025.115 70.0371327
 1025.215 70.8618312
 1025.315 71.0832125
 1025.415 69.7598755
 1025.515 71.1610143
 1025.615 69.9416487
 1025.715 68.9189094
 1025.815 70.2118329
 1025.915 71.2826679
 1026.015 71.0273367
 1026.115 71.4297839
 1026.215 71.7615023
 1026.315 71.523146
 1026.415 70.4848463
 1026.515 72.2070941
 1026.615 70.7415921
 1026.715 71.001167
 1026.815 71.9022527
 1026.915 70.8193939
 1027.015 70.2408318
 1027.115 71.1680871
 1027.215 71.8633518
 1027.315 71.5620469
 1027.415 71.4771723
 1027.515 71.682286
 1027.615 71.0089472
 1027.715 69.942356
 1027.815 70.8363688
 1027.915 71.8131343
 1028.015 70.6312551
 1028.115 71.2274994
 1028.215 69.5010079
 1028.315 69.6827811
 1028.415 71.4849524
 1028.515 69.4217916
 1028.615 69.7223892
 1028.715 70.4084592
 1028.815 71.5125367
 1028.915 70.753616
 1029.015 69.6757082
 1029.115 69.219507
 1029.215 72.8174842
 1029.315 69.7202674
 1029.415 70.4183612
 1029.515 68.9726633
 1029.615 70.1439332
 1029.715 72.5197157
 1029.815 70.0717898
 1029.915 69.5278849


# Stim 3 with 200 elements
#    Time   AMPLITUDE
 1430.015 102.391343
 1430.115 101.538353
 1430.215 103.553418
 1430.315 101.901899
 1430.415 102.796619
 1430.515 103.146727
 1430.615 103.29455
 1430.715  102.9791
 1430.815 102.411854
 1430.915 103.02861
 1431.015 102.680624
 1431.115 102.120451
 1431.215  101.4556
 1431.315 102.510167
 1431.415 101.78166
 1431.515 104.177247
 1431.615 101.466917
 1431.715 100.630194
 1431.815 100.287159
 1431.915 97.7048485
 1432.015 98.3817237
 1432.115 98.3732362
 1432.215 95.7965838
 1432.315 97.1581144
 1432.415 97.3759593
 1432.515 100.485907
 1432.615 97.9064257
 1432.715 100.933621
 1432.815 100.823991
 1432.915 100.480249
 1433.015 100.072143
 1433.115 99.056477
 1433.215 98.7629522
 1433.315 99.2332991
 1433.415 99.7100117
 1433.515 100.933621
 1433.615 102.003749
 1433.715 99.7899353
 1433.815 99.5119709
 1433.915 99.8500548
 1434.015 99.1696432
 1434.115 99.8797609
 1434.215 101.879266
 1434.315 101.821268
 1434.415 100.150652
 1434.515 102.197546
 1434.615 101.196732
 1434.715 100.713654
 1434.815 101.041836
 1434.915 101.637373
 1435.015 102.351027
 1435.115 102.116915
 1435.215 100.163384
 1435.315 100.843088
 1435.415 100.214308
 1435.515 102.003041
 1435.615 100.891184
 1435.715 101.100541
 1435.815 100.279379
 1435.915 101.140149
 1436.015 103.187042
 1436.115 101.517134
 1436.215 102.419634
 1436.315 100.476005
 1436.415 103.255649
 1436.515 103.095095
 1436.615 102.527849
 1436.715 102.518655
 1436.815 102.783181
 1436.915 100.163384
 1437.015 103.561198
 1437.115 103.851894
 1437.215 101.874315
 1437.315 104.580401
 1437.415 102.026382
 1437.515 101.565937
 1437.615 104.285462
 1437.715 103.098631
 1437.815 103.635463
 1437.915 102.121159
 1438.015 100.823284
 1438.115 100.606854
 1438.215 105.469463
 1438.315 103.167946
 1438.415 101.860169
 1438.515 102.454999
 1438.615 103.293843
 1438.715 103.546345
 1438.815 102.357393
 1438.915 103.249991
 1439.015 102.213813
 1439.115 100.930085
 1439.215 104.982848
 1439.315 101.633129
 1439.415 101.088517
 1439.515  103.5032
 1439.615 103.637585
 1439.715 101.597058
 1439.815 102.479047
 1439.915 100.749019
 1440.015 104.007497
 1440.115 104.279096
 1440.215 104.419847
 1440.315 101.725784
 1440.415 102.109842
 1440.515 104.533013
 1440.615 104.342045
 1440.715 102.879372
 1440.815 105.015384
 1440.915 103.83987
 1441.015 104.679421
 1441.115 102.566043
 1441.215 104.388019
 1441.315 102.692648
 1441.415 105.627895
 1441.515 104.588888
 1441.615 102.798034
 1441.715 106.217067
 1441.815 105.169572
 1441.915 103.419033
 1442.015 104.784807
 1442.115 103.471372
 1442.215 104.919192
 1442.315 103.494713
 1442.415 104.767833
 1442.515 104.315168
 1442.615 105.166743
 1442.715 103.829968
 1442.815 104.049227
 1442.915 103.996888
 1443.015 106.22414
 1443.115 103.926866
 1443.215 104.449553
 1443.315 102.551897
 1443.415 104.269901
 1443.515 106.362061
 1443.615 104.588181
 1443.715 103.594441
 1443.815 103.991937
 1443.915 106.965378
 1444.015 103.943134
 1444.115 104.950313
 1444.215 103.599392
 1444.315 105.492803
 1444.415 103.86321
 1444.515 103.91555
 1444.615 104.97719
 1444.715 103.619903
 1444.815 102.912614
 1444.915 104.132687
 1445.015 105.639919
 1445.115 105.593238
 1445.215 103.032854
 1445.315 103.497542
 1445.415 104.393677
 1445.515 105.298299
 1445.615 104.584645
 1445.715 104.007497
 1445.815 106.588393
 1445.915 104.121371
 1446.015 105.765109
 1446.115 105.202815
 1446.215 105.604555
 1446.315 107.286487
 1446.415 104.930509
 1446.515 103.772677
 1446.615 103.06256
 1446.715 103.964353
 1446.815 105.372564
 1446.915 105.736111
 1447.015 105.191498
 1447.115 104.490575
 1447.215 103.870991
 1447.315 107.589207
 1447.415 106.256675
 1447.515 105.634261
 1447.615 107.220709
 1447.715 104.690738
 1447.815 103.488347
 1447.915 104.242317
 1448.015 103.240796
 1448.115 105.992856
 1448.215 104.068324
 1448.315 105.430562
 1448.415 105.29547
 1448.515 106.262333
 1448.615 104.018814
 1448.715 105.214132
 1448.815 105.192913
 1448.915 103.978498
 1449.015 105.588287
 1449.115 103.602928
 1449.215 104.645472
 1449.315 105.536655
 1449.415 104.721151
 1449.515 104.910705
 1449.615 104.701347
 1449.715 103.924744
 1449.815 104.714079
 1449.915 104.989921


# Stim 4 with 200 elements
#    Time   AMPLITUDE
 1850.015 127.775931
 1850.115 126.059342
 1850.215 126.052269
 1850.315 127.734908
 1850.415 126.954769
 1850.515 129.725926
 1850.615 128.754818
 1850.715 128.299325
 1850.815  126.4144
 1850.915 130.06118
 1851.015 125.690137
 1851.115 127.793613
 1851.215 127.576476
 1851.315 128.310641
 1851.415 129.41189
 1851.515 128.803621
 1851.615 126.560102
 1851.715 124.953142
 1851.815 123.536443
 1851.915 122.426707
 1852.015 124.187149
 1852.115 123.343353
 1852.215 123.134703
 1852.315 122.043357
 1852.415 121.118931
 1852.515 121.999505
 1852.615 123.858259
 1852.715 125.23535
 1852.815 123.913428
 1852.915 120.181773
 1853.015 124.169466
 1853.115 124.238073
 1853.215 123.514517
 1853.315 123.605757
 1853.415 123.754995
 1853.515 124.354776
 1853.615 124.146833
 1853.715 124.568377
 1853.815 122.343247
 1853.915 123.560491
 1854.015 125.183718
 1854.115 125.246667
 1854.215 126.016904
 1854.315 126.211409
 1854.415 123.100753
 1854.515 125.372564
 1854.615 122.550483
 1854.715 123.368816
 1854.815 124.361849
 1854.915 123.310818
 1855.015 122.288079
 1855.115 123.148849
 1855.215 124.688616
 1855.315 126.198677
 1855.415 122.744987
 1855.515 125.466634
 1855.615 124.173003
 1855.715 127.425823
 1855.815 125.667504
 1855.915 125.949004
 1856.015 126.711462
 1856.115 125.722672
 1856.215 124.994872
 1856.315 126.561516
 1856.415 124.999823
 1856.515 129.365916
 1856.615 124.59384
 1856.715 126.077024
 1856.815  123.2606
 1856.915 126.465325
 1857.015 126.503519
 1857.115 125.790572
 1857.215 123.607879
 1857.315 125.441171
 1857.415 127.166955
 1857.515 127.013474
 1857.615 124.797539
 1857.715 126.845846
 1857.815 125.279909
 1857.915 123.562613
 1858.015  125.6866
 1858.115 125.275666
 1858.215 124.294656
 1858.315 125.542314
 1858.415 126.960427
 1858.515 125.690137
 1858.615 125.006896
 1858.715 125.457439
 1858.815 127.629522
 1858.915 124.800368
 1859.015 123.403473
 1859.115 126.193019
 1859.215 127.257488
 1859.315 124.028009
 1859.415 125.719843
 1859.515 126.475935
 1859.615 125.832302
 1859.715 125.113697
 1859.815 125.317396
 1859.915 124.622838
 1860.015 124.772784
 1860.115 123.310111
 1860.215 124.621424
 1860.315 126.067122
 1860.415 125.225448
 1860.515 124.965873
 1860.615 126.026806
 1860.715 126.562931
 1860.815 125.622237
 1860.915 126.018319
 1861.015 124.897266
 1861.115 126.444814
 1861.215 124.279803
 1861.315 125.231107
 1861.415 126.435619
 1861.515 125.570605
 1861.615 126.466032
 1861.715 124.789758
 1861.815 124.953849
 1861.915 123.951621
 1862.015 126.299112
 1862.115 126.233335
 1862.215 122.942321
 1862.315 125.282031
 1862.415 125.593946
 1862.515 125.734696
 1862.615 127.322559
 1862.715 125.26152
 1862.815 125.614457
 1862.915 124.33285
 1863.015 126.166849
 1863.115 125.565654
 1863.215 127.59628
 1863.315 127.037522
 1863.415 128.836864
 1863.515 127.235562
 1863.615 126.792093
 1863.715 127.927998
 1863.815 124.649715
 1863.915 127.555964
 1864.015 126.465325
 1864.115 126.777239
 1864.215 125.572727
 1864.315 126.957598
 1864.415 127.206564
 1864.515 125.893129
 1864.615 125.557167
 1864.715 127.852318
 1864.815 127.616084
 1864.915 126.210701
 1865.015 125.63709
 1865.115 127.745518
 1865.215 129.567493
 1865.315 126.557273
 1865.415 125.044382
 1865.515 128.820596
 1865.615 127.705909
 1865.715 126.34155
 1865.815 127.483113
 1865.915 124.214026
 1866.015 125.730452
 1866.115 125.640627
 1866.215 126.387523
 1866.315  127.1033
 1866.415 124.314461
 1866.515 125.579093
 1866.615 124.43187
 1866.715 125.366906
 1866.815 129.269725
 1866.915 127.297097
 1867.015 125.165329
 1867.115 125.155427
 1867.215 128.754111
 1867.315 126.347208
 1867.415 127.836758
 1867.515 127.008523
 1867.615 127.995898
 1867.715 125.825229
 1867.815 127.252537
 1867.915 125.934859
 1868.015 126.804116
 1868.115 125.341444
 1868.215 126.582735
 1868.315 124.878877
 1868.415 127.205149
 1868.515 123.433886
 1868.615 126.615978
 1868.715 127.000743
 1868.815 126.864943
 1868.915 127.295682
 1869.015 125.427733
 1869.115 126.347208
 1869.215 128.227888
 1869.315 125.975881
 1869.415 124.524525
 1869.515 126.502104
 1869.615 124.848463
 1869.715 125.400856
 1869.815 124.227464
 1869.915 126.302649


# Stim 5 with 200 elements
#    Time   AMPLITUDE
 2270.015 148.170598
 2270.115 148.838278
 2270.215 149.892846
 2270.315 147.560208
 2270.415 147.756834
 2270.515 147.717226
 2270.615 147.967606
 2270.715 148.049652
 2270.815 147.696715
 2270.915 148.660042
 2271.015 147.850196
 2271.115 147.519185
 2271.215 148.471196
 2271.315 148.896276
 2271.415 148.819889
 2271.515 148.627506
 2271.615 146.206458
 2271.715 148.148672
 2271.815 145.212717
 2271.915 144.799661
 2272.015 145.49634
 2272.115 145.616579
 2272.215 144.173003
 2272.315 146.427839
 2272.415 143.590904
 2272.515 145.787035
 2272.615 143.124094
 2272.715 145.743184
 2272.815 145.592531
 2272.915 144.272023
 2273.015 143.829261
 2273.115 141.475404
 2273.215 145.938395
 2273.315 144.793295
 2273.415 143.602221
 2273.515 143.968596
 2273.615 141.568059
 2273.715 142.640308
 2273.815 145.477243
 2273.915 144.475015
 2274.015 146.278601
 2274.115 143.810871
 2274.215 146.746119
 2274.315 146.00488
 2274.415 145.146939
 2274.515 144.290413
 2274.615 143.315062
 2274.715 144.948191
 2274.815 146.782898
 2274.915 145.221205
 2275.015 146.183117
 2275.115 144.968702
 2275.215 144.811684
 2275.315 145.389539
 2275.415 145.84857
 2275.515 146.002758
 2275.615 145.607384
 2275.715 144.918485
 2275.815 147.614669
 2275.915 146.835944
 2276.015 145.397319
 2276.115 146.883333
 2276.215 146.00488
 2276.315 145.370442
 2276.415 144.547866
 2276.515 146.376914
 2276.615 143.801676
 2276.715 144.810977
 2276.815 143.924744
 2276.915 144.516745
 2277.015 146.069951
 2277.115 147.756127
 2277.215 146.62588
 2277.315 145.275666
 2277.415 146.19797
 2277.515 146.115217
 2277.615 145.582629
 2277.715 146.552322
 2277.815 146.49786
 2277.915 146.383987
 2278.015 145.351346
 2278.115 144.463698
 2278.215 145.852106
 2278.315 144.97719
 2278.415 146.711462
 2278.515 147.895463
 2278.615 147.108251
 2278.715 146.971037
 2278.815 146.211409
 2278.915 144.861902
 2279.015 145.965979
 2279.115 145.006896
 2279.215 145.632846
 2279.315 147.22849
 2279.415 145.671747
 2279.515 145.898787
 2279.615 146.831701
 2279.715 146.011953
 2279.815  146.7928
 2279.915 145.799059
 2280.015 145.476536
 2280.115 145.828765
 2280.215 145.89808
 2280.315 145.480072
 2280.415 144.475015
 2280.515 146.603246
 2280.615 145.770768
 2280.715 147.952046
 2280.815 145.593238
 2280.915 146.582028
 2281.015 145.224034
 2281.115 145.85635
 2281.215 147.555257
 2281.315 147.646497
 2281.415 145.126428
 2281.515 146.186653
 2281.615 148.640945
 2281.715 144.381653
 2281.815 147.399653
 2281.915 143.967182
 2282.015 145.756622
 2282.115 147.171906
 2282.215 145.681649
 2282.315 146.086218
 2282.415 146.499982
 2282.515 147.993069
 2282.615 145.354175
 2282.715 143.107119
 2282.815 147.331046
 2282.915 145.039431
 2283.015 145.682357
 2283.115 142.198253
 2283.215 143.851894
 2283.315 144.043569
 2283.415 145.061357
 2283.515 145.842911
 2283.615 146.821091
 2283.715 146.989426
 2283.815 145.262227
 2283.915 146.101779
 2284.015 147.176858
 2284.115 144.76854
 2284.215 148.232839
 2284.315 146.700145
 2284.415 147.024083
 2284.515 146.149167
 2284.615 144.936874
 2284.715 148.375004
 2284.815 145.289812
 2284.915 145.016091
 2285.015 144.752979
 2285.115 145.777841
 2285.215 148.007214
 2285.315 144.883121
 2285.415 144.902217
 2285.515 146.343672
 2285.615 144.76076
 2285.715 145.536655
 2285.815 147.179687
 2285.915 147.203734
 2286.015 145.806132
 2286.115 145.289812
 2286.215 145.91364
 2286.315 146.619514
 2286.415 147.14503
 2286.515 146.571418
 2286.615 145.281324
 2286.715  146.3755
 2286.815 146.937794
 2286.915 148.128868
 2287.015 145.186547
 2287.115 146.063585
 2287.215 146.772288
 2287.315 145.935566
 2287.415 147.500796
 2287.515 146.076316
 2287.615 147.879195
 2287.715 145.203522
 2287.815 145.345687
 2287.915 147.461188
 2288.015 148.191109
 2288.115 145.628603
 2288.215 146.864236
 2288.315 147.704495
 2288.415 148.59002
 2288.515 147.77098
 2288.615 148.958518
 2288.715 145.939102
 2288.815 145.324469
 2288.915 148.738551
 2289.015 150.185663
 2289.115 147.849489
 2289.215 147.449164
 2289.315 147.064399
 2289.415 147.639424
 2289.515 147.355802
 2289.615 146.137143
 2289.715 148.552534
 2289.815 148.041871
 2289.915 149.034197


