# Data from DA_130606_E1.h5 stim 4
# Ratiometric estimator mono-exponential fit
# Fitted model Ca = baseline+delta*exp(-(t-t0)/tau)
# nobs = 136
# number of degrees of freedom = 133
# baseline length = 7
# fit started from point 71
# estimated baseline 0.0872709 and standard error 0.000686524
# estimated delta 0.032078 and standard error 0.000858267
# estimated tau 5.1089 and standard error 0.344024
# residual sum of squares: 161.966
# RSS per degree of freedom: 1.21779
# Probability of observing a larger of equal RSS per DOF under the null hypothesis: 0.0444193

# rss per degree of freedom: 1.21779

# Time    Ca  Prediction  Residual
1976.02 0.0911324 0.0872709 1.62448
1976.12 0.0912799 0.0872709 1.68397
1976.21 0.0899995 0.0872709 1.15805
1976.31 0.0900902 0.0872709 1.18867
1976.41 0.0902023 0.0872709 1.24453
1976.51 0.0893225 0.0872709 0.875722
1976.61 0.092079 0.0872709 2.02078

1983.11 0.115803 0.119349 -1.24591
1983.21 0.120793 0.118727 0.704031
1983.31 0.11536 0.118117 -0.977657
1983.41 0.120472 0.11752 1.00126
1983.51 0.123647 0.116933 2.32547
1983.61 0.115065 0.116358 -0.462464
1983.71 0.115146 0.115794 -0.23245
1983.81 0.11578 0.115242 0.192793
1983.91 0.114896 0.114699 0.0701289
1984.01 0.110734 0.114168 -1.255
1984.11 0.115347 0.113646 0.600217
1984.21 0.117355 0.113135 1.47695
1984.31 0.110151 0.112634 -0.914693
1984.41 0.109117 0.112142 -1.12723
1984.51 0.111525 0.11166 -0.0490567
1984.61 0.111959 0.111187 0.280962
1984.71 0.105943 0.110724 -1.81213
1984.81 0.108974 0.110269 -0.478973
1984.91 0.106349 0.109823 -1.29755
1985.01 0.102427 0.109386 -2.69402
1985.11 0.106827 0.108958 -0.811441
1985.21 0.109318 0.108537 0.288511
1985.31 0.111218 0.108125 1.13828
1985.41 0.106875 0.107721 -0.324533
1985.51 0.110502 0.107324 1.15674
1985.61 0.107622 0.106936 0.261141
1985.71 0.103568 0.106555 -1.14113
1985.81 0.107373 0.106181 0.449668
1985.91 0.102432 0.105814 -1.30873
1986.01 0.108335 0.105455 1.08169
1986.11 0.10312 0.105102 -0.771516
1986.21 0.107748 0.104757 1.12684
1986.31 0.104438 0.104418 0.00796829
1986.41 0.10527 0.104085 0.450004
1986.51 0.104631 0.103759 0.333819
1986.61 0.103728 0.10344 0.110815
1986.71 0.104066 0.103126 0.358879
1986.81 0.105838 0.102819 1.15772
1986.91 0.10423 0.102518 0.651709
1987.01 0.102287 0.102222 0.0252282
1987.11 0.101797 0.101932 -0.0533028
1987.21 0.0988436 0.101648 -1.08887
1987.31 0.104859 0.10137 1.33491
1987.41 0.102636 0.101096 0.598056
1987.51 0.101293 0.100828 0.182048
1987.61 0.100574 0.100566 0.0035081
1987.71 0.100208 0.100308 -0.0392998
1987.81 0.0997551 0.100055 -0.119158
1987.91 0.101965 0.0998073 0.840347
1988.01 0.0980956 0.0995643 -0.592797
1988.11 0.100848 0.099326 0.590913
1988.21 0.0966223 0.0990924 -0.993325
1988.31 0.0991293 0.0988632 0.106308
1988.41 0.0989376 0.0986385 0.120649
1988.51 0.0953962 0.0984182 -1.22357
1988.61 0.101277 0.0982021 1.1915
1988.71 0.102029 0.0979902 1.58061
1988.81 0.0999307 0.0977825 0.848739
1988.91 0.0980026 0.0975787 0.171625
1989.01 0.099567 0.0973789 0.856827
1989.11 0.0971843 0.097183 0.000539321
1989.21 0.0941889 0.0969909 -1.14166
1989.31 0.100503 0.0968025 1.43926
1989.41 0.0984171 0.0966177 0.706033
1989.51 0.0989742 0.0964365 1.00863
1989.61 0.0934875 0.0962589 -1.14816
1989.71 0.0974071 0.0960847 0.536072
1989.81 0.0955098 0.0959138 -0.166698
1989.91 0.0936226 0.0957463 -0.875261
1990.01 0.09985 0.095582 1.70291
1990.11 0.0993328 0.0954209 1.55626
1990.21 0.0952345 0.0952629 -0.0116493
1990.31 0.0947446 0.095108 -0.151075
1990.41 0.0974796 0.0949561 1.0233
1990.51 0.0992681 0.0948072 1.78278
1990.61 0.0970721 0.0946611 0.964214
1990.71 0.0952448 0.0945178 0.298397
1990.81 0.0975128 0.0943774 1.26368
1990.91 0.0938369 0.0942396 -0.162029
1991.01 0.100992 0.0941045 2.69517
1991.11 0.0956347 0.0939721 0.676848
1991.21 0.0928585 0.0938422 -0.414394
1991.31 0.0941326 0.0937148 0.173529
1991.41 0.0966902 0.0935899 1.26201
1991.51 0.094517 0.0934674 0.440324
1991.61 0.0928861 0.0933473 -0.191943
1991.71 0.0979553 0.0932295 1.9373
1991.81 0.093861 0.093114 0.304318
1991.91 0.0933095 0.0930008 0.127656
1992.01 0.0953711 0.0928897 1.00616
1992.11 0.0957711 0.0927808 1.23251
1992.21 0.0920623 0.092674 -0.2578
1992.31 0.0933736 0.0925693 0.333503
1992.41 0.0927063 0.0924666 0.100004
1992.51 0.0964431 0.0923659 1.63718
1992.61 0.0897533 0.0922671 -1.07757
1992.71 0.0895913 0.0921703 -1.09477
1992.81 0.0929184 0.0920753 0.35045
1992.91 0.0910602 0.0919822 -0.387629
1993.01 0.0877448 0.0918909 -1.77997
1993.11 0.0911434 0.0918013 -0.275591
1993.21 0.0904672 0.0917135 -0.526939
1993.31 0.0874402 0.0916274 -1.80613
1993.41 0.0876543 0.0915429 -1.66919
1993.51 0.0866299 0.0914601 -2.09629
1993.61 0.0923137 0.0913789 0.388706
1993.71 0.091348 0.0912993 0.0206651
1993.81 0.0884947 0.0912212 -1.17097
1993.91 0.0904931 0.0911447 -0.276011
1994.01 0.0927253 0.0910696 0.691754
1994.11 0.0897797 0.0909959 -0.521968
1994.21 0.0933968 0.0909237 1.02953
1994.31 0.0861984 0.0908529 -2.01653
1994.41 0.0889883 0.0907835 -0.771569
1994.51 0.0909453 0.0907154 0.0971703
1994.61 0.085977 0.0906487 -2.04161
1994.71 0.0906613 0.0905832 0.0333564
1994.81 0.0898162 0.090519 -0.300583
1994.91 0.0913881 0.090456 0.39783
1995.01 0.0859377 0.0903943 -1.91943
1995.11 0.0859035 0.0903337 -1.92317
1995.21 0.0890455 0.0902744 -0.523287
1995.31 0.0836378 0.0902162 -2.86084
1995.41 0.088027 0.0901591 -0.92413
1995.51 0.087255 0.0901031 -1.23375
1995.61 0.0880403 0.0900482 -0.856345
1995.71 0.0852866 0.0899944 -2.073
1995.81 0.0874767 0.0899416 -1.06429
1995.91 0.0864896 0.0898898 -1.46603
