# τ vs max κ linear regression for data set DA_130606_E1.h5
# Using stimulation: 1, 2, 3, 4
# Best fit: tau = 1.2809 + 0.0145922 kappa_Fura
# Covariance matrix:
# [ +5.37362e-02, -3.21525e-04  
#   -3.21525e-04, +2.43147e-06  ]
# Total sum of squares (TSS) = 90.0205
# chisq (Residual sum of squares, RSS) = 2.44748
# Probability of observing a larger of equal RSS per DOF under the null hypothesis: 0.294128
# R squared (1-RSS/TSS) = 0.972812
# Estimated gamma/v with standard error: 68.5299 +/- 7.32311
# Estimates kappa_S with standard error (using error propagation): 86.7802 +/- 18.4486
# kappa_S confidence intervals based on parametric bootstrap
# 0.95 CI for kappa_S: [46.3331,145.345]
# 0.99 CI for kappa_S: [36.0234,171.098]


# The data
# κ_Fura  τ   τ_SE
80.6392 2.39126 0.13972
162.19 3.90407 0.22046
216.492 4.52266 0.335543
283.524 5.1089 0.344024


# The fitted data
# Preticted values with lower and upper bounds of 0.95 CI
# κ_Fura  τ   τ_lwr  τ_upr
-109.475 -0.316578 -1.08392 0.450769
-107.847 -0.292811 -1.05537 0.469745
-106.218 -0.269045 -1.02681 0.488723
-104.589 -0.245279 -0.99826 0.507703
-102.96 -0.221513 -0.969711 0.526685
-101.332 -0.197746 -0.941163 0.545671
-99.703 -0.17398 -0.912619 0.564659
-98.0743 -0.150214 -0.884077 0.583649
-96.4456 -0.126448 -0.855538 0.602642
-94.8169 -0.102681 -0.827001 0.621638
-93.1882 -0.0789151 -0.798467 0.640637
-91.5595 -0.0551488 -0.769936 0.659639
-89.9308 -0.0313825 -0.741408 0.678643
-88.3021 -0.00761629 -0.712883 0.697651
-86.6734 0.01615 -0.684362 0.716662
-85.0447 0.0399162 -0.655843 0.735675
-83.416 0.0636825 -0.627327 0.754692
-81.7873 0.0874487 -0.598815 0.773712
-80.1586 0.111215 -0.570306 0.792736
-78.5299 0.134981 -0.5418 0.811762
-76.9012 0.158748 -0.513298 0.830793
-75.2725 0.182514 -0.484799 0.849826
-73.6438 0.20628 -0.456304 0.868864
-72.0151 0.230046 -0.427812 0.887905
-70.3864 0.253813 -0.399325 0.90695
-68.7577 0.277579 -0.370841 0.925998
-67.129 0.301345 -0.342361 0.945051
-65.5003 0.325111 -0.313885 0.964107
-63.8716 0.348878 -0.285413 0.983168
-62.2429 0.372644 -0.256945 1.00223
-60.6142 0.39641 -0.228482 1.0213
-58.9855 0.420176 -0.200023 1.04038
-57.3568 0.443943 -0.171568 1.05945
-55.7281 0.467709 -0.143118 1.07854
-54.0994 0.491475 -0.114673 1.09762
-52.4707 0.515241 -0.0862323 1.11671
-50.842 0.539008 -0.0577967 1.13581
-49.2133 0.562774 -0.0293661 1.15491
-47.5846 0.58654 -0.000940656 1.17402
-45.9559 0.610306 0.0274795 1.19313
-44.3272 0.634073 0.0558943 1.21225
-42.6985 0.657839 0.0843035 1.23137
-41.0698 0.681605 0.112707 1.2505
-39.4411 0.705371 0.141105 1.26964
-37.8124 0.729138 0.169497 1.28878
-36.1837 0.752904 0.197882 1.30793
-34.555 0.77667 0.226262 1.32708
-32.9263 0.800436 0.254635 1.34624
-31.2976 0.824203 0.283002 1.3654
-29.6689 0.847969 0.311361 1.38458
-28.0402 0.871735 0.339714 1.40376
-26.4115 0.895501 0.36806 1.42294
-24.7828 0.919268 0.396399 1.44214
-23.1541 0.943034 0.42473 1.46134
-21.5254 0.9668 0.453053 1.48055
-19.8967 0.990566 0.481368 1.49976
-18.268 1.01433 0.509676 1.51899
-16.6393 1.0381 0.537975 1.53822
-15.0106 1.06187 0.566265 1.55747
-13.3819 1.08563 0.594547 1.57672
-11.7532 1.1094 0.62282 1.59598
-10.1245 1.13316 0.651083 1.61524
-8.49582 1.15693 0.679337 1.63452
-6.86712 1.1807 0.707582 1.65381
-5.23842 1.20446 0.735816 1.67311
-3.60972 1.22823 0.764039 1.69242
-1.98102 1.252 0.792252 1.71174
-0.352319 1.27576 0.820454 1.73107
1.27638 1.29953 0.848645 1.75041
2.90508 1.32329 0.876824 1.76976
4.53378 1.34706 0.904991 1.78913
6.16248 1.37083 0.933146 1.80851
7.79118 1.39459 0.961288 1.8279
9.41988 1.41836 0.989417 1.8473
11.0486 1.44213 1.01753 1.86672
12.6773 1.46589 1.04563 1.88615
14.306 1.48966 1.07372 1.9056
15.9347 1.51342 1.10179 1.92506
17.5634 1.53719 1.12985 1.94453
19.1921 1.56096 1.15789 1.96402
20.8208 1.58472 1.18591 1.98353
22.4495 1.60849 1.21392 2.00306
24.0782 1.63226 1.24191 2.0226
25.7069 1.65602 1.26989 2.04216
27.3356 1.67979 1.29784 2.06174
28.9643 1.70355 1.32577 2.08133
30.593 1.72732 1.35369 2.10095
32.2217 1.75109 1.38158 2.12059
33.8504 1.77485 1.40946 2.14025
35.4791 1.79862 1.43731 2.15993
37.1078 1.82239 1.46514 2.17963
38.7365 1.84615 1.49294 2.19936
40.3652 1.86992 1.52072 2.21911
41.9939 1.89368 1.54848 2.23889
43.6226 1.91745 1.57621 2.25869
45.2513 1.94122 1.60391 2.27852
46.88 1.96498 1.63159 2.29838
48.5087 1.98875 1.65923 2.31826
50.1374 2.01252 1.68685 2.33818
51.7661 2.03628 1.71444 2.35813
53.3948 2.06005 1.74199 2.37811
55.0235 2.08381 1.76951 2.39812
56.6522 2.10758 1.797 2.41816
58.2809 2.13135 1.82445 2.43825
59.9096 2.15511 1.85186 2.45836
61.5383 2.17888 1.87924 2.47852
63.167 2.20265 1.90657 2.49872
64.7957 2.22641 1.93387 2.51896
66.4244 2.25018 1.96112 2.53924
68.0531 2.27394 1.98833 2.55956
69.6818 2.29771 2.01549 2.57993
71.3105 2.32148 2.0426 2.60035
72.9392 2.34524 2.06967 2.62082
74.5679 2.36901 2.09668 2.64134
76.1966 2.39278 2.12364 2.66191
77.8253 2.41654 2.15055 2.68254
79.454 2.44031 2.1774 2.70322
81.0827 2.46407 2.20419 2.72396
82.7114 2.48784 2.23092 2.74476
84.3401 2.51161 2.25758 2.76563
85.9688 2.53537 2.28419 2.78656
87.5975 2.55914 2.31072 2.80756
89.2262 2.58291 2.33719 2.82863
90.8549 2.60667 2.36358 2.84977
92.4836 2.63044 2.3899 2.87098
94.1123 2.6542 2.41614 2.89227
95.741 2.67797 2.4423 2.91364
97.3697 2.70174 2.46838 2.93509
98.9984 2.7255 2.49438 2.95663
100.627 2.74927 2.52029 2.97825
102.256 2.77304 2.54611 2.99996
103.884 2.7968 2.57184 3.02176
105.513 2.82057 2.59748 3.04366
107.142 2.84433 2.62302 3.06565
108.771 2.8681 2.64846 3.08774
110.399 2.89187 2.6738 3.10994
112.028 2.91563 2.69904 3.13223
113.657 2.9394 2.72417 3.15463
115.285 2.96317 2.74919 3.17714
116.914 2.98693 2.77411 3.19975
118.543 3.0107 2.79892 3.22248
120.171 3.03446 2.82361 3.24532
121.8 3.05823 2.84819 3.26827
123.429 3.082 2.87265 3.29134
125.058 3.10576 2.897 3.31453
126.686 3.12953 2.92123 3.33783
128.315 3.1533 2.94534 3.36125
129.944 3.17706 2.96934 3.38479
131.572 3.20083 2.99321 3.40844
133.201 3.22459 3.01697 3.43222
134.83 3.24836 3.0406 3.45612
136.459 3.27213 3.06412 3.48013
138.087 3.29589 3.08752 3.50427
139.716 3.31966 3.1108 3.52852
141.345 3.34343 3.13396 3.55289
142.973 3.36719 3.15701 3.57738
144.602 3.39096 3.17994 3.60198
146.231 3.41472 3.20276 3.62669
147.859 3.43849 3.22546 3.65152
149.488 3.46226 3.24806 3.67646
151.117 3.48602 3.27055 3.7015
152.746 3.50979 3.29293 3.72665
154.374 3.53356 3.3152 3.75191
156.003 3.55732 3.33737 3.77727
157.632 3.58109 3.35945 3.80273
159.26 3.60485 3.38142 3.82829
160.889 3.62862 3.4033 3.85394
162.518 3.65239 3.42508 3.87969
164.146 3.67615 3.44678 3.90553
165.775 3.69992 3.46838 3.93145
167.404 3.72369 3.4899 3.95747
169.033 3.74745 3.51134 3.98356
170.661 3.77122 3.5327 4.00974
172.29 3.79498 3.55397 4.036
173.919 3.81875 3.57517 4.06233
175.547 3.84252 3.5963 4.08874
177.176 3.86628 3.61735 4.11521
178.805 3.89005 3.63834 4.14176
180.433 3.91382 3.65926 4.16837
182.062 3.93758 3.68011 4.19505
183.691 3.96135 3.7009 4.22179
185.32 3.98511 3.72163 4.2486
186.948 4.00888 3.74231 4.27546
188.577 4.03265 3.76292 4.30237
190.206 4.05641 3.78348 4.32934
191.834 4.08018 3.80399 4.35637
193.463 4.10395 3.82445 4.38344
195.092 4.12771 3.84486 4.41057
196.72 4.15148 3.86522 4.43774
198.349 4.17524 3.88554 4.46495
199.978 4.19901 3.90581 4.49221
201.607 4.22278 3.92604 4.51951
203.235 4.24654 3.94623 4.54686
204.864 4.27031 3.96638 4.57424
206.493 4.29408 3.98649 4.60166
208.121 4.31784 4.00657 4.62912
209.75 4.34161 4.02661 4.65661
211.379 4.36537 4.04661 4.68414
213.007 4.38914 4.06659 4.7117
214.636 4.41291 4.08653 4.73929
216.265 4.43667 4.10644 4.76691
217.894 4.46044 4.12632 4.79456
219.522 4.48421 4.14617 4.82224
221.151 4.50797 4.16599 4.84995
222.78 4.53174 4.18579 4.87769
224.408 4.5555 4.20556 4.90545
226.037 4.57927 4.22531 4.93323
227.666 4.60304 4.24503 4.96104
229.294 4.6268 4.26473 4.98887
230.923 4.65057 4.28441 5.01673
232.552 4.67434 4.30406 5.04461
234.181 4.6981 4.3237 5.07251
235.809 4.72187 4.34331 5.10042
237.438 4.74563 4.36291 5.12836
239.067 4.7694 4.38248 5.15632
240.695 4.79317 4.40204 5.1843
242.324 4.81693 4.42158 5.21229
243.953 4.8407 4.4411 5.2403
245.581 4.86447 4.4606 5.26833
247.21 4.88823 4.48009 5.29637
248.839 4.912 4.49956 5.32443
250.468 4.93576 4.51902 5.35251
252.096 4.95953 4.53847 5.3806
253.725 4.9833 4.55789 5.4087
255.354 5.00706 4.57731 5.43682
256.982 5.03083 4.59671 5.46495
258.611 5.0546 4.6161 5.49309
260.24 5.07836 4.63547 5.52125
261.868 5.10213 4.65484 5.54942
263.497 5.1259 4.67419 5.5776
265.126 5.14966 4.69353 5.6058
266.755 5.17343 4.71286 5.634
268.383 5.19719 4.73217 5.66221
270.012 5.22096 4.75148 5.69044
271.641 5.24473 4.77078 5.71868
273.269 5.26849 4.79006 5.74692
274.898 5.29226 4.80934 5.77518
276.527 5.31603 4.82861 5.80344
278.155 5.33979 4.84787 5.83172
279.784 5.36356 4.86711 5.86
281.413 5.38732 4.88635 5.88829
283.042 5.41109 4.90559 5.91659
284.67 5.43486 4.92481 5.9449
286.299 5.45862 4.94403 5.97322
287.928 5.48239 4.96323 6.00154
289.556 5.50616 4.98243 6.02988
291.185 5.52992 5.00163 6.05822
292.814 5.55369 5.02081 6.08656
294.442 5.57745 5.03999 6.11492
296.071 5.60122 5.05916 6.14328
