# Data from DA_130606_E1.h5 stim 2
# Ratiometric estimator
# Ratiometric estimator:
#    Time    Ca (est)    Ca (se)
 1220.015 0.0988204105 0.00347358868
 1220.115 0.103008363 0.0035565777
 1220.215 0.0953157934 0.00340782935
 1220.315 0.095980888 0.00342491387
 1220.415 0.0971410204 0.00341922676
 1220.515 0.0965012508 0.00342729851
 1220.615 0.0931646674 0.00329078523
 1220.715 0.0949271877 0.00339120732
 1220.815 0.0948314669 0.00336868923
 1220.915 0.0983720486 0.00345249251
 1221.015 0.0989639494 0.00350853576
 1221.115 0.0952846703 0.0033969308
 1221.215 0.0982884869 0.00345082861
 1221.315 0.10061724 0.00349350186
 1221.415 0.0977101107 0.00344349236
 1221.515 0.0995063856 0.00355513503
 1221.615 0.102688252 0.00362290441
 1221.715 0.12399211 0.0040502843
 1221.815 0.132793051 0.00432967395
 1221.915 0.144328971 0.0046194501
 1222.015 0.156511165 0.00498128343
 1222.115 0.157969618 0.00503797463
 1222.215 0.170730732 0.00535367696
 1222.315 0.175107529 0.00546530227
 1222.415 0.169625968 0.00539222886
 1222.515 0.179265982 0.00569445244
 1222.615 0.167621918 0.00537157982
 1222.715 0.173502077 0.0054396747
 1222.815 0.169912008 0.00530305525
 1222.915 0.171705354 0.00537386605
 1223.015 0.164215994 0.0051887558
 1223.115 0.165061042 0.0052078893
 1223.215 0.164647926 0.00516701182
 1223.315 0.158286086 0.00502375961
 1223.415 0.166376171 0.00527966271
 1223.515 0.15191962 0.00487338978
 1223.615 0.158296311 0.00502890003
 1223.715 0.154238219 0.0048573622
 1223.815 0.146698274 0.00467267762
 1223.915 0.160459718 0.00510806503
 1224.015 0.143823401 0.00462335927
 1224.115 0.154983893 0.00489984794
 1224.215 0.153104146 0.00489967457
 1224.315 0.147747055 0.00467551277
 1224.415 0.138717081 0.00452053676
 1224.515 0.146325107 0.00471044146
 1224.615 0.134798812 0.00444762291
 1224.715 0.138202111 0.00442598
 1224.815 0.139178106 0.00444698495
 1224.915 0.143862582 0.00458172788
 1225.015 0.134789272 0.00438123388
 1225.115 0.136459452 0.00433379739
 1225.215 0.13106183 0.00425632985
 1225.315 0.123379138 0.0040716329
 1225.415 0.130547733 0.00425330686
 1225.515 0.136305955 0.00440778174
 1225.615 0.131315572 0.00428933692
 1225.715 0.122808277 0.00405344296
 1225.815 0.13825492 0.0044046209
 1225.915 0.126827778 0.00415986631
 1226.015 0.124928936 0.00418339304
 1226.115 0.135395596 0.00434778325
 1226.215 0.13177295 0.00425824541
 1226.315 0.120530314 0.00403094079
 1226.415 0.125486728 0.00412461245
 1226.515 0.120481678 0.00400606863
 1226.615 0.124255556 0.00408701528
 1226.715 0.124678279 0.00410228633
 1226.815 0.121932102 0.00401767251
 1226.915 0.121356428 0.00399638754
 1227.015 0.115530657 0.00391078228
 1227.115 0.116295535 0.00393155541
 1227.215 0.113140919 0.00385770957
 1227.315 0.123037419 0.0040925492
 1227.415 0.120232358 0.00403143421
 1227.515 0.117370875 0.00384689376
 1227.615 0.11832794 0.00391137804
 1227.715 0.121112327 0.00403248211
 1227.815 0.117051614 0.0038823457
 1227.915 0.112933106 0.00382647607
 1228.015 0.114917912 0.00384480649
 1228.115 0.120439926 0.00399304813
 1228.215 0.110954008 0.00376416937
 1228.315 0.114788107 0.00383290855
 1228.415 0.106024307 0.00364384911
 1228.515 0.110411493 0.00377825378
 1228.615 0.10845746 0.00371367543
 1228.715 0.114059885 0.00383253584
 1228.815 0.11163169 0.00378068628
 1228.915 0.107280172 0.0036747091
 1229.015 0.108550181 0.00367261026
 1229.115 0.107619991 0.00366134114
 1229.215 0.110339749 0.0037828809
 1229.315 0.107745027 0.00368213933
 1229.415 0.1024772 0.00348828669
 1229.515 0.106313218 0.00367365207
 1229.615 0.104541222 0.00356610691
 1229.715 0.103174175 0.00360856344
 1229.815 0.104575346 0.00358051343
 1229.915 0.103861377 0.00357758136
 1230.015 0.103039006 0.00357552271
 1230.115 0.108140858 0.00363436156
 1230.215 0.103979634 0.00352605115
 1230.315 0.103937601 0.00356117651
 1230.415 0.107501624 0.00366050078
 1230.515 0.103446155 0.00358058425
 1230.615 0.102838815 0.00354070571
 1230.715 0.103097111 0.00355115026
 1230.815 0.0992266542 0.00345641997
 1230.915 0.106470377 0.00367988564
 1231.015 0.0961920306 0.00344326447
 1231.115 0.0948991288 0.00335233633
 1231.215 0.103550716 0.00366763249
 1231.315 0.0982830988 0.00343807547
 1231.415 0.0984539184 0.00347009143
 1231.515 0.0977569639 0.00336996113
 1231.615 0.0953088863 0.00336923493
 1231.715 0.0995201305 0.00348192781
 1231.815 0.101310275 0.00350324003
 1231.915 0.10135783 0.0035172958
 1232.015 0.100598336 0.00349122386
 1232.115 0.0991610189 0.00347375437
 1232.215 0.101404256 0.00352542033
 1232.315 0.0946174023 0.00335027009
 1232.415 0.0988967739 0.00341683622
 1232.515 0.105647069 0.00363172487
 1232.615 0.102667712 0.0035822016
 1232.715 0.0993160499 0.00346163196
 1232.815 0.0962357327 0.00343550107
 1232.915 0.0959961318 0.00333734833
 1233.015 0.106023058 0.00369479378
 1233.115 0.0917280051 0.00323115519
 1233.215 0.0993887793 0.00347058999
 1233.315 0.0940648082 0.00339418204
 1233.415 0.100291244 0.00352166364
 1233.515 0.0945514315 0.00336728409
 1233.615 0.10440536 0.00354866779
 1233.715 0.0940338278 0.00331443882
 1233.815 0.0956537362 0.00333093299
 1233.915 0.0948925476 0.00338001855
 1234.015 0.0966562134 0.00336538172
 1234.115 0.0901312905 0.00325113906
 1234.215 0.0980138128 0.00343484641
 1234.315 0.0990668299 0.00341454701
 1234.415 0.0974724067 0.00340633752
 1234.515 0.0923313065 0.00330816516
 1234.615 0.101285657 0.00352359739
 1234.715 0.0968253288 0.00337943768
 1234.815 0.0934220594 0.00334053982
 1234.915 0.0943604101 0.00342051052
 1235.015 0.0945816099 0.0033443088
 1235.115 0.0978438694 0.0034030087
 1235.215 0.0965294859 0.00336061307
 1235.315 0.0919213583 0.00331613676
 1235.415 0.0964672362 0.00339713144
 1235.515 0.0871061282 0.00312522748
 1235.615 0.0948940293 0.00333879247
 1235.715 0.0931103427 0.00327152043
 1235.815 0.095913288 0.00344568454
 1235.915 0.0898032982 0.00326526822
 1236.015 0.0929884292 0.00337050345
 1236.115 0.0930955589 0.0032583693
 1236.215 0.0881714683 0.00318193382
 1236.315 0.0942215763 0.00334493296
 1236.415 0.0961031156 0.00339176173
 1236.515 0.0928931743 0.00334302201
 1236.615 0.0938685221 0.00329178589
 1236.715 0.0884554704 0.00321314422
 1236.815 0.0910278061 0.00326274082
 1236.915 0.0942808127 0.00334098248
 1237.015 0.0953398998 0.00337889178
 1237.115 0.0947530026 0.00331249844
 1237.215 0.100519614 0.00350143411
 1237.315 0.0957631852 0.00336184662
 1237.415 0.096744195 0.00342223405
 1237.515 0.0963446263 0.00338226652
 1237.615 0.0949942234 0.00334836578
 1237.715 0.0967591243 0.00337738319
 1237.815 0.090789013 0.00327002521
 1237.915 0.0899855455 0.00326659157
 1238.015 0.0932868077 0.0032838071
 1238.115 0.0994149612 0.00341295226
 1238.215 0.0892584236 0.00324051655
 1238.315 0.0942428294 0.00341436319
 1238.415 0.0918758099 0.00329431121
 1238.515 0.0963054797 0.00337495236
 1238.615 0.0930878475 0.00330884213
 1238.715 0.0895519741 0.00319100664
 1238.815 0.0886662464 0.00317810841
 1238.915 0.0924319544 0.0032750236
 1239.015 0.0934714509 0.00333421479
 1239.115 0.0936130965 0.00334387948
 1239.215 0.0868141112 0.00317852405
 1239.315 0.0909315557 0.0033018078
 1239.415 0.093882852 0.00332179473
 1239.515 0.0913234054 0.00323264158
 1239.615 0.0944797247 0.00337182764
 1239.715 0.0914107654 0.0032540552
 1239.815 0.0946618972 0.00333970499
 1239.915 0.0894747423 0.00323624529


