# Cellular [Fura] for dataset DA_130606_E1.h5

# Loading curve with 126 elements
#    Time   AMPLITUDE
    0.021 0.531555288
   30.021 0.765947844
   60.021 1.16930785
   90.021 1.31039851
  120.021 1.76439186
  150.021 0.833079693
  180.021 1.58271867
  210.021 2.12622115
  240.021 2.52863297
  270.021 2.88458347
  300.021 4.36451835
  330.021 5.68743297
  360.021 6.70939211
  390.021 7.81763652
  420.021 9.31027715
  450.021 10.9925558
  480.021 11.7370745
  510.021 14.1126696
  540.021 14.4674823
  570.021 17.5026383
  810.021 32.1741711
  840.021 36.6003218
  870.021 38.7773659
  900.021 40.2538873
  930.021 42.6505323
  960.021 45.5893522
  990.021 47.0552539
 1020.021 48.7536517
 1050.021 51.4723019
 1080.021 53.1045161
 1320.021 68.3095006
 1350.021 69.1748187
 1380.021 72.6512624
 1410.021 74.1751933
 1440.021 77.5573868
 1470.021 77.7955721
 1650.021 89.5347327
 1680.021 92.0110256
 1710.021 93.785089
 1740.021 93.9003889
 1770.021 94.7693101
 1800.021 96.7876273
 1830.021 99.1427415
 2070.021 113.552195
 2100.021 113.597139
 2130.021 116.773196
 2160.021 118.233598
 2190.021 117.627705
 2220.021 119.557461
 2250.021 121.937418
 2280.021  124.5292
 2310.021 126.626027
 2340.021 126.394859
 2370.021 129.302199
 2400.021 133.324231
 2430.021 133.766656
 2460.021 138.758497
 2490.021 137.751899
 2520.021 139.962888
 2550.021 140.789899
 2580.021 140.484772
 2610.021 144.371592
 2640.021 146.36298
 2670.021 147.605678
 2700.021 150.945393
 2730.021 151.168976
 2760.021 151.819245
 2790.021 156.886941
 2820.021 154.290038
 2850.021 159.669689
 2880.021 161.332814
 2910.021 160.238603
 2940.021 161.924864
 2970.021 164.322267
 3000.021 167.217849
 3030.021 167.423986
 3060.021 170.494415
 3090.021 171.618589
 3120.021 173.512503
 3150.021 173.461301
 3180.021 176.340385
 3210.021 177.131365
 3240.021 177.763997
 3270.021 181.232856
 3300.021 180.464442
 3330.021 185.512795
 3360.021 182.44066
 3390.021 186.194544
 3420.021 185.581255
 3450.021 184.58338
 3480.021 187.967469
 3510.021 189.263076
 3540.021 189.540327
 3570.021 188.87337
 3600.021 191.725905
 3630.021 191.677926
 3660.021 192.05303
 3690.021 190.483397
 3720.021 192.483129
 3750.021 188.866543
 3780.021 183.601244
 3810.021 188.156728
 3840.021 190.847881
 3870.021 191.600744
 3900.021 191.669962
 3930.021 195.444706
 3960.021 194.443417
 3990.021 195.958814
 4020.021 194.38937
 4050.021 195.705458
 4080.021 194.344805
 4110.021 188.572415
 4140.021 187.247035
 4170.021 189.115348
 4200.021 189.347844
 4230.021 193.60901
 4260.021 192.039945
 4290.021 191.106926
 4320.021 193.614699
 4350.021 196.85182
 4380.021 193.854212
 4410.021 198.336685
 4440.021 196.67337
 4470.021 196.62122
 4500.021       200
 4530.021 199.780778


# Stim 1 with 200 elements
#    Time   AMPLITUDE
  715.015 27.7738112
  715.115 27.7336079
  715.215 27.8650271
  715.315 27.7497272
  715.415 27.8826634
  715.515 28.1310892
  715.615 27.8490975
  715.715 27.0689268
  715.815 27.8401845
  715.915 26.6462237
  716.015 27.5720364
  716.115 27.556486
  716.215 28.7453266
  716.315 27.5862592
  716.415 27.7658464
  716.515 27.1279042
  716.615 28.5757902
  716.715 27.5919484
  716.815 27.1946568
  716.915 27.5305056
  717.015 26.1588541
  717.115 26.6541885
  717.215 26.5091154
  717.315 27.2949753
  717.415 26.5002024
  717.515 27.5650198
  717.615 27.4571157
  717.715 27.6852502
  717.815 27.1383343
  717.915 26.7590583
  718.015 27.2155169
  718.115 27.8305129
  718.215 27.3916906
  718.315 27.2090692
  718.415 28.0410111
  718.515 27.5314538
  718.615 25.6511932
  718.715 27.8517524
  718.815 26.8106398
  718.915 27.4055342
  719.015 27.9270387
  719.115 27.3040779
  719.215 27.5119211
  719.315 27.1916226
  719.415 27.6750098
  719.515 27.0966139
  719.615 27.3643828
  719.715 27.6198251
  719.815 27.5022496
  719.915 27.2674777
  720.015 27.7125581
  720.115 26.8906671
  720.215 28.0757149
  720.315 26.9591264
  720.415 27.8255824
  720.515 27.4362556
  720.615 28.0030835
  720.715 27.4675458
  720.815 27.6452366
  720.915 28.5957022
  721.015 27.8204621
  721.115 28.2625083
  721.215 28.5854618
  721.315 27.2688052
  721.415 28.5452585
  721.515 27.7893615
  721.615 27.5712778
  721.715 27.5625545
  721.815 28.0996093
  721.915 27.9626906
  722.015  28.37686
  722.115 27.175124
  722.215 28.2623186
  722.315 28.2729384
  722.415 27.7978952
  722.515 27.761864
  722.615 27.8365814
  722.715 28.775479
  722.815 27.325507
  722.915 27.5479523
  723.015 28.7269317
  723.115 28.3351396
  723.215 28.1242622
  723.315 29.0707454
  723.415 27.3761403
  723.515 28.8629022
  723.615 27.865596
  723.715 27.7542785
  723.815 27.7544681
  723.915 28.8075279
  724.015 27.2853037
  724.115 28.1932904
  724.215 28.6298371
  724.315 27.2653917
  724.415 27.1140606
  724.515 28.5164336
  724.615 27.5796219
  724.715 28.0186338
  724.815 27.9678108
  724.915 29.0301629
  725.015 28.4422851
  725.115 27.6740616
  725.215 27.8369606
  725.315 28.760308
  725.415 29.081934
  725.515 29.004941
  725.615 29.0783309
  725.715 27.4032585
  725.815 29.0553847
  725.915 27.2796146
  726.015 28.0047903
  726.115 28.3723087
  726.215 27.9837404
  726.315 28.6000639
  726.415 27.7516235
  726.515 28.6755398
  726.615 28.202962
  726.715 28.6505076
  726.815 28.0127551
  726.915 28.5221227
  727.015 28.1291928
  727.115 29.3208779
  727.215 29.1185342
  727.315 28.1580178
  727.415 27.4616671
  727.515  28.22496
  727.615 28.8158719
  727.715 28.0698361
  727.815 27.6956803
  727.915 29.1145518
  728.015 27.9350035
  728.115 28.0137032
  728.215 29.2656933
  728.315 29.0038032
  728.415 28.7625837
  728.515 29.1534276
  728.615 28.266301
  728.715 28.0423386
  728.815 28.1991692
  728.915 29.2230247
  729.015 29.0612635
  729.115 28.3798942
  729.215 28.6884352
  729.315 28.3774289
  729.415 28.3398806
  729.515 28.8591094
  729.615 28.6106836
  729.715 28.1648447
  729.815 29.101846
  729.915 28.9732715
  730.015 28.9812363
  730.115 27.5724156
  730.215 28.4896946
  730.315 28.8651778
  730.415 28.7741516
  730.515 28.4741443
  730.615 28.8784525
  730.715 28.4221835
  730.815 28.9046225
  730.915 29.4557105
  731.015 29.1706846
  731.115 28.9488082
  731.215 29.1648058
  731.315 29.4663302
  731.415 28.5911509
  731.515 28.1876013
  731.615 29.4504007
  731.715 28.6685232
  731.815 29.0967258
  731.915 28.5793934
  732.015 28.0046006
  732.115 28.835215
  732.215 28.7060715
  732.315 29.3775797
  732.415 29.1862349
  732.515 29.3358593
  732.615 28.1602934
  732.715 29.1667022
  732.815 27.4914402
  732.915 29.0644873
  733.015 28.6601792
  733.115 28.5133993
  733.215 28.5458274
  733.315 29.2110775
  733.415 27.7889822
  733.515 28.4910221
  733.615 27.768122
  733.715 29.0603153
  733.815 27.9511227
  733.915 29.8418135
  734.015 27.5877763
  734.115 28.7792718
  734.215 29.0574707
  734.315 29.1094316
  734.415 28.1695857
  734.515 29.7942143
  734.615 29.7136182
  734.715 27.984499
  734.815 28.242217
  734.915 28.0848175


# Stim 2 with 200 elements
#    Time   AMPLITUDE
 1220.015 64.2277325
 1220.115 63.0916113
 1220.215 63.9903057
 1220.315 63.8385953
 1220.415 64.6864668
 1220.515 63.754396
 1220.615 64.8114382
 1220.715 64.347963
 1220.815 64.8835006
 1220.915 64.8740187
 1221.015 64.6940523
 1221.115 63.4079274
 1221.215 63.2571652
 1221.315 65.5424927
 1221.415 63.5418119
 1221.515 64.1194492
 1221.615 64.1843054
 1221.715 64.7069477
 1221.815 64.1949251
 1221.915 64.5743907
 1222.015 62.7646754
 1222.115 62.3343868
 1222.215 64.2482134
 1222.315 63.5416222
 1222.415 62.5890706
 1222.515 63.2531828
 1222.615 62.9152479
 1222.715 63.0629759
 1222.815 63.3121603
 1222.915 63.8473187
 1223.015 62.9971715
 1223.115 63.4124787
 1223.215 63.249959
 1223.315 63.3847916
 1223.415 63.2387703
 1223.515 63.6040131
 1223.615 63.3210732
 1223.715 64.3625651
 1223.815 64.4067507
 1223.915 63.0305478
 1224.015 63.8549042
 1224.115 63.779049
 1224.215 62.6336355
 1224.315 63.4143751
 1224.415 62.4728225
 1224.515 62.9715704
 1224.615 63.4570437
 1224.715 63.5977551
 1224.815 64.2554196
 1224.915 64.001684
 1225.015 64.5935442
 1225.115 64.2495408
 1225.215 63.1202466
 1225.315 63.2821974
 1225.415 63.4873858
 1225.515  63.07132
 1225.615 63.9787378
 1225.715 64.4262834
 1225.815 64.5650985
 1225.915 64.173496
 1226.015 63.7255711
 1226.115 64.1478949
 1226.215 63.8160284
 1226.315 63.4462343
 1226.415 64.2827275
 1226.515 62.7815532
 1226.615 63.9061064
 1226.715 63.4786624
 1226.815 64.3221722
 1226.915 65.8007796
 1227.015 64.4837438
 1227.115 64.1818401
 1227.215 63.3352961
 1227.315 64.9951974
 1227.415 63.2442699
 1227.515 64.394045
 1227.615 64.8768633
 1227.715 64.1725478
 1227.815 65.0054379
 1227.915 64.3771672
 1228.015 65.5206843
 1228.115 63.7862552
 1228.215 63.9802549
 1228.315 64.6582107
 1228.415 64.4016305
 1228.515 63.8888494
 1228.615 64.0223545
 1228.715 64.8899483
 1228.815 63.9411895
 1228.915 64.8740187
 1229.015 65.7837122
 1229.115 64.2078205
 1229.215 64.1632556
 1229.315 64.8935515
 1229.415 64.4782443
 1229.515 65.4539317
 1229.615 65.3479241
 1229.715 64.1190699
 1229.815 64.3684439
 1229.915 63.4650085
 1230.015 63.8947282
 1230.115 65.359492
 1230.215 62.9753632
 1230.315 64.0187514
 1230.415 63.8370782
 1230.515 65.2878088
 1230.615 64.8929825
 1230.715 63.3142463
 1230.815 64.4037165
 1230.915 65.4835152
 1231.015 65.7967972
 1231.115 63.7610334
 1231.215 63.7517411
 1231.315 64.845573
 1231.415 65.7821951
 1231.515 63.7678603
 1231.615 64.8929825
 1231.715 65.3041177
 1231.815 65.7884531
 1231.915 64.9462708
 1232.015 64.4503675
 1232.115 64.5465139
 1232.215 64.8076454
 1232.315 66.2172246
 1232.415 64.5745804
 1232.515 64.5203439
 1232.615 65.5997633
 1232.715 65.4395192
 1232.815 64.4266627
 1232.915 64.1475156
 1233.015 65.8918058
 1233.115 65.8015382
 1233.215 66.2832186
 1233.315 64.6474013
 1233.415 64.4793821
 1233.515 65.3039281
 1233.615 65.5698005
 1233.715 64.2569367
 1233.815 64.1729271
 1233.915 64.5332393
 1234.015 64.971303
 1234.115 65.813675
 1234.215 64.958218
 1234.315 65.8123475
 1234.415 64.7105508
 1234.515 65.7935734
 1234.615 65.5593704
 1234.715 65.8352937
 1234.815 65.2532947
 1234.915 65.2020925
 1235.015 65.3162545
 1235.115 65.5838337
 1235.215 65.0854651
 1235.315 65.1415979
 1235.415 64.9974731
 1235.515 65.2623973
 1235.615 66.1847965
 1235.715 65.8125372
 1235.815 63.9637564
 1235.915 64.9384957
 1236.015 65.5935053
 1236.115 64.1613592
 1236.215 65.857671
 1236.315 64.0547826
 1236.415 65.0342628
 1236.515 64.5762871
 1236.615 65.4892044
 1236.715 64.6663651
 1236.815 65.3115136
 1236.915 65.4630343
 1237.015 64.1846846
 1237.115 64.5520134
 1237.215 65.4569659
 1237.315 65.0255395
 1237.415 65.0964641
 1237.515 66.1254398
 1237.615 65.855585
 1237.715 65.4696717
 1237.815 66.0907361
 1237.915 65.714115
 1238.015 64.4205943
 1238.115 64.6752781
 1238.215 65.6686019
 1238.315 65.3968507
 1238.415 66.0471194
 1238.515 64.6663651
 1238.615 65.2377444
 1238.715 65.9475594
 1238.815 65.2333827
 1238.915 65.6280194
 1239.015 65.5698005
 1239.115 65.8504648
 1239.215 64.9654243
 1239.315 65.3426142
 1239.415 65.8432585
 1239.515 64.8550549
 1239.615 65.3321841
 1239.715 65.0964641
 1239.815 65.0776899
 1239.915 64.1133808


# Stim 3 with 200 elements
#    Time   AMPLITUDE
 1597.015 87.8251462
 1597.115 87.4479562
 1597.215 88.2685198
 1597.315 86.561209
 1597.415 87.4464391
 1597.515 87.0595776
 1597.615 86.3962239
 1597.715 87.8888646
 1597.815 85.8489287
 1597.915 87.936274
 1598.015 89.6587559
 1598.115 87.6484036
 1598.215 87.6997955
 1598.315 86.9482601
 1598.415 87.3339838
 1598.515 87.7075706
 1598.615 87.5340519
 1598.715 87.2476985
 1598.815 87.7553594
 1598.915 86.7045753
 1599.015 86.8803697
 1599.115 84.9910064
 1599.215 84.9737494
 1599.315 87.378928
 1599.415 86.6084288
 1599.515 88.4090416
 1599.615 86.3918623
 1599.715 87.6307672
 1599.815 86.5596919
 1599.915 86.6594415
 1600.015 87.0550263
 1600.115 86.1235245
 1600.215 87.0093236
 1600.315 87.286195
 1600.415 86.0941306
 1600.515 85.986037
 1600.615 86.4741651
 1600.715 86.7736035
 1600.815 87.747205
 1600.915 85.5984169
 1601.015 87.2651452
 1601.115 85.7772455
 1601.215 86.5708805
 1601.315 87.7640828
 1601.415 86.6744229
 1601.515 86.6205657
 1601.615 86.4432541
 1601.715 88.5795261
 1601.815 86.5130409
 1601.915 87.0967467
 1602.015 86.7070406
 1602.115 87.8672458
 1602.215 86.9190559
 1602.315 87.1957377
 1602.415 86.706282
 1602.515 86.5538131
 1602.615 87.6609197
 1602.715 86.1402126
 1602.815 85.9109403
 1602.915 88.0559356
 1603.015 87.7206557
 1603.115 86.7273319
 1603.215 87.7788745
 1603.315 88.9825068
 1603.415 86.3038702
 1603.515 88.1206022
 1603.615 87.1820838
 1603.715 87.8012518
 1603.815 87.5255182
 1603.915 86.9791711
 1604.015 87.736206
 1604.115 87.5786168
 1604.215  86.29875
 1604.315 87.7464464
 1604.415 87.249026
 1604.515 87.0665942
 1604.615 87.6531445
 1604.715 87.056733
 1604.815 88.5882495
 1604.915 87.0929539
 1605.015 87.9525829
 1605.115 88.0185769
 1605.215 87.9267922
 1605.315 87.7373438
 1605.415 88.900204
 1605.515 87.2480778
 1605.615 86.5729665
 1605.715 86.5266949
 1605.815 86.9772747
 1605.915 87.875021
 1606.015 87.8422136
 1606.115 88.5556317
 1606.215 88.2304026
 1606.315 88.3166879
 1606.415 87.2014268
 1606.515 88.1919061
 1606.615 87.9876659
 1606.715 89.5208891
 1606.815 87.2643866
 1606.915 87.4066151
 1607.015 88.9227709
 1607.115 87.6499207
 1607.215 87.9605477
 1607.315 88.556011
 1607.415 88.553925
 1607.515 88.1831827
 1607.615 87.2672312
 1607.715 86.5558991
 1607.815 89.0166417
 1607.915 89.1010306
 1608.015 86.2304803
 1608.115 89.4691179
 1608.215 88.5846463
 1608.315 88.5603727
 1608.415 87.7612382
 1608.515 87.5602219
 1608.615 87.2439057
 1608.715 87.1213996
 1608.815 88.3212392
 1608.915 89.6280346
 1609.015 87.8628841
 1609.115 87.9358948
 1609.215 89.3230967
 1609.315 87.8977775
 1609.415 87.8302664
 1609.515 87.9398772
 1609.615 88.112827
 1609.715 90.1375918
 1609.815 87.8998636
 1609.915 87.9415839
 1610.015 88.2315404
 1610.115 89.6014852
 1610.215 89.063103
 1610.315 89.1658868
 1610.415 87.9967686
 1610.515 88.3580289
 1610.615 88.5395125
 1610.715 88.805385
 1610.815 87.5765308
 1610.915 87.1251924
 1611.015 87.8166125
 1611.115 88.5926111
 1611.215 89.444465
 1611.315 88.6557606
 1611.415 88.5398918
 1611.515 88.6682767
 1611.615 88.9808001
 1611.715 88.9940748
 1611.815 89.1543189
 1611.915 88.5499426
 1612.015  87.99601
 1612.115 87.4143903
 1612.215 89.1372514
 1612.315 88.2952588
 1612.415 88.1998709
 1612.515 88.6798446
 1612.615 89.5459213
 1612.715 88.5637862
 1612.815 88.0766062
 1612.915 88.2104906
 1613.015 89.2332083
 1613.115 87.6635746
 1613.215 87.7130701
 1613.315 89.2136756
 1613.415 88.3724414
 1613.515 88.0439884
 1613.615 87.1908071
 1613.715 87.8302664
 1613.815 88.3730103
 1613.915 89.0460356
 1614.015 88.0637108
 1614.115 87.7437915
 1614.215 88.505188
 1614.315 88.5307892
 1614.415 88.6326248
 1614.515 88.2199725
 1614.615 88.0255935
 1614.715 88.0464537
 1614.815 87.4989688
 1614.915 89.4922538
 1615.015 88.3060681
 1615.115 88.0697792
 1615.215 87.9125693
 1615.315 88.5605623
 1615.415 89.3065982
 1615.515 87.9199652
 1615.615 88.5920422
 1615.715 90.3668642
 1615.815 89.2957888
 1615.915 88.1750283
 1616.015 87.5092093
 1616.115 89.0367433
 1616.215 89.6282242
 1616.315 88.1164301
 1616.415 87.6205268
 1616.515 89.6504118
 1616.615 88.5268068
 1616.715 88.6908436
 1616.815 88.214473
 1616.915 86.6016019


# Stim 4 with 200 elements
#    Time   AMPLITUDE
 1976.015 111.157636
 1976.115 109.282874
 1976.215 109.343369
 1976.315 111.389942
 1976.415 109.30601
 1976.515 111.995077
 1976.615 109.082617
 1976.715 109.563159
 1976.815 109.28496
 1976.915 108.585196
 1977.015 110.167915
 1977.115 109.110304
 1977.215 109.099495
 1977.315 110.692264
 1977.415 109.308096
 1977.515 110.816098
 1977.615 109.480098
 1977.715 108.680205
 1977.815 109.121303
 1977.915 110.805099
 1978.015 108.738045
 1978.115 106.891539
 1978.215 108.422108
 1978.315 110.362104
 1978.415 108.395558
 1978.515 108.338288
 1978.615 106.616564
 1978.715 109.319664
 1978.815 109.272824
 1978.915 108.892031
 1979.015 108.484309
 1979.115 108.229625
 1979.215 108.323117
 1979.315 108.314583
 1979.415 108.244986
 1979.515 110.736639
 1979.615 108.057623
 1979.715 108.445243
 1979.815 106.611065
 1979.915 109.442929
 1980.015 107.78151
 1980.115 108.112239
 1980.215 107.303243
 1980.315 109.188055
 1980.415 107.508811
 1980.515 108.634692
 1980.615 108.351562
 1980.715 107.056145
 1980.815 108.169131
 1980.915 109.612655
 1981.015 108.483361
 1981.115 109.533197
 1981.215 109.937884
 1981.315 106.949948
 1981.415 109.516508
 1981.515 109.785605
 1981.615 107.507294
 1981.715 108.243279
 1981.815 107.252231
 1981.915 107.381564
 1982.015 107.636627
 1982.115 109.375039
 1982.215 111.550186
 1982.315 108.398972
 1982.415 108.598661
 1982.515 110.292886
 1982.615 107.936824
 1982.715 108.741837
 1982.815 107.346671
 1982.915 110.115954
 1983.015 108.971299
 1983.115 108.217488
 1983.215 108.721736
 1983.315 111.199356
 1983.415 109.256704
 1983.515 109.729662
 1983.615 108.961248
 1983.715 108.882549
 1983.815 108.508962
 1983.915 108.76137
 1984.015 108.601126
 1984.115 108.717184
 1984.215 108.607384
 1984.315 108.087017
 1984.415 108.277414
 1984.515 108.380008
 1984.615 108.841966
 1984.715 109.186918
 1984.815 109.421879
 1984.915 108.731597
 1985.015 108.889945
 1985.115 107.407924
 1985.215 107.254317
 1985.315 110.595928
 1985.415 108.751319
 1985.515 109.370298
 1985.615 109.18559
 1985.715 110.287008
 1985.815 108.991211
 1985.915 109.493562
 1986.015 109.501717
 1986.115 110.474749
 1986.215 108.357631
 1986.315 109.970691
 1986.415 109.260497
 1986.515 110.017911
 1986.615 108.648725
 1986.715 109.96121
 1986.815 109.112011
 1986.915 110.902952
 1987.015 108.222419
 1987.115 109.276047
 1987.215 109.740092
 1987.315 110.755793
 1987.415 108.894306
 1987.515 110.003688
 1987.615 111.415354
 1987.715 107.846746
 1987.815 108.595057
 1987.915 109.551402
 1988.015 109.450704
 1988.115 109.355506
 1988.215 109.445963
 1988.315 109.288753
 1988.415 108.356303
 1988.515 110.582084
 1988.615 109.918731
 1988.715 109.291408
 1988.815 110.109317
 1988.915 109.986431
 1989.015 108.807642
 1989.115 110.960222
 1989.215 111.286779
 1989.315 109.521629
 1989.415 109.766072
 1989.515 110.349019
 1989.615 110.892332
 1989.715 109.126423
 1989.815 109.057205
 1989.915 111.105296
 1990.015 110.590239
 1990.115 109.882131
 1990.215 110.185931
 1990.315 111.273694
 1990.415 110.173794
 1990.515 109.750901
 1990.615 111.76315
 1990.715 108.633175
 1990.815 110.63689
 1990.915 110.527469
 1991.015 110.854025
 1991.115 111.303847
 1991.215 110.216273
 1991.315 109.831497
 1991.415 111.881294
 1991.515 110.391119
 1991.615 110.138711
 1991.715 110.865783
 1991.815  109.6521
 1991.915 110.250976
 1992.015 108.905495
 1992.115 109.937126
 1992.215 111.674968
 1992.315 110.204705
 1992.415 109.165299
 1992.515 109.700647
 1992.615 110.938604
 1992.715 108.826985
 1992.815 109.457341
 1992.915 109.605638
 1993.015 110.176069
 1993.115 109.257273
 1993.215 111.447213
 1993.315 109.345645
 1993.415 111.240318
 1993.515 111.11326
 1993.615 110.217979
 1993.715 110.257993
 1993.815 109.781812
 1993.915 109.213467
 1994.015 110.243201
 1994.115 110.519693
 1994.215 110.202619
 1994.315 109.654375
 1994.415 110.291749
 1994.515 110.971221
 1994.615 110.665146
 1994.715 110.328918
 1994.815 110.537709
 1994.915 110.569947
 1995.015  111.2809
 1995.115 111.201252
 1995.215 109.448997
 1995.315 110.661543
 1995.415 109.513285
 1995.515 110.779877
 1995.615 109.909628
 1995.715 109.380159
 1995.815 111.035129
 1995.915 111.363014


