# Data from DA_130606_E1.h5 stim 1
# Ratiometric estimator mono-exponential fit
# Fitted model Ca = baseline+delta*exp(-(t-t0)/tau)
# nobs = 171
# number of degrees of freedom = 168
# baseline length = 7
# fit started from point 36
# estimated baseline 0.0789188 and standard error 0.000614924
# estimated delta 0.0790754 and standard error 0.00311185
# estimated tau 2.39126 and standard error 0.13972
# residual sum of squares: 221.323
# RSS per degree of freedom: 1.3174
# Probability of observing a larger of equal RSS per DOF under the null hypothesis: 0.00364197
# WARNING: THE FIT IS NOT GOOD!

# rss per degree of freedom: 1.3174

# Time    Ca  Prediction  Residual
715.015 0.0865125 0.0789188 1.33423
715.115 0.0679266 0.0789188 -2.21597
715.215 0.0735463 0.0789188 -1.02619
715.315 0.0954371 0.0789188 2.76035
715.415 0.0835497 0.0789188 0.837711
715.515 0.07887 0.0789188 -0.00883295
715.615 0.0914575 0.0789188 2.15964

718.615 0.158467 0.157994 0.0530447
718.715 0.149583 0.154756 -0.612047
718.815 0.157441 0.15165 0.646328
718.915 0.15002 0.148671 0.158472
719.015 0.154791 0.145814 1.03795
719.115 0.147189 0.143074 0.49804
719.215 0.152423 0.140447 1.39225
719.315 0.137002 0.137927 -0.118651
719.415 0.138686 0.13551 0.400687
719.515 0.133426 0.133192 0.0298708
719.615 0.146442 0.130969 1.85804
719.715 0.113095 0.128837 -2.3228
719.815 0.127324 0.126793 0.0706625
719.915 0.110961 0.124832 -2.06316
720.015 0.103116 0.122952 -3.11196
720.115 0.138198 0.121148 2.19357
720.215 0.116348 0.119419 -0.456583
720.315 0.106713 0.11776 -1.72869
720.415 0.130586 0.116169 1.90052
720.515 0.112349 0.114643 -0.341512
720.615 0.114365 0.11318 0.174288
720.715 0.118456 0.111777 0.978062
720.815 0.110962 0.110431 0.0813159
720.915 0.105905 0.109141 -0.50115
721.015 0.115439 0.107903 1.07735
721.115 0.121578 0.106716 2.1224
721.215 0.100857 0.105577 -0.74592
721.315 0.102167 0.104485 -0.366754
721.415 0.104017 0.103438 0.0908956
721.515 0.0953532 0.102434 -1.17494
721.615 0.104084 0.101471 0.408625
721.715 0.109118 0.100547 1.28884
721.815 0.0946657 0.0996615 -0.844138
721.915 0.110959 0.0988119 1.8551
722.015 0.102857 0.0979972 0.764856
722.115 0.102317 0.0972158 0.806431
722.215 0.0947046 0.0964664 -0.294512
722.315 0.0895931 0.0957477 -1.06557
722.415 0.0951851 0.0950585 0.0211003
722.515 0.0855676 0.0943974 -1.61302
722.615 0.0925981 0.0937635 -0.200807
722.715 0.0954313 0.0931555 0.384283
722.815 0.088572 0.0925724 -0.708081
722.915 0.0942713 0.0920132 0.379065
723.015 0.0841422 0.0914769 -1.30859
723.115 0.0883351 0.0909626 -0.453165
723.215 0.0914746 0.0904693 0.172437
723.315 0.0883692 0.0899962 -0.285185
723.415 0.0880421 0.0895425 -0.266276
723.515 0.0721441 0.0891074 -3.28071
723.615 0.0839007 0.0886901 -0.874929
723.715 0.0970425 0.0882899 1.47799
723.815 0.0939111 0.0879061 1.02387
723.915 0.0815041 0.087538 -1.10526
724.015 0.0979326 0.087185 1.78998
724.115 0.0806524 0.0868464 -1.14176
724.215 0.079948 0.0865217 -1.21744
724.315 0.0788776 0.0862104 -1.37841
724.415 0.0901587 0.0859117 0.76817
724.515 0.0892675 0.0856253 0.632734
724.615 0.0743907 0.0853506 -2.13209
724.715 0.0890781 0.0850872 0.695629
724.815 0.0992064 0.0848346 2.39761
724.915 0.0871259 0.0845923 0.446903
725.015 0.0754493 0.0843599 -1.70929
725.115 0.0847222 0.0841371 0.109261
725.215 0.100472 0.0839233 2.74419
725.315 0.0857215 0.0837184 0.36399
725.415 0.0874412 0.0835218 0.695042
725.515 0.0913905 0.0833333 1.42746
725.615 0.080565 0.0831525 -0.470946
725.715 0.0873107 0.0829791 0.771962
725.815 0.0813786 0.0828128 -0.271732
725.915 0.0850531 0.0826533 0.435007
726.015 0.091219 0.0825003 1.49973
726.115 0.0767024 0.0823536 -1.08632
726.215 0.083793 0.082213 0.277233
726.315 0.0956641 0.082078 2.31595
726.415 0.0852219 0.0819487 0.601232
726.515 0.0892373 0.0818246 1.32393
726.615 0.0935966 0.0817055 2.06701
726.715 0.0887443 0.0815914 1.25694
726.815 0.0766963 0.0814819 -0.937802
726.915 0.0786314 0.081377 -0.513037
727.015 0.0789455 0.0812763 -0.441715
727.115 0.0847344 0.0811797 0.63975
727.215 0.082237 0.0810871 0.213023
727.315 0.0894794 0.0809983 1.52233
727.415 0.0856776 0.0809132 0.873662
727.515 0.0755954 0.0808315 -1.01522
727.615 0.0829393 0.0807531 0.399311
727.715 0.0834909 0.080678 0.533399
727.815 0.0814998 0.080606 0.168378
727.915 0.0766079 0.0805369 -0.767751
728.015 0.0847762 0.0804706 0.76739
728.115 0.0750408 0.080407 -1.07426
728.215 0.0904423 0.0803461 1.77167
728.315 0.0918604 0.0802876 2.02973
728.415 0.0815121 0.0802315 0.237366
728.515 0.0811727 0.0801778 0.18627
728.615 0.0877237 0.0801262 1.38988
728.715 0.0844588 0.0800768 0.811557
728.815 0.0784305 0.0800293 -0.303402
728.915 0.0842515 0.0799839 0.785423
729.015 0.0750012 0.0799402 -0.969769
729.115 0.0748189 0.0798984 -0.988493
729.215 0.0790144 0.0798583 -0.160728
729.315 0.0856875 0.0798198 1.08933
729.415 0.072178 0.0797829 -1.51903
729.515 0.0852211 0.0797475 1.00816
729.615 0.080891 0.0797136 0.221453
729.715 0.0823318 0.079681 0.490709
729.815 0.0779279 0.0796498 -0.328872
729.915 0.079503 0.0796198 -0.0215799
730.015 0.0800492 0.0795911 0.0859653
730.115 0.079825 0.0795636 0.050207
730.215 0.084531 0.0795372 0.932225
730.315 0.0772451 0.0795119 -0.445529
730.415 0.0756908 0.0794876 -0.742908
730.515 0.0798334 0.0794643 0.0727156
730.615 0.0782547 0.0794419 -0.230647
730.715 0.0770162 0.0794205 -0.47495
730.815 0.0750264 0.0794 -0.842618
730.915 0.0823899 0.0793802 0.557247
731.015 0.0727861 0.0793613 -1.27323
731.115 0.0772459 0.0793432 -0.411009
731.215 0.0836737 0.0793258 0.831965
731.315 0.0816467 0.0793092 0.440467
731.415 0.0796747 0.0792932 0.0729824
731.515 0.0779533 0.0792778 -0.25199
731.615 0.0798948 0.0792631 0.122578
731.715 0.0858172 0.079249 1.20298
731.815 0.0730177 0.0792355 -1.23861
731.915 0.085928 0.0792225 1.2216
732.015 0.0758801 0.0792101 -0.657098
732.115 0.0815619 0.0791982 0.442686
732.215 0.0780226 0.0791867 -0.22538
732.315 0.0764214 0.0791757 -0.540404
732.415 0.0739693 0.0791652 -1.03204
732.515 0.084115 0.0791551 0.925343
732.615 0.0832193 0.0791454 0.761463
732.715 0.0776436 0.0791362 -0.286851
732.815 0.0706891 0.0791273 -1.7172
732.915 0.0741879 0.0791187 -0.976877
733.015 0.0734669 0.0791105 -1.10813
733.115 0.0693046 0.0791027 -2.02381
733.215 0.0854484 0.0790951 1.17537
733.315 0.07419 0.0790879 -0.973951
733.415 0.0779584 0.079081 -0.217779
733.515 0.088638 0.0790744 1.73767
733.615 0.079297 0.079068 0.043989
733.715 0.0828649 0.0790619 0.721002
733.815 0.0752966 0.079056 -0.749351
733.915 0.0785539 0.0790504 -0.0959647
734.015 0.0665659 0.079045 -2.58132
734.115 0.0717451 0.0790398 -1.47703
734.215 0.0708873 0.0790349 -1.62504
734.315 0.0750317 0.0790301 -0.772123
734.415 0.0827777 0.0790256 0.705924
734.515 0.0715832 0.0790212 -1.51443
734.615 0.0737851 0.079017 -1.04732
734.715 0.0806964 0.079013 0.327209
734.815 0.0813395 0.0790091 0.448024
734.915 0.0800251 0.0790054 0.193093
