# τ vs min κ linear regression for data set DA_130606_E1.h5
# Using stimulation: 1, 2, 3, 4
# Best fit: tau = 1.43943 + 0.0145678 kappa_Fura
# Covariance matrix:
# [ +4.68567e-02, -2.93134e-04  
#   -2.93134e-04, +2.41116e-06  ]
# Total sum of squares (TSS) = 90.0205
# chisq (Residual sum of squares, RSS) = 2.00435
# Probability of observing a larger of equal RSS per DOF under the null hypothesis: 0.367081
# R squared (1-RSS/TSS) = 0.977735
# Estimated gamma/v with standard error: 68.6445 +/- 7.31686
# Estimates kappa_S with standard error (using error propagation): 97.8091 +/- 18.2131
# kappa_S confidence intervals based on parametric bootstrap
# 0.95 CI for kappa_S: [57.3429,158.547]
# 0.99 CI for kappa_S: [45.9374,185.905]


# The data
# κ_Fura  τ   τ_SE
69.3152 2.39126 0.13972
153.621 3.90407 0.22046
205.817 4.52266 0.335543
271.798 5.1089 0.344024


# The fitted data
# Preticted values with lower and upper bounds of 0.95 CI
# κ_Fura  τ   τ_lwr  τ_upr
-123.261 -0.356216 -1.12975 0.417313
-121.627 -0.332404 -1.10114 0.436334
-119.992 -0.308591 -1.07254 0.455358
-118.358 -0.284779 -1.04394 0.474384
-116.723 -0.260966 -1.01534 0.493412
-115.088 -0.237154 -0.986751 0.512443
-113.454 -0.213341 -0.958159 0.531477
-111.819 -0.189529 -0.92957 0.550513
-110.185 -0.165716 -0.900984 0.569552
-108.55 -0.141904 -0.8724 0.588593
-106.915 -0.118091 -0.84382 0.607637
-105.281 -0.0942786 -0.815241 0.626684
-103.646 -0.0704661 -0.786666 0.645734
-102.012 -0.0466535 -0.758094 0.664787
-100.377 -0.022841 -0.729525 0.683843
-98.7424 0.000971511 -0.700958 0.702901
-97.1078 0.024784 -0.672395 0.721963
-95.4732 0.0485966 -0.643835 0.741028
-93.8386 0.0724091 -0.615278 0.760096
-92.204 0.0962216 -0.586724 0.779168
-90.5695 0.120034 -0.558174 0.798242
-88.9349 0.143847 -0.529627 0.817321
-87.3003 0.167659 -0.501084 0.836402
-85.6657 0.191472 -0.472544 0.855487
-84.0311 0.215284 -0.444008 0.874576
-82.3965 0.239097 -0.415476 0.893669
-80.7619 0.262909 -0.386947 0.912765
-79.1273 0.286722 -0.358422 0.931866
-77.4927 0.310534 -0.329901 0.95097
-75.8581 0.334347 -0.301385 0.970078
-74.2235 0.358159 -0.272872 0.989191
-72.5889 0.381972 -0.244364 1.00831
-70.9543 0.405784 -0.21586 1.02743
-69.3197 0.429597 -0.18736 1.04655
-67.6851 0.453409 -0.158865 1.06568
-66.0505 0.477222 -0.130375 1.08482
-64.4159 0.501034 -0.10189 1.10396
-62.7813 0.524847 -0.0734089 1.1231
-61.1467 0.54866 -0.0449332 1.14225
-59.5121 0.572472 -0.0164626 1.16141
-57.8775 0.596285 0.0120028 1.18057
-56.2429 0.620097 0.0404629 1.19973
-54.6083 0.64391 0.0689174 1.2189
-52.9737 0.667722 0.0973664 1.23808
-51.3391 0.691535 0.12581 1.25726
-49.7045 0.715347 0.154247 1.27645
-48.0699 0.73916 0.182678 1.29564
-46.4353 0.762972 0.211103 1.31484
-44.8007 0.786785 0.239522 1.33405
-43.1661 0.810597 0.267934 1.35326
-41.5315 0.83441 0.29634 1.37248
-39.8969 0.858222 0.324739 1.39171
-38.2623 0.882035 0.35313 1.41094
-36.6277 0.905847 0.381515 1.43018
-34.9931 0.92966 0.409892 1.44943
-33.3585 0.953472 0.438261 1.46868
-31.7239 0.977285 0.466623 1.48795
-30.0893 1.0011 0.494977 1.50722
-28.4547 1.02491 0.523322 1.5265
-26.8201 1.04872 0.551659 1.54579
-25.1855 1.07254 0.579987 1.56508
-23.5509 1.09635 0.608307 1.58439
-21.9163 1.12016 0.636617 1.6037
-20.2817 1.14397 0.664918 1.62303
-18.6471 1.16779 0.693209 1.64236
-17.0125 1.1916 0.72149 1.66171
-15.3779 1.21541 0.74976 1.68106
-13.7433 1.23922 0.778021 1.70042
-12.1087 1.26304 0.80627 1.7198
-10.4741 1.28685 0.834508 1.73919
-8.83955 1.31066 0.862735 1.75859
-7.20495 1.33447 0.89095 1.778
-5.57035 1.35829 0.919152 1.79742
-3.93575 1.3821 0.947342 1.81685
-2.30115 1.40591 0.975519 1.8363
-0.666556 1.42972 1.00368 1.85576
0.968042 1.45354 1.03183 1.87524
2.60264 1.47735 1.05997 1.89473
4.23724 1.50116 1.08809 1.91423
5.87184 1.52497 1.11619 1.93375
7.50643 1.54879 1.14428 1.95329
9.14103 1.5726 1.17236 1.97284
10.7756 1.59641 1.20042 1.9924
12.4102 1.62022 1.22846 2.01199
14.0448 1.64404 1.25648 2.03159
15.6794 1.66785 1.28448 2.05121
17.314 1.69166 1.31247 2.07085
18.9486 1.71547 1.34043 2.09051
20.5832 1.73929 1.36838 2.11019
22.2178 1.7631 1.3963 2.12989
23.8524 1.78691 1.42421 2.14961
25.487 1.81072 1.45209 2.16936
27.1216 1.83454 1.47994 2.18913
28.7562 1.85835 1.50778 2.20892
30.3908 1.88216 1.53559 2.22873
32.0254 1.90597 1.56337 2.24858
33.66 1.92979 1.59113 2.26845
35.2946 1.9536 1.61886 2.28834
36.9292 1.97741 1.64656 2.30827
38.5638 2.00122 1.67423 2.32822
40.1984 2.02504 1.70187 2.3482
41.833 2.04885 1.72948 2.36822
43.4676 2.07266 1.75705 2.38827
45.1022 2.09647 1.7846 2.40835
46.7368 2.12029 1.8121 2.42847
48.3714 2.1441 1.83957 2.44862
50.006 2.16791 1.86701 2.46882
51.6406 2.19172 1.8944 2.48905
53.2752 2.21554 1.92175 2.50932
54.9098 2.23935 1.94906 2.52963
56.5444 2.26316 1.97633 2.54999
58.179 2.28697 2.00355 2.57039
59.8136 2.31079 2.03073 2.59084
61.4482 2.3346 2.05786 2.61134
63.0828 2.35841 2.08493 2.63189
64.7174 2.38222 2.11196 2.65249
66.352 2.40604 2.13893 2.67314
67.9866 2.42985 2.16584 2.69385
69.6212 2.45366 2.1927 2.71462
71.2558 2.47747 2.2195 2.73545
72.8904 2.50129 2.24623 2.75634
74.525 2.5251 2.2729 2.7773
76.1596 2.54891 2.2995 2.79832
77.7942 2.57272 2.32604 2.81941
79.4288 2.59654 2.3525 2.84057
81.0633 2.62035 2.37889 2.86181
82.6979 2.64416 2.40521 2.88312
84.3325 2.66797 2.43144 2.90451
85.9671 2.69179 2.4576 2.92597
87.6017 2.7156 2.48367 2.94753
89.2363 2.73941 2.50966 2.96916
90.8709 2.76322 2.53556 2.99089
92.5055 2.78704 2.56137 3.01271
94.1401 2.81085 2.58708 3.03462
95.7747 2.83466 2.6127 3.05662
97.4093 2.85847 2.63823 3.07872
99.0439 2.88229 2.66365 3.10092
100.679 2.9061 2.68897 3.12323
102.313 2.92991 2.71419 3.14564
103.948 2.95372 2.7393 3.16815
105.582 2.97754 2.7643 3.19077
107.217 3.00135 2.78919 3.2135
108.852 3.02516 2.81398 3.23635
110.486 3.04897 2.83864 3.25931
112.121 3.07279 2.8632 3.28238
113.755 3.0966 2.88763 3.30557
115.39 3.12041 2.91195 3.32887
117.025 3.14422 2.93616 3.35229
118.659 3.16804 2.96024 3.37583
120.294 3.19185 2.98421 3.39949
121.928 3.21566 3.00805 3.42327
123.563 3.23947 3.03178 3.44717
125.197 3.26329 3.05539 3.47119
126.832 3.2871 3.07888 3.49532
128.467 3.31091 3.10225 3.51958
130.101 3.33472 3.1255 3.54395
131.736 3.35854 3.14864 3.56844
133.37 3.38235 3.17166 3.59304
135.005 3.40616 3.19457 3.61776
136.64 3.42997 3.21736 3.64258
138.274 3.45379 3.24005 3.66753
139.909 3.4776 3.26262 3.69258
141.543 3.50141 3.28509 3.71773
143.178 3.52522 3.30745 3.743
144.813 3.54904 3.32971 3.76836
146.447 3.57285 3.35187 3.79383
148.082 3.59666 3.37393 3.81939
149.716 3.62047 3.39589 3.84506
151.351 3.64429 3.41776 3.87081
152.986 3.6681 3.43954 3.89666
154.62 3.69191 3.46123 3.9226
156.255 3.71573 3.48283 3.94862
157.889 3.73954 3.50434 3.97473
159.524 3.76335 3.52578 4.00092
161.159 3.78716 3.54713 4.02719
162.793 3.81098 3.56841 4.05354
164.428 3.83479 3.58961 4.07996
166.062 3.8586 3.61074 4.10646
167.697 3.88241 3.6318 4.13302
169.332 3.90623 3.65279 4.15966
170.966 3.93004 3.67372 4.18635
172.601 3.95385 3.69458 4.21312
174.235 3.97766 3.71539 4.23994
175.87 4.00148 3.73613 4.26682
177.505 4.02529 3.75682 4.29376
179.139 4.0491 3.77745 4.32075
180.774 4.07291 3.79802 4.3478
182.408 4.09673 3.81855 4.3749
184.043 4.12054 3.83903 4.40205
185.678 4.14435 3.85946 4.42924
187.312 4.16816 3.87984 4.45649
188.947 4.19198 3.90018 4.48377
190.581 4.21579 3.92047 4.5111
192.216 4.2396 3.94073 4.53847
193.851 4.26341 3.96094 4.56588
195.485 4.28723 3.98112 4.59333
197.12 4.31104 4.00126 4.62082
198.754 4.33485 4.02136 4.64834
200.389 4.35866 4.04143 4.6759
202.024 4.38248 4.06146 4.70349
203.658 4.40629 4.08146 4.73111
205.293 4.4301 4.10143 4.75877
206.927 4.45391 4.12137 4.78645
208.562 4.47773 4.14129 4.81417
210.197 4.50154 4.16117 4.84191
211.831 4.52535 4.18103 4.86967
213.466 4.54916 4.20086 4.89747
215.1 4.57298 4.22066 4.92529
216.735 4.59679 4.24044 4.95313
218.37 4.6206 4.2602 4.981
220.004 4.64441 4.27994 5.00889
221.639 4.66823 4.29965 5.0368
223.273 4.69204 4.31934 5.06474
224.908 4.71585 4.33901 5.09269
226.543 4.73966 4.35866 5.12066
228.177 4.76348 4.37829 5.14866
229.812 4.78729 4.39791 5.17667
231.446 4.8111 4.4175 5.2047
233.081 4.83491 4.43708 5.23275
234.716 4.85873 4.45664 5.26081
236.35 4.88254 4.47618 5.28889
237.985 4.90635 4.49571 5.31699
239.619 4.93016 4.51522 5.3451
241.254 4.95398 4.53472 5.37323
242.889 4.97779 4.55421 5.40137
244.523 5.0016 4.57367 5.42953
246.158 5.02541 4.59313 5.4577
247.792 5.04923 4.61257 5.48588
249.427 5.07304 4.632 5.51408
251.062 5.09685 4.65142 5.54228
252.696 5.12066 4.67082 5.5705
254.331 5.14448 4.69022 5.59874
255.965 5.16829 4.7096 5.62698
257.6 5.1921 4.72897 5.65523
259.235 5.21591 4.74833 5.6835
260.869 5.23973 4.76768 5.71177
262.504 5.26354 4.78702 5.74006
264.138 5.28735 4.80635 5.76835
265.773 5.31116 4.82567 5.79666
267.408 5.33498 4.84498 5.82497
269.042 5.35879 4.86428 5.8533
270.677 5.3826 4.88358 5.88163
272.311 5.40641 4.90286 5.90997
273.946 5.43023 4.92214 5.93832
275.581 5.45404 4.9414 5.96667
277.215 5.47785 4.96066 5.99504
278.85 5.50166 4.97992 6.02341
280.484 5.52548 4.99916 6.05179
282.119 5.54929 5.0184 6.08018
283.754 5.5731 5.03763 6.10858
