# Data from DA_130606_E1.h5 stim 3
# Ratiometric estimator
# Ratiometric estimator:
#    Time    Ca (est)    Ca (se)
 1597.015 0.0965094218 0.00280880897
 1597.115 0.100080527 0.00290781078
 1597.215 0.0957797962 0.00280507119
 1597.315 0.0967920005 0.00284299264
 1597.415 0.094261908 0.002786215
 1597.515 0.101353693 0.0029021129
 1597.615 0.0961349838 0.00278148114
 1597.715 0.0990353898 0.00285076991
 1597.815 0.0967700874 0.00281766688
 1597.915 0.0944283676 0.00278553078
 1598.015 0.0869887053 0.00269918347
 1598.115 0.0930080805 0.00274391098
 1598.215 0.0967683608 0.0028078444
 1598.315 0.0957631283 0.00280831345
 1598.415 0.0966614151 0.00281150064
 1598.515 0.095240564 0.00281945424
 1598.615 0.101688132 0.00295236282
 1598.715 0.110848693 0.00308262806
 1598.815 0.121688226 0.00332298243
 1598.915 0.12359639 0.00334795354
 1599.015 0.132845877 0.00359879807
 1599.115 0.143594775 0.00384614942
 1599.215 0.147439624 0.0038754794
 1599.315 0.144188126 0.0038176284
 1599.415 0.143672406 0.00381923099
 1599.515 0.141506916 0.00379329663
 1599.615 0.145371141 0.00395486004
 1599.715 0.147443821 0.00391256646
 1599.815 0.143677537 0.00379780233
 1599.915 0.141460198 0.00375673702
 1600.015 0.145038087 0.00382732174
 1600.115 0.145101606 0.00383337801
 1600.215 0.148566328 0.00385509777
 1600.315 0.141996058 0.00376589837
 1600.415 0.14624606 0.00393599232
 1600.515 0.14013839 0.0037373834
 1600.615 0.133082769 0.00361600523
 1600.715 0.133830035 0.00358296247
 1600.815 0.138526599 0.00366827005
 1600.915 0.137987648 0.00367801555
 1601.015 0.132340909 0.00357716126
 1601.115 0.129739833 0.00349137447
 1601.215 0.131221604 0.00358319785
 1601.315 0.136230877 0.003621847
 1601.415 0.135714359 0.00365781777
 1601.515 0.136016634 0.00367152409
 1601.615 0.132060393 0.00358111544
 1601.715 0.1317345 0.00349277832
 1601.815 0.133950136 0.00357968273
 1601.915 0.128517675 0.00347218859
 1602.015 0.123415603 0.00338793914
 1602.115 0.13234203 0.00348667557
 1602.215 0.125006216 0.00336744924
 1602.315 0.12886001 0.00345116621
 1602.415 0.126308148 0.00347934334
 1602.515 0.12231382 0.00332465488
 1602.615 0.128797641 0.0034788298
 1602.715 0.125649319 0.00342810862
 1602.815 0.129012406 0.00344382734
 1602.915 0.123692602 0.00341168682
 1603.015 0.122290145 0.00341408435
 1603.115 0.11974418 0.00327095481
 1603.215 0.12297959 0.00335360582
 1603.315 0.123326516 0.00336717575
 1603.415 0.122358533 0.00331948408
 1603.515 0.121147024 0.00334635708
 1603.615 0.119521087 0.00329217859
 1603.715 0.114384693 0.00317140658
 1603.815 0.124006707 0.00335901342
 1603.915 0.123277164 0.00332706979
 1604.015 0.119262609 0.00330628466
 1604.115 0.116873721 0.00325486423
 1604.215 0.119539087 0.00331511349
 1604.315 0.115468752 0.00322733492
 1604.415 0.115316843 0.00323310504
 1604.515 0.11923422 0.00324439053
 1604.615 0.117514308 0.00323480842
 1604.715 0.116519827 0.00322022418
 1604.815 0.114074038 0.0031548639
 1604.915 0.114842971 0.00319521455
 1605.015 0.110047673 0.00309828992
 1605.115 0.113225651 0.00316972426
 1605.215 0.114552539 0.00318424397
 1605.315 0.114198943 0.00317227266
 1605.415 0.110780737 0.00307329192
 1605.515 0.106452269 0.00306719125
 1605.615 0.108665636 0.00306804209
 1605.715 0.108582876 0.00306303841
 1605.815 0.112296916 0.00314334693
 1605.915 0.111231661 0.00310642674
 1606.015 0.105569885 0.00297898764
 1606.115 0.114493267 0.00314531438
 1606.215 0.110814034 0.00309964382
 1606.315 0.112834472 0.00312129983
 1606.415 0.106812539 0.00297534654
 1606.515 0.11073693 0.00311243707
 1606.615 0.11148476 0.00304133952
 1606.715 0.105018705 0.00299722083
 1606.815 0.113962178 0.00315921668
 1606.915 0.108361629 0.00304597405
 1607.015 0.112005649 0.00311060049
 1607.115 0.104032443 0.0029184105
 1607.215 0.110065061 0.00307299817
 1607.315 0.10911973 0.00303335852
 1607.415 0.101376137 0.00294514376
 1607.515 0.106131417 0.00300321005
 1607.615 0.104988961 0.00298284493
 1607.715 0.108479554 0.00306159672
 1607.815 0.104340469 0.00296478897
 1607.915 0.108117248 0.00304789625
 1608.015 0.108023356 0.0030552978
 1608.115 0.100498852 0.00288732604
 1608.215 0.102732695 0.0029986954
 1608.315 0.103600049 0.00294206191
 1608.415 0.106425977 0.00300141435
 1608.515 0.098669175 0.00285256313
 1608.615 0.101989782 0.00293169953
 1608.715 0.100578576 0.00291319509
 1608.815 0.103624955 0.00295152065
 1608.915 0.101407292 0.00293183994
 1609.015 0.103111177 0.00291044955
 1609.115 0.0946636096 0.00282766255
 1609.215 0.101274973 0.00291166608
 1609.315 0.107757491 0.00300648343
 1609.415 0.105153038 0.00293762593
 1609.515 0.0989286493 0.00287764007
 1609.615 0.105873094 0.00303367825
 1609.715 0.105693778 0.00296908318
 1609.815 0.104665483 0.0029719627
 1609.915 0.103731631 0.00290378974
 1610.015 0.104054532 0.00299139629
 1610.115 0.0972027131 0.00278138414
 1610.215 0.104166742 0.00296478195
 1610.315 0.0996485457 0.00290845926
 1610.415 0.10143866 0.00295508382
 1610.515 0.0964164918 0.00285159095
 1610.615 0.0983636209 0.00281990714
 1610.715 0.104872537 0.00293819891
 1610.815 0.0990728119 0.0028360755
 1610.915 0.0954566796 0.00280045986
 1611.015 0.101288004 0.00291386048
 1611.115 0.100640481 0.00290610672
 1611.215 0.101186316 0.0028750831
 1611.315 0.0943533545 0.00273097057
 1611.415 0.100691828 0.00287091785
 1611.515 0.103309393 0.00291900451
 1611.615 0.100087713 0.00290757698
 1611.715 0.106322992 0.00298007327
 1611.815 0.0941533507 0.0027809551
 1611.915 0.101780177 0.00296606355
 1612.015 0.0963634067 0.00284270089
 1612.115 0.0916466878 0.00271361258
 1612.215 0.0967010257 0.00278155048
 1612.315 0.0953963732 0.00277839318
 1612.415 0.099915522 0.00285524426
 1612.515 0.101901892 0.00285021322
 1612.615 0.0947208755 0.0027642562
 1612.715 0.10027295 0.0028620829
 1612.815 0.100726672 0.00294874834
 1612.915 0.0972200666 0.00283195524
 1613.015 0.0966600923 0.00285880564
 1613.115 0.10070565 0.00285692313
 1613.215 0.0981289622 0.00280950338
 1613.315 0.096190284 0.00280573412
 1613.415 0.0986181991 0.002850507
 1613.515 0.097947955 0.00285282075
 1613.615 0.0939808859 0.00275976167
 1613.715 0.0945274486 0.00276726287
 1613.815 0.0942634661 0.00277438663
 1613.915 0.0967297466 0.0028184628
 1614.015 0.0972418895 0.00282332838
 1614.115 0.0919270265 0.0027097751
 1614.215 0.0974712518 0.00281563967
 1614.315 0.0938048248 0.00274025332
 1614.415 0.102564039 0.00294756048
 1614.515 0.0995207417 0.00287079245
 1614.615 0.0987574071 0.0028912617
 1614.715 0.0949564158 0.00278585103
 1614.815 0.0945044323 0.00276312251
 1614.915 0.0996330555 0.00283377295
 1615.015 0.0986911679 0.00286237933
 1615.115 0.0975872737 0.00280426056
 1615.215 0.0987361634 0.00284880821
 1615.315 0.0966978183 0.00284326975
 1615.415 0.095991961 0.00279800678
 1615.515 0.097069555 0.00282670015
 1615.615 0.0932373001 0.00275788304
 1615.715 0.094802776 0.00275785274
 1615.815 0.0930787523 0.00273730247
 1615.915 0.0983059564 0.00283780621
 1616.015 0.0989480003 0.00285244287
 1616.115 0.0928438064 0.00273146019
 1616.215 0.0976710684 0.0028427917
 1616.315 0.096922777 0.00286783869
 1616.415 0.0966511276 0.00280425627
 1616.515 0.0948236889 0.00276126342
 1616.615 0.0916075008 0.00274734701
 1616.715 0.0954138659 0.00275217006
 1616.815 0.0924644895 0.00273258167
 1616.915 0.0987138746 0.00286264625


