# Data from DA_130606_E1.h5 stim 1
# Ratiometric estimator
# Ratiometric estimator:
#    Time    Ca (est)    Ca (se)
  715.015 0.0865124946 0.00569146503
  715.115 0.0679266143 0.00496042949
  715.215 0.0735462894 0.00523539479
  715.315 0.0954370905 0.00598413357
  715.415 0.0835497082 0.00552807878
  715.515 0.078870013 0.0055206021
  715.615 0.0914574678 0.00580593063
  715.715 0.0798021872 0.00545306939
  715.815 0.0858352645 0.00563425126
  715.915 0.0798035359 0.00536707186
  716.015 0.078767171 0.00555955792
  716.115 0.0735906093 0.00516606842
  716.215 0.0895662762 0.0057371848
  716.315 0.0792049584 0.00538629348
  716.415 0.0820112239 0.00543946379
  716.515 0.0793306466 0.00541549283
  716.615 0.120357799 0.0070843026
  716.715 0.141006014 0.00789530548
  716.815 0.154130689 0.00876342214
  716.915 0.190383378 0.010451022
  717.015 0.230448855 0.0129294494
  717.115 0.235238954 0.0131224603
  717.215 0.221259007 0.0122991306
  717.315 0.241736219 0.0134958817
  717.415 0.228476865 0.0126551969
  717.515 0.221116838 0.0123380452
  717.615 0.214073872 0.0120986725
  717.715 0.198621599 0.0109922518
  717.815 0.193701813 0.0105708794
  717.915 0.180618997 0.0100682299
  718.015 0.188965699 0.0106038247
  718.115 0.19234693 0.010677537
  718.215 0.181983257 0.0100422142
  718.315 0.190396789 0.0105642889
  718.415 0.174685199 0.00965936754
  718.515 0.176821181 0.00986411773
  718.615 0.158467412 0.00892134518
  718.715 0.149583296 0.00845069169
  718.815 0.157440589 0.00895997629
  718.915 0.150020476 0.00851745418
  719.015 0.154791426 0.00864931189
  719.115 0.147189019 0.008262236
  719.215 0.15242251 0.00860190992
  719.315 0.137002345 0.00778916449
  719.415 0.13868573 0.00792625102
  719.515 0.133426177 0.00783949234
  719.615 0.146442132 0.00832758465
  719.715 0.113094987 0.00677731273
  719.815 0.12732419 0.00751937406
  719.915 0.110960873 0.00672328062
  720.015 0.103116205 0.00637393251
  720.115 0.138197529 0.00777241125
  720.215 0.11634822 0.00672474886
  720.315 0.106713221 0.00639021032
  720.415 0.130586079 0.00758582852
  720.515 0.112348513 0.00671990745
  720.615 0.11436452 0.00679475803
  720.715 0.118455812 0.00682857617
  720.815 0.110962125 0.00652820102
  720.915 0.105905163 0.00645608913
  721.015 0.115438878 0.00699500049
  721.115 0.121578495 0.00700278831
  721.215 0.100857134 0.00632796119
  721.315 0.102166778 0.00632212618
  721.415 0.104016898 0.00636531007
  721.515 0.0953532334 0.00602656561
  721.615 0.104084313 0.00639543948
  721.715 0.109118424 0.00665027225
  721.815 0.0946656791 0.00591822726
  721.915 0.110959259 0.00654807964
  722.015 0.102857062 0.00635399097
  722.115 0.102316504 0.00632505201
  722.215 0.094704637 0.00598198657
  722.315 0.0895931468 0.00577582428
  722.415 0.0951851469 0.00600432131
  722.515 0.0855675932 0.00547408699
  722.615 0.0925981346 0.00580327493
  722.715 0.095431348 0.00592236467
  722.815 0.0885719806 0.00564966059
  722.915 0.0942712911 0.00595702813
  723.015 0.0841422163 0.00560503691
  723.115 0.0883350566 0.00579809048
  723.215 0.0914745757 0.00582993672
  723.315 0.0883692052 0.00570506983
  723.415 0.088042104 0.00563479678
  723.515 0.0721440724 0.0051706236
  723.615 0.0839006679 0.00547409018
  723.715 0.0970424869 0.00592192975
  723.815 0.0939110639 0.00586496743
  723.915 0.0815041018 0.00545927766
  724.015 0.0979326361 0.00600434669
  724.115 0.080652371 0.00542501054
  724.215 0.0799480063 0.00539965328
  724.315 0.0788775922 0.00531973987
  724.415 0.0901586927 0.00552868973
  724.515 0.0892674675 0.00575622383
  724.615 0.0743907396 0.00514043757
  724.715 0.0890781309 0.00573714348
  724.815 0.0992063586 0.00599420696
  724.915 0.0871259166 0.00566932459
  725.015 0.0754493393 0.00521303517
  725.115 0.0847221512 0.00535500715
  725.215 0.100471854 0.00603038522
  725.315 0.0857215178 0.0055033144
  725.415 0.0874411581 0.00563904132
  725.515 0.091390543 0.00564447309
  725.615 0.0805649783 0.00549422799
  725.715 0.0873107203 0.00561122628
  725.815 0.0813785556 0.00527804545
  725.915 0.0850531116 0.00551675682
  726.015 0.0912189823 0.00581348292
  726.115 0.0767023996 0.0052021968
  726.215 0.0837929817 0.00569923652
  726.315 0.0956640766 0.00586629207
  726.415 0.0852218645 0.0054441736
  726.515 0.0892373379 0.00559905126
  726.615 0.0935965968 0.00575279079
  726.715 0.0887442989 0.00569073142
  726.815 0.0766963481 0.00510299732
  726.915 0.0786314103 0.00535158362
  727.015 0.0789454541 0.00527678462
  727.115 0.0847343727 0.00555628974
  727.215 0.0822370486 0.00539807063
  727.315 0.0894794117 0.00557110857
  727.415 0.0856776361 0.00545346515
  727.515 0.0755954011 0.00515756685
  727.615 0.0829392776 0.00547479346
  727.715 0.0834909092 0.0052735444
  727.815 0.0814997994 0.00530856439
  727.915 0.0766079462 0.0051174186
  728.015 0.0847762369 0.00561078361
  728.115 0.0750408167 0.00499523573
  728.215 0.0904422734 0.00569869594
  728.315 0.0918604449 0.00570167143
  728.415 0.0815121241 0.00539494756
  728.515 0.0811726616 0.00534106325
  728.615 0.0877237173 0.00546629396
  728.715 0.084458766 0.00539949791
  728.815 0.0784304722 0.00526979819
  728.915 0.0842514964 0.00543355722
  729.015 0.0750011826 0.0050930139
  729.115 0.0748188621 0.00513866171
  729.215 0.0790144212 0.00525018632
  729.315 0.0856875355 0.00538653743
  729.415 0.0721779881 0.00500642392
  729.515 0.0852210601 0.00542923919
  729.615 0.0808910476 0.00531710895
  729.715 0.0823317701 0.00540190658
  729.815 0.077927884 0.00523579591
  729.915 0.0795029506 0.00541701727
  730.015 0.0800491663 0.00532808347
  730.115 0.0798249542 0.00520556884
  730.215 0.0845309701 0.00535684364
  730.315 0.0772450836 0.00508783712
  730.415 0.0756907633 0.00511073266
  730.515 0.0798333749 0.00507595383
  730.615 0.0782546726 0.00514752582
  730.715 0.0770161589 0.00506231381
  730.815 0.0750264063 0.00519042909
  730.915 0.08238994 0.00540100064
  731.015 0.0727860792 0.0051642307
  731.115 0.0772458932 0.005102881
  731.215 0.0836737339 0.00522605667
  731.315 0.0816466853 0.00530690973
  731.415 0.0796746517 0.00522693739
  731.515 0.0779533489 0.00525614587
  731.615 0.0798948046 0.00515318458
  731.715 0.0858171791 0.00545987499
  731.815 0.0730177086 0.0050199642
  731.915 0.0859279705 0.00548904173
  732.015 0.0758801399 0.00506766799
  732.115 0.0815618992 0.00533953658
  732.215 0.078022556 0.00516533709
  732.315 0.0764214058 0.00509681999
  732.415 0.073969267 0.00503465023
  732.515 0.0841150402 0.00536008165
  732.615 0.0832193415 0.00535009136
  732.715 0.0776435933 0.0052032893
  732.815 0.0706890985 0.00491392053
  732.915 0.0741879385 0.00504749486
  733.015 0.0734668583 0.00509295003
  733.115 0.0693046346 0.0048413738
  733.215 0.085448406 0.00540531787
  733.315 0.0741899646 0.00502895808
  733.415 0.0779583508 0.0051549664
  733.515 0.0886379523 0.00550369417
  733.615 0.0792969769 0.00520578506
  733.715 0.0828648696 0.00527460795
  733.815 0.075296585 0.00501690766
  733.915 0.0785538729 0.00517393017
  734.015 0.0665658549 0.00483440298
  734.115 0.0717450997 0.00493878888
  734.215 0.0708872603 0.00501379488
  734.315 0.0750316529 0.00517852914
  734.415 0.0827776931 0.00531521557
  734.515 0.0715831507 0.00491142988
  734.615 0.0737850748 0.00499551088
  734.715 0.0806963916 0.00514480687
  734.815 0.0813394537 0.00520139197
  734.915 0.0800251323 0.00528099638


