# Data from DA_130606_E1.h5 stim 4
# Ratiometric estimator
# Ratiometric estimator:
#    Time    Ca (est)    Ca (se)
 1976.015 0.0911324352 0.0023770574
 1976.115 0.0912798971 0.00238065842
 1976.215 0.0899994915 0.00235616563
 1976.315 0.0900902294 0.00237179307
 1976.415 0.0902023252 0.00235540909
 1976.515 0.0893224828 0.0023426825
 1976.615 0.092079002 0.00237930158
 1976.715 0.0870184646 0.00232016914
 1976.815 0.0861650759 0.00228974611
 1976.915 0.0888182503 0.00235070895
 1977.015 0.0896325726 0.00236712645
 1977.115 0.0883519839 0.00233486867
 1977.215 0.0968368895 0.00245992981
 1977.315 0.0895408882 0.00233317722
 1977.415 0.0891958985 0.00233800905
 1977.515 0.0964801638 0.00249054775
 1977.615 0.0996122779 0.00251728261
 1977.715 0.0999054348 0.00250330753
 1977.815 0.112035172 0.0027579397
 1977.915 0.119080962 0.0028476596
 1978.015 0.125089543 0.00301544705
 1978.115 0.132084895 0.00318153275
 1978.215 0.130170553 0.0030698192
 1978.315 0.132950603 0.00312696988
 1978.415 0.14193522 0.00327944151
 1978.515 0.141375108 0.00327908568
 1978.615 0.133099159 0.00317420148
 1978.715 0.136863681 0.00324019438
 1978.815 0.136804155 0.0032088663
 1978.915 0.136875039 0.00321080272
 1979.015 0.131725311 0.00311363239
 1979.115 0.1395462 0.00324417534
 1979.215 0.137558746 0.00320625365
 1979.315 0.140913508 0.0032719879
 1979.415 0.138715587 0.00328094752
 1979.515 0.138933018 0.00324489442
 1979.615 0.133073741 0.00312729481
 1979.715 0.140794651 0.00324557536
 1979.815 0.133491655 0.00312286868
 1979.915 0.133813906 0.00316033902
 1980.015 0.139041449 0.00322276766
 1980.115 0.134925493 0.0031363427
 1980.215 0.131712468 0.00314436045
 1980.315 0.130017071 0.0030730503
 1980.415 0.132324405 0.00310734961
 1980.515 0.125264756 0.00300825034
 1980.615 0.129975714 0.00311178899
 1980.715 0.132919297 0.00309235651
 1980.815 0.130545653 0.00306344089
 1980.915 0.129629731 0.0030417112
 1981.015 0.129630296 0.00307552852
 1981.115 0.128825932 0.00300922099
 1981.215 0.130181956 0.00307770987
 1981.315 0.134047453 0.00311962749
 1981.415 0.120609847 0.00292815366
 1981.515 0.129654324 0.00305968867
 1981.615 0.125401655 0.00299090143
 1981.715 0.12869335 0.00303768929
 1981.815 0.121627958 0.00288559874
 1981.915 0.125400029 0.00300682482
 1982.015 0.124200974 0.00301269324
 1982.115 0.125042781 0.00293941867
 1982.215 0.123241827 0.00293140453
 1982.315 0.119465816 0.00288685676
 1982.415 0.120624043 0.00286666794
 1982.515 0.123248476 0.00294476513
 1982.615 0.119969921 0.00289458266
 1982.715 0.122275409 0.00293246622
 1982.815 0.120169696 0.00287290572
 1982.915 0.117145586 0.00280971793
 1983.015 0.122089127 0.00293817943
 1983.115 0.115802997 0.00284608891
 1983.215 0.120792854 0.00293404343
 1983.315 0.115359895 0.00282059463
 1983.415 0.120471843 0.00294857814
 1983.515 0.123647441 0.00288724053
 1983.615 0.115065378 0.00279569495
 1983.715 0.115145991 0.00278977386
 1983.815 0.115779814 0.00279170116
 1983.915 0.114895607 0.00279741242
 1984.015 0.110734201 0.00273592287
 1984.115 0.115346891 0.00283309331
 1984.215 0.117354767 0.00285697087
 1984.315 0.110151208 0.00271416964
 1984.415 0.109116834 0.002683903
 1984.515 0.111525243 0.00274965648
 1984.615 0.11195918 0.00274696973
 1984.715 0.10594305 0.0026382023
 1984.815 0.108974012 0.0027041159
 1984.915 0.106349104 0.00267760485
 1985.015 0.102426725 0.00258333901
 1985.115 0.106826945 0.00262578691
 1985.215 0.109318206 0.00270683627
 1985.315 0.111217731 0.00271698083
 1985.415 0.106874791 0.00260690878
 1985.515 0.110501563 0.00274663406
 1985.615 0.107621877 0.00262750477
 1985.715 0.103568332 0.00261690715
 1985.815 0.107372506 0.00265024421
 1985.915 0.102431983 0.00258438491
 1986.015 0.108335182 0.00266284741
 1986.115 0.103120225 0.00256912312
 1986.215 0.107748035 0.00265462058
 1986.315 0.104438411 0.00258916088
 1986.415 0.105269546 0.00263137592
 1986.515 0.104630556 0.0026093809
 1986.615 0.103728368 0.00260322974
 1986.715 0.104066175 0.00261841123
 1986.815 0.105837966 0.00260756308
 1986.915 0.10422966 0.00262676554
 1987.015 0.102287121 0.00257185259
 1987.115 0.101796698 0.00254647192
 1987.215 0.0988435982 0.00257573241
 1987.315 0.104858745 0.00261379769
 1987.415 0.102635979 0.00257450079
 1987.515 0.101293092 0.00255311325
 1987.615 0.1005745 0.00256112206
 1987.715 0.100208039 0.00253901666
 1987.815 0.099755143 0.00251749169
 1987.915 0.10196531 0.00256797156
 1988.015 0.0980956234 0.00247758063
 1988.115 0.100847528 0.00257480851
 1988.215 0.0966222991 0.00248666886
 1988.315 0.0991293415 0.00250320999
 1988.415 0.0989375704 0.00247857471
 1988.515 0.095396245 0.00246977479
 1988.615 0.101277199 0.00258084648
 1988.715 0.10202922 0.00255532954
 1988.815 0.099930715 0.00253111291
 1988.915 0.0980025544 0.0024695772
 1989.015 0.0995670314 0.00255374495
 1989.115 0.0971843051 0.00244275339
 1989.215 0.0941889473 0.00245425136
 1989.315 0.100503317 0.00257136478
 1989.415 0.0984170581 0.00254854304
 1989.515 0.0989742026 0.0025159478
 1989.615 0.0934875382 0.0024137115
 1989.715 0.0974071272 0.00246696777
 1989.815 0.0955097809 0.00242374214
 1989.915 0.0936225552 0.00242639798
 1990.015 0.0998499794 0.00250628263
 1990.115 0.0993328093 0.00251364937
 1990.215 0.0952344956 0.00244138516
 1990.315 0.0947445629 0.00240584172
 1990.415 0.0974795869 0.00246600381
 1990.515 0.0992681362 0.00250226416
 1990.615 0.0970721287 0.00250053899
 1990.715 0.0952447878 0.00243621803
 1990.815 0.0975127834 0.00248118376
 1990.915 0.0938369221 0.00248530719
 1991.015 0.100992353 0.00255561754
 1991.115 0.0956347292 0.00245645936
 1991.215 0.0928585081 0.00237377793
 1991.315 0.0941325761 0.00240743529
 1991.415 0.0966902095 0.00245664302
 1991.515 0.094516951 0.00238352291
 1991.615 0.0928860661 0.00240307488
 1991.715 0.0979553222 0.00243936586
 1991.815 0.093860972 0.00245443751
 1991.915 0.0933094832 0.00241821936
 1992.015 0.0953711037 0.00246619459
 1992.115 0.0957710939 0.00242617257
 1992.215 0.0920622619 0.00237295257
 1992.315 0.0933735562 0.00241160212
 1992.415 0.0927063183 0.00239729112
 1992.515 0.0964431255 0.00249041966
 1992.615 0.0897532609 0.00233290156
 1992.715 0.0895913344 0.00235569287
 1992.815 0.092918402 0.00240575403
 1992.915 0.0910602006 0.00237851363
 1993.015 0.0877447554 0.00232931142
 1993.115 0.0911434386 0.00238714355
 1993.215 0.0904671826 0.00236519861
 1993.315 0.0874401594 0.00231833686
 1993.415 0.0876543487 0.00232963421
 1993.515 0.0866298775 0.00230419611
 1993.615 0.0923137405 0.00240490555
 1993.715 0.0913480415 0.00235806526
 1993.815 0.0884946985 0.00232843255
 1993.915 0.0904931315 0.00236050747
 1994.015 0.092725308 0.00239353283
 1994.115 0.0897796922 0.00233012306
 1994.215 0.0933968068 0.00240212306
 1994.315 0.0861983612 0.00230820859
 1994.415 0.088988334 0.00232665074
 1994.515 0.0909453231 0.00236597813
 1994.615 0.0859770167 0.00228821615
 1994.715 0.0906613228 0.00234256233
 1994.815 0.0898162156 0.00233800997
 1994.915 0.0913880826 0.0023428603
 1995.015 0.0859376828 0.00232183108
 1995.115 0.0859035141 0.00230360677
 1995.215 0.0890454594 0.0023484606
 1995.315 0.0836377644 0.00229946654
 1995.415 0.0880269584 0.002307158
 1995.515 0.0872550055 0.00230848263
 1995.615 0.0880402705 0.00234476104
 1995.715 0.0852865559 0.00227101612
 1995.815 0.0874767377 0.00231593749
 1995.915 0.0864896008 0.00231933222


