# τ vs mean κ linear regression for data set DA_130606_E1.h5
# Using stimulation: 1, 2, 3, 4
# Best fit: tau = 1.3337 + 0.0146717 kappa_Fura
# Covariance matrix:
# [ +5.13818e-02, -3.13966e-04  
#   -3.13966e-04, +2.45441e-06  ]
# Total sum of squares (TSS) = 90.0205
# chisq (Residual sum of squares, RSS) = 2.31807
# Probability of observing a larger of equal RSS per DOF under the null hypothesis: 0.313788
# R squared (1-RSS/TSS) = 0.974249
# Estimated gamma/v with standard error: 68.1586 +/- 7.27805
# Estimates kappa_S with standard error (using error propagation): 89.9035 +/- 18.2461
# kappa_S confidence intervals based on parametric bootstrap
# 0.95 CI for kappa_S: [49.8014,150.162]
# 0.99 CI for kappa_S: [40.4625,177.985]


# The data
# κ_Fura  τ   τ_SE
76.427 2.39126 0.13972
158.478 3.90407 0.22046
211.093 4.52266 0.335543
278.252 5.1089 0.344024


# The fitted data
# Preticted values with lower and upper bounds of 0.95 CI
# κ_Fura  τ   τ_lwr  τ_upr
-113.379 -0.329758 -1.09924 0.43972
-111.757 -0.305958 -1.07064 0.458725
-110.135 -0.282158 -1.04205 0.477732
-108.513 -0.258358 -1.01346 0.496741
-106.891 -0.234558 -0.98487 0.515753
-105.268 -0.210758 -0.956285 0.534768
-103.646 -0.186958 -0.927702 0.553785
-102.024 -0.163158 -0.899122 0.572805
-100.402 -0.139358 -0.870544 0.591828
-98.7798 -0.115558 -0.84197 0.610853
-97.1576 -0.0917585 -0.813398 0.629881
-95.5354 -0.0679585 -0.784829 0.648912
-93.9133 -0.0441585 -0.756263 0.667945
-92.2911 -0.0203585 -0.727699 0.686982
-90.6689 0.00344146 -0.699139 0.706022
-89.0468 0.0272414 -0.670582 0.725065
-87.4246 0.0510414 -0.642028 0.744111
-85.8024 0.0748414 -0.613477 0.76316
-84.1802 0.0986414 -0.58493 0.782213
-82.5581 0.122441 -0.556386 0.801268
-80.9359 0.146241 -0.527845 0.820328
-79.3137 0.170041 -0.499308 0.83939
-77.6915 0.193841 -0.470774 0.858457
-76.0694 0.217641 -0.442244 0.877527
-74.4472 0.241441 -0.413718 0.8966
-72.825 0.265241 -0.385195 0.915678
-71.2028 0.289041 -0.356677 0.934759
-69.5807 0.312841 -0.328162 0.953844
-67.9585 0.336641 -0.299651 0.972934
-66.3363 0.360441 -0.271145 0.992027
-64.7141 0.384241 -0.242643 1.01113
-63.092 0.408041 -0.214145 1.03023
-61.4698 0.431841 -0.185652 1.04933
-59.8476 0.455641 -0.157163 1.06845
-58.2254 0.479441 -0.128679 1.08756
-56.6033 0.503241 -0.100199 1.10668
-54.9811 0.527041 -0.0717245 1.12581
-53.3589 0.550841 -0.0432549 1.14494
-51.7367 0.574641 -0.0147904 1.16407
-50.1146 0.598441 0.0136689 1.18321
-48.4924 0.622241 0.0421228 1.20236
-46.8702 0.646041 0.0705713 1.22151
-45.2481 0.669841 0.0990141 1.24067
-43.6259 0.693641 0.127451 1.25983
-42.0037 0.717441 0.155882 1.279
-40.3815 0.741241 0.184308 1.29817
-38.7594 0.765041 0.212727 1.31736
-37.1372 0.788841 0.241139 1.33654
-35.515 0.812641 0.269545 1.35574
-33.8928 0.836441 0.297945 1.37494
-32.2707 0.860241 0.326337 1.39414
-30.6485 0.884041 0.354723 1.41336
-29.0263 0.907841 0.383101 1.43258
-27.4041 0.931641 0.411472 1.45181
-25.782 0.955441 0.439835 1.47105
-24.1598 0.979241 0.468191 1.49029
-22.5376 1.00304 0.496539 1.50954
-20.9154 1.02684 0.524878 1.5288
-19.2933 1.05064 0.553209 1.54807
-17.6711 1.07444 0.581531 1.56735
-16.0489 1.09824 0.609844 1.58664
-14.4267 1.12204 0.638148 1.60593
-12.8046 1.14584 0.666443 1.62524
-11.1824 1.16964 0.694728 1.64455
-9.56022 1.19344 0.723003 1.66388
-7.93804 1.21724 0.751267 1.68321
-6.31587 1.24104 0.779521 1.70256
-4.6937 1.26484 0.807764 1.72192
-3.07152 1.28864 0.835996 1.74128
-1.44935 1.31244 0.864217 1.76066
0.172826 1.33624 0.892426 1.78006
1.795 1.36004 0.920622 1.79946
3.41717 1.38384 0.948806 1.81888
5.03935 1.40764 0.976976 1.8383
6.66152 1.43144 1.00513 1.85775
8.2837 1.45524 1.03328 1.8772
9.90587 1.47904 1.06141 1.89667
11.528 1.50284 1.08952 1.91616
13.1502 1.52664 1.11762 1.93566
14.7724 1.55044 1.1457 1.95518
16.3946 1.57424 1.17377 1.97471
18.0167 1.59804 1.20182 1.99426
19.6389 1.62184 1.22986 2.01382
21.2611 1.64564 1.25787 2.03341
22.8833 1.66944 1.28587 2.05301
24.5054 1.69324 1.31385 2.07263
26.1276 1.71704 1.34181 2.09227
27.7498 1.74084 1.36975 2.11193
29.372 1.76464 1.39767 2.13161
30.9941 1.78844 1.42556 2.15132
32.6163 1.81224 1.45344 2.17104
34.2385 1.83604 1.48129 2.19079
35.8607 1.85984 1.50911 2.21057
37.4828 1.88364 1.53692 2.23036
39.105 1.90744 1.56469 2.25019
40.7272 1.93124 1.59244 2.27004
42.3494 1.95504 1.62017 2.28991
43.9715 1.97884 1.64786 2.30982
45.5937 2.00264 1.67552 2.32976
47.2159 2.02644 1.70316 2.34972
48.8381 2.05024 1.73076 2.36972
50.4602 2.07404 1.75833 2.38975
52.0824 2.09784 1.78587 2.40981
53.7046 2.12164 1.81337 2.42991
55.3267 2.14544 1.84083 2.45005
56.9489 2.16924 1.86826 2.47022
58.5711 2.19304 1.89564 2.49044
60.1933 2.21684 1.92299 2.51069
61.8154 2.24064 1.95029 2.53099
63.4376 2.26444 1.97755 2.55133
65.0598 2.28824 2.00477 2.57171
66.682 2.31204 2.03193 2.59215
68.3041 2.33584 2.05905 2.61263
69.9263 2.35964 2.08612 2.63316
71.5485 2.38344 2.11314 2.65374
73.1707 2.40724 2.1401 2.67438
74.7928 2.43104 2.16701 2.69507
76.415 2.45484 2.19386 2.71582
78.0372 2.47864 2.22064 2.73664
79.6594 2.50244 2.24737 2.75751
81.2815 2.52624 2.27403 2.77845
82.9037 2.55004 2.30063 2.79945
84.5259 2.57384 2.32715 2.82053
86.1481 2.59764 2.35361 2.84167
87.7702 2.62144 2.37999 2.86289
89.3924 2.64524 2.40629 2.88419
91.0146 2.66904 2.43252 2.90556
92.6368 2.69284 2.45866 2.92702
94.2589 2.71664 2.48473 2.94855
95.8811 2.74044 2.5107 2.97018
97.5033 2.76424 2.53659 2.99189
99.1254 2.78804 2.56239 3.01369
100.748 2.81184 2.58809 3.03558
102.37 2.83564 2.6137 3.05758
103.992 2.85944 2.63922 3.07966
105.614 2.88324 2.66463 3.10185
107.236 2.90704 2.68994 3.12414
108.858 2.93084 2.71514 3.14654
110.481 2.95464 2.74024 3.16904
112.103 2.97844 2.76523 3.19165
113.725 3.00224 2.79011 3.21437
115.347 3.02604 2.81487 3.23721
116.969 3.04984 2.83953 3.26015
118.592 3.07364 2.86407 3.28321
120.214 3.09744 2.88849 3.30639
121.836 3.12124 2.91279 3.32968
123.458 3.14504 2.93698 3.3531
125.08 3.16884 2.96105 3.37663
126.702 3.19264 2.985 3.40028
128.325 3.21644 3.00883 3.42405
129.947 3.24024 3.03254 3.44794
131.569 3.26404 3.05613 3.47195
133.191 3.28784 3.0796 3.49608
134.813 3.31164 3.10296 3.52032
136.435 3.33544 3.12619 3.54469
138.058 3.35924 3.14931 3.56917
139.68 3.38304 3.17232 3.59376
141.302 3.40684 3.1952 3.61847
142.924 3.43064 3.21798 3.6433
144.546 3.45444 3.24065 3.66823
146.168 3.47824 3.2632 3.69328
147.791 3.50204 3.28565 3.71843
149.413 3.52584 3.30799 3.74368
151.035 3.54964 3.33023 3.76904
152.657 3.57344 3.35237 3.79451
154.279 3.59724 3.37441 3.82007
155.902 3.62104 3.39635 3.84572
157.524 3.64484 3.4182 3.87148
159.146 3.66864 3.43996 3.89732
160.768 3.69244 3.46163 3.92325
162.39 3.71624 3.48321 3.94927
164.012 3.74004 3.5047 3.97538
165.635 3.76384 3.52612 4.00156
167.257 3.78764 3.54745 4.02783
168.879 3.81144 3.56871 4.05417
170.501 3.83524 3.58989 4.08059
172.123 3.85904 3.611 4.10708
173.745 3.88284 3.63204 4.13364
175.368 3.90664 3.65301 4.16027
176.99 3.93044 3.67392 4.18696
178.612 3.95424 3.69476 4.21372
180.234 3.97804 3.71554 4.24054
181.856 4.00184 3.73626 4.26742
183.479 4.02564 3.75693 4.29435
185.101 4.04944 3.77754 4.32134
186.723 4.07324 3.79809 4.34838
188.345 4.09704 3.8186 4.37548
189.967 4.12084 3.83906 4.40262
191.589 4.14464 3.85947 4.42981
193.212 4.16844 3.87983 4.45705
194.834 4.19224 3.90015 4.48433
196.456 4.21604 3.92042 4.51166
198.078 4.23984 3.94065 4.53902
199.7 4.26364 3.96085 4.56643
201.322 4.28744 3.981 4.59388
202.945 4.31124 4.00112 4.62136
204.567 4.33504 4.0212 4.64888
206.189 4.35884 4.04125 4.67643
207.811 4.38264 4.06126 4.70401
209.433 4.40644 4.08125 4.73163
211.055 4.43024 4.1012 4.75928
212.678 4.45404 4.12112 4.78696
214.3 4.47784 4.14101 4.81467
215.922 4.50164 4.16087 4.84241
217.544 4.52544 4.18071 4.87017
219.166 4.54924 4.20052 4.89796
220.789 4.57304 4.2203 4.92577
222.411 4.59684 4.24007 4.95361
224.033 4.62064 4.2598 4.98147
225.655 4.64444 4.27952 5.00936
227.277 4.66824 4.29921 5.03727
228.899 4.69204 4.31888 5.0652
230.522 4.71584 4.33853 5.09314
232.144 4.73964 4.35816 5.12111
233.766 4.76344 4.37777 5.1491
235.388 4.78724 4.39737 5.17711
237.01 4.81104 4.41694 5.20513
238.632 4.83484 4.4365 5.23318
240.255 4.85864 4.45604 5.26124
241.877 4.88244 4.47556 5.28931
243.499 4.90624 4.49507 5.3174
245.121 4.93004 4.51457 5.34551
246.743 4.95384 4.53404 5.37363
248.365 4.97764 4.55351 5.40177
249.988 5.00144 4.57296 5.42992
251.61 5.02524 4.59239 5.45808
253.232 5.04904 4.61181 5.48626
254.854 5.07284 4.63122 5.51445
256.476 5.09664 4.65062 5.54265
258.099 5.12044 4.67001 5.57087
259.721 5.14424 4.68938 5.5991
261.343 5.16804 4.70874 5.62733
262.965 5.19184 4.72809 5.65558
264.587 5.21564 4.74744 5.68384
266.209 5.23944 4.76677 5.71211
267.832 5.26324 4.78609 5.74039
269.454 5.28704 4.8054 5.76868
271.076 5.31084 4.8247 5.79698
272.698 5.33464 4.84399 5.82529
274.32 5.35844 4.86327 5.85361
275.942 5.38224 4.88254 5.88193
277.565 5.40604 4.90181 5.91027
279.187 5.42984 4.92106 5.93861
280.809 5.45364 4.94031 5.96696
282.431 5.47744 4.95955 5.99532
284.053 5.50124 4.97879 6.02369
285.675 5.52504 4.99801 6.05206
287.298 5.54884 5.01723 6.08045
288.92 5.57264 5.03644 6.10883
290.542 5.59644 5.05564 6.13723
