# τ vs mean κ linear regression for data set DA_121219_E1.h5
# Using stimulation: 1, 2, 3
# Best fit: tau = 1.48699 + 0.00898643 kappa_Fura
# Covariance matrix:
# [ +2.19195e-02, -1.09901e-04  
#   -1.09901e-04, +6.61522e-07  ]
# Total sum of squares (TSS) = 125.427
# chisq (Residual sum of squares, RSS) = 3.35098
# Probability of observing a larger of equal RSS per DOF under the null hypothesis: 0.0671651
# R squared (1-RSS/TSS) = 0.973283
# Estimated gamma/v with standard error: 111.279 +/- 10.0716
# Estimates kappa_S with standard error (using error propagation): 164.47 +/- 22.2648
# kappa_S confidence intervals based on parametric bootstrap
# 0.95 CI for kappa_S: [112.97,237.809]
# 0.99 CI for kappa_S: [101.067,270.658]


# The data
# κ_Fura  τ   τ_SE
86.4312 2.33157 0.0961161
187.087 3.04201 0.0933074
290.498 4.24049 0.141395


# The fitted data
# Preticted values with lower and upper bounds of 0.95 CI
# κ_Fura  τ   τ_lwr  τ_upr
-206.588 -0.369501 -0.975393 0.236392
-204.542 -0.35111 -0.953804 0.251584
-202.495 -0.33272 -0.932216 0.266776
-200.449 -0.31433 -0.910628 0.281968
-198.402 -0.29594 -0.889041 0.297162
-196.356 -0.277549 -0.867455 0.312356
-194.309 -0.259159 -0.845869 0.327551
-192.263 -0.240769 -0.824285 0.342746
-190.216 -0.222379 -0.8027 0.357943
-188.17 -0.203989 -0.781117 0.37314
-186.124 -0.185598 -0.759535 0.388338
-184.077 -0.167208 -0.737953 0.403537
-182.031 -0.148818 -0.716372 0.418736
-179.984 -0.130428 -0.694792 0.433936
-177.938 -0.112038 -0.673213 0.449138
-175.891 -0.0936473 -0.651634 0.46434
-173.845 -0.0752571 -0.630057 0.479542
-171.798 -0.0568669 -0.60848 0.494746
-169.752 -0.0384766 -0.586904 0.509951
-167.706 -0.0200864 -0.565329 0.525156
-165.659 -0.00169621 -0.543755 0.540363
-163.613 0.016694 -0.522182 0.55557
-161.566 0.0350842 -0.50061 0.570778
-159.52 0.0534744 -0.479039 0.585988
-157.473 0.0718647 -0.457469 0.601198
-155.427 0.0902549 -0.4359 0.616409
-153.38 0.108645 -0.414332 0.631622
-151.334 0.127035 -0.392765 0.646835
-149.288 0.145426 -0.371199 0.66205
-147.241 0.163816 -0.349634 0.677265
-145.195 0.182206 -0.32807 0.692482
-143.148 0.200596 -0.306507 0.7077
-141.102 0.218986 -0.284946 0.722919
-139.055 0.237377 -0.263386 0.738139
-137.009 0.255767 -0.241826 0.75336
-134.962 0.274157 -0.220269 0.768583
-132.916 0.292547 -0.198712 0.783806
-130.87 0.310937 -0.177156 0.799031
-128.823 0.329328 -0.155602 0.814258
-126.777 0.347718 -0.13405 0.829485
-124.73 0.366108 -0.112498 0.844714
-122.684 0.384498 -0.0909479 0.859945
-120.637 0.402889 -0.0693992 0.875176
-118.591 0.421279 -0.0478519 0.890409
-116.545 0.439669 -0.0263061 0.905644
-114.498 0.458059 -0.00476169 0.92088
-112.452 0.476449 0.0167812 0.936118
-110.405 0.49484 0.0383225 0.951357
-108.359 0.51323 0.0598622 0.966597
-106.312 0.53162 0.0814004 0.98184
-104.266 0.55001 0.102937 0.997084
-102.219 0.5684 0.124472 1.01233
-100.173 0.586791 0.146005 1.02758
-98.1265 0.605181 0.167536 1.04283
-96.0801 0.623571 0.189066 1.05808
-94.0337 0.641961 0.210593 1.07333
-91.9872 0.660352 0.232119 1.08858
-89.9408 0.678742 0.253643 1.10384
-87.8943 0.697132 0.275165 1.1191
-85.8479 0.715522 0.296685 1.13436
-83.8014 0.733912 0.318203 1.14962
-81.755 0.752303 0.339719 1.16489
-79.7086 0.770693 0.361233 1.18015
-77.6621 0.789083 0.382745 1.19542
-75.6157 0.807473 0.404254 1.21069
-73.5692 0.825864 0.425761 1.22597
-71.5228 0.844254 0.447266 1.24124
-69.4763 0.862644 0.468768 1.25652
-67.4299 0.881034 0.490268 1.2718
-65.3835 0.899424 0.511766 1.28708
-63.337 0.917815 0.53326 1.30237
-61.2906 0.936205 0.554753 1.31766
-59.2441 0.954595 0.576242 1.33295
-57.1977 0.972985 0.597729 1.34824
-55.1513 0.991375 0.619213 1.36354
-53.1048 1.00977 0.640694 1.37884
-51.0584 1.02816 0.662172 1.39414
-49.0119 1.04655 0.683647 1.40945
-46.9655 1.06494 0.705119 1.42475
-44.919 1.08333 0.726587 1.44007
-42.8726 1.10172 0.748053 1.45538
-40.8262 1.12011 0.769514 1.4707
-38.7797 1.1385 0.790973 1.48602
-36.7333 1.15689 0.812428 1.50135
-34.6868 1.17528 0.833879 1.51668
-32.6404 1.19367 0.855327 1.53201
-30.594 1.21206 0.87677 1.54735
-28.5475 1.23045 0.89821 1.56269
-26.5011 1.24884 0.919645 1.57803
-24.4546 1.26723 0.941077 1.59338
-22.4082 1.28562 0.962504 1.60873
-20.3617 1.30401 0.983926 1.62409
-18.3153 1.3224 1.00534 1.63945
-16.2689 1.34079 1.02676 1.65482
-14.2224 1.35918 1.04817 1.67019
-12.176 1.37757 1.06957 1.68557
-10.1295 1.39596 1.09097 1.70095
-8.08309 1.41435 1.11236 1.71634
-6.03665 1.43274 1.13375 1.73173
-3.9902 1.45113 1.15513 1.74713
-1.94376 1.46952 1.17651 1.76253
0.102679 1.48791 1.19788 1.77794
2.14912 1.5063 1.21924 1.79336
4.19556 1.52469 1.2406 1.80878
6.24201 1.54308 1.26195 1.82421
8.28845 1.56147 1.2833 1.83965
10.3349 1.57986 1.30463 1.85509
12.3813 1.59825 1.32596 1.87054
14.4278 1.61664 1.34729 1.886
16.4742 1.63503 1.3686 1.90146
18.5207 1.65342 1.38991 1.91694
20.5671 1.67181 1.41121 1.93242
22.6135 1.6902 1.4325 1.94791
24.66 1.70859 1.45378 1.96341
26.7064 1.72698 1.47506 1.97891
28.7529 1.74537 1.49632 1.99443
30.7993 1.76376 1.51757 2.00996
32.8458 1.78215 1.53882 2.02549
34.8922 1.80054 1.56005 2.04104
36.9386 1.81894 1.58127 2.0566
38.9851 1.83733 1.60249 2.07217
41.0315 1.85572 1.62369 2.08775
43.078 1.87411 1.64487 2.10334
45.1244 1.8925 1.66605 2.11894
47.1708 1.91089 1.68721 2.13456
49.2173 1.92928 1.70836 2.15019
51.2637 1.94767 1.7295 2.16584
53.3102 1.96606 1.75062 2.1815
55.3566 1.98445 1.77172 2.19717
57.4031 2.00284 1.79281 2.21286
59.4495 2.02123 1.81389 2.22857
61.4959 2.03962 1.83495 2.24429
63.5424 2.05801 1.85599 2.26003
65.5888 2.0764 1.87701 2.27579
67.6353 2.09479 1.89801 2.29156
69.6817 2.11318 1.919 2.30736
71.7281 2.13157 1.93996 2.32318
73.7746 2.14996 1.9609 2.33902
75.821 2.16835 1.98182 2.35488
77.8675 2.18674 2.00272 2.37076
79.9139 2.20513 2.02359 2.38667
81.9604 2.22352 2.04444 2.4026
84.0068 2.24191 2.06526 2.41856
86.0532 2.2603 2.08605 2.43455
88.0997 2.27869 2.10682 2.45056
90.1461 2.29708 2.12755 2.46661
92.1926 2.31547 2.14826 2.48268
94.239 2.33386 2.16893 2.49879
96.2855 2.35225 2.18957 2.51493
98.3319 2.37064 2.21018 2.5311
100.378 2.38903 2.23075 2.54731
102.425 2.40742 2.25128 2.56356
104.471 2.42581 2.27177 2.57985
106.518 2.4442 2.29222 2.59618
108.564 2.46259 2.31263 2.61255
110.611 2.48098 2.333 2.62897
112.657 2.49937 2.35332 2.64543
114.703 2.51776 2.37359 2.66194
116.75 2.53615 2.39381 2.6785
118.796 2.55454 2.41397 2.69511
120.843 2.57293 2.43409 2.71178
122.889 2.59132 2.45415 2.7285
124.936 2.60971 2.47415 2.74528
126.982 2.6281 2.49409 2.76212
129.029 2.64649 2.51396 2.77902
131.075 2.66489 2.53378 2.79599
133.121 2.68328 2.55353 2.81302
135.168 2.70167 2.5732 2.83013
137.214 2.72006 2.59281 2.8473
139.261 2.73845 2.61235 2.86454
141.307 2.75684 2.63181 2.88186
143.354 2.77523 2.65119 2.89926
145.4 2.79362 2.6705 2.91673
147.447 2.81201 2.68973 2.93429
149.493 2.8304 2.70887 2.95193
151.539 2.84879 2.72793 2.96965
153.586 2.86718 2.7469 2.98745
155.632 2.88557 2.76579 3.00534
157.679 2.90396 2.7846 3.02332
159.725 2.92235 2.80331 3.04139
161.772 2.94074 2.82194 3.05954
163.818 2.95913 2.84047 3.07778
165.864 2.97752 2.85892 3.09612
167.911 2.99591 2.87728 3.11454
169.957 3.0143 2.89554 3.13305
172.004 3.03269 2.91372 3.15166
174.05 3.05108 2.93181 3.17035
176.097 3.06947 2.94981 3.18913
178.143 3.08786 2.96773 3.20799
180.19 3.10625 2.98555 3.22695
182.236 3.12464 3.0033 3.24598
184.282 3.14303 3.02095 3.26511
186.329 3.16142 3.03853 3.28431
188.375 3.17981 3.05603 3.3036
190.422 3.1982 3.07344 3.32296
192.468 3.21659 3.09078 3.3424
194.515 3.23498 3.10805 3.36192
196.561 3.25337 3.12524 3.38151
198.608 3.27176 3.14236 3.40117
200.654 3.29015 3.15941 3.4209
202.7 3.30854 3.17639 3.44069
204.747 3.32693 3.19331 3.46055
206.793 3.34532 3.21017 3.48048
208.84 3.36371 3.22696 3.50046
210.886 3.3821 3.2437 3.52051
212.933 3.40049 3.26038 3.54061
214.979 3.41888 3.27701 3.56076
217.026 3.43727 3.29358 3.58097
219.072 3.45566 3.31011 3.60122
221.118 3.47405 3.32658 3.62153
223.165 3.49244 3.34301 3.64188
225.211 3.51084 3.35939 3.66228
227.258 3.52923 3.37573 3.68272
229.304 3.54762 3.39203 3.7032
231.351 3.56601 3.40829 3.72372
233.397 3.5844 3.42451 3.74428
235.444 3.60279 3.44069 3.76488
237.49 3.62118 3.45684 3.78551
239.536 3.63957 3.47296 3.80617
241.583 3.65796 3.48904 3.82687
243.629 3.67635 3.50509 3.8476
245.676 3.69474 3.52112 3.86836
247.722 3.71313 3.53711 3.88915
249.769 3.73152 3.55308 3.90996
251.815 3.74991 3.56902 3.9308
253.861 3.7683 3.58493 3.95167
255.908 3.78669 3.60082 3.97256
257.954 3.80508 3.61669 3.99347
260.001 3.82347 3.63253 4.01441
262.047 3.84186 3.64835 4.03536
264.094 3.86025 3.66416 4.05634
266.14 3.87864 3.67994 4.07734
268.187 3.89703 3.6957 4.09836
270.233 3.91542 3.71145 4.11939
272.279 3.93381 3.72717 4.14045
274.326 3.9522 3.74288 4.16152
276.372 3.97059 3.75858 4.1826
278.419 3.98898 3.77426 4.2037
280.465 4.00737 3.78992 4.22482
282.512 4.02576 3.80557 4.24595
284.558 4.04415 3.8212 4.2671
286.605 4.06254 3.83682 4.28826
288.651 4.08093 3.85243 4.30943
290.697 4.09932 3.86803 4.33062
292.744 4.11771 3.88361 4.35181
294.79 4.1361 3.89918 4.37302
296.837 4.15449 3.91474 4.39424
298.883 4.17288 3.93029 4.41547
300.93 4.19127 3.94583 4.43671
302.976 4.20966 3.96136 4.45797
