# τ vs max κ linear regression for data set DA_121219_E1.h5
# Using stimulation: 1, 2, 3
# Best fit: tau = 1.44698 + 0.00886952 kappa_Fura
# Covariance matrix:
# [ +2.29830e-02, -1.11793e-04  
#   -1.11793e-04, +6.46822e-07  ]
# Total sum of squares (TSS) = 125.427
# chisq (Residual sum of squares, RSS) = 3.80417
# Probability of observing a larger of equal RSS per DOF under the null hypothesis: 0.0511251
# R squared (1-RSS/TSS) = 0.96967
# Estimated gamma/v with standard error: 112.746 +/- 10.2233
# Estimates kappa_S with standard error (using error propagation): 162.14 +/- 22.6049
# kappa_S confidence intervals based on parametric bootstrap
# 0.95 CI for kappa_S: [109.769,234.137]
# 0.99 CI for kappa_S: [96.3416,264.062]


# The data
# κ_Fura  τ   τ_SE
91.7358 2.33157 0.0961161
194.955 3.04201 0.0933074
297.542 4.24049 0.141395


# The fitted data
# Preticted values with lower and upper bounds of 0.95 CI
# κ_Fura  τ   τ_lwr  τ_upr
-203.676 -0.359527 -0.964766 0.245712
-201.611 -0.341217 -0.943265 0.260832
-199.547 -0.322907 -0.921765 0.275952
-197.482 -0.304597 -0.900266 0.291072
-195.418 -0.286287 -0.878767 0.306194
-193.354 -0.267977 -0.857269 0.321316
-191.289 -0.249667 -0.835772 0.336439
-189.225 -0.231357 -0.814275 0.351562
-187.161 -0.213047 -0.79278 0.366687
-185.096 -0.194736 -0.771285 0.381812
-183.032 -0.176426 -0.74979 0.396938
-180.967 -0.158116 -0.728297 0.412064
-178.903 -0.139806 -0.706804 0.427192
-176.839 -0.121496 -0.685313 0.44232
-174.774 -0.103186 -0.663822 0.457449
-172.71 -0.0848762 -0.642331 0.472579
-170.646 -0.0665661 -0.620842 0.48771
-168.581 -0.0482561 -0.599354 0.502842
-166.517 -0.0299461 -0.577866 0.517974
-164.452 -0.011636 -0.55638 0.533108
-162.388 0.00667404 -0.534894 0.548242
-160.324 0.0249841 -0.513409 0.563377
-158.259 0.0432941 -0.491926 0.578514
-156.195 0.0616042 -0.470443 0.593651
-154.13 0.0799142 -0.448961 0.608789
-152.066 0.0982243 -0.42748 0.623929
-150.002 0.116534 -0.406 0.639069
-147.937 0.134844 -0.384522 0.65421
-145.873 0.153154 -0.363044 0.669353
-143.809 0.171464 -0.341567 0.684496
-141.744 0.189775 -0.320092 0.699641
-139.68 0.208085 -0.298617 0.714786
-137.615 0.226395 -0.277144 0.729933
-135.551 0.244705 -0.255672 0.745081
-133.487 0.263015 -0.234201 0.760231
-131.422 0.281325 -0.212731 0.775381
-129.358 0.299635 -0.191263 0.790533
-127.294 0.317945 -0.169796 0.805686
-125.229 0.336255 -0.14833 0.82084
-123.165 0.354565 -0.126865 0.835995
-121.1 0.372875 -0.105402 0.851152
-119.036 0.391185 -0.0839403 0.86631
-116.972 0.409495 -0.0624798 0.88147
-114.907 0.427805 -0.0410207 0.896631
-112.843 0.446115 -0.0195631 0.911793
-110.779 0.464425 0.00189305 0.926957
-108.714 0.482735 0.0233477 0.942123
-106.65 0.501045 0.0448008 0.95729
-104.585 0.519355 0.0662524 0.972458
-102.521 0.537665 0.0877023 0.987629
-100.457 0.555975 0.109151 1.0028
-98.3922 0.574286 0.130597 1.01797
-96.3279 0.592596 0.152042 1.03315
-94.2635 0.610906 0.173485 1.04833
-92.1991 0.629216 0.194927 1.0635
-90.1347 0.647526 0.216366 1.07868
-88.0703 0.665836 0.237804 1.09387
-86.006 0.684146 0.25924 1.10905
-83.9416 0.702456 0.280674 1.12424
-81.8772 0.720766 0.302106 1.13943
-79.8128 0.739076 0.323536 1.15462
-77.7484 0.757386 0.344963 1.16981
-75.6841 0.775696 0.366389 1.185
-73.6197 0.794006 0.387813 1.2002
-71.5553 0.812316 0.409234 1.2154
-69.4909 0.830626 0.430653 1.2306
-67.4266 0.848936 0.45207 1.2458
-65.3622 0.867246 0.473484 1.26101
-63.2978 0.885556 0.494896 1.27622
-61.2334 0.903866 0.516305 1.29143
-59.169 0.922176 0.537712 1.30664
-57.1047 0.940486 0.559116 1.32186
-55.0403 0.958796 0.580518 1.33708
-52.9759 0.977107 0.601916 1.3523
-50.9115 0.995417 0.623312 1.36752
-48.8471 1.01373 0.644705 1.38275
-46.7828 1.03204 0.666095 1.39798
-44.7184 1.05035 0.687482 1.41321
-42.654 1.06866 0.708866 1.42845
-40.5896 1.08697 0.730247 1.44369
-38.5252 1.10528 0.751624 1.45893
-36.4609 1.12359 0.772999 1.47418
-34.3965 1.1419 0.794369 1.48942
-32.3321 1.16021 0.815736 1.50468
-30.2677 1.17852 0.8371 1.51993
-28.2033 1.19683 0.858459 1.53519
-26.139 1.21514 0.879815 1.55046
-24.0746 1.23345 0.901167 1.56573
-22.0102 1.25176 0.922515 1.581
-19.9458 1.27007 0.943858 1.59628
-17.8814 1.28838 0.965198 1.61156
-15.8171 1.30669 0.986533 1.62684
-13.7527 1.325 1.00786 1.64213
-11.6883 1.34331 1.02919 1.65743
-9.62393 1.36162 1.05051 1.67273
-7.55955 1.37993 1.07183 1.68803
-5.49517 1.39824 1.09314 1.70334
-3.43079 1.41655 1.11444 1.71865
-1.36641 1.43486 1.13574 1.73397
0.697967 1.45317 1.15704 1.7493
2.76235 1.47148 1.17833 1.76463
4.82673 1.48979 1.19961 1.77997
6.89111 1.5081 1.22089 1.79531
8.95548 1.52641 1.24216 1.81066
11.0199 1.54472 1.26342 1.82602
13.0842 1.56303 1.28468 1.84138
15.1486 1.58134 1.30593 1.85675
17.213 1.59965 1.32717 1.87212
19.2774 1.61796 1.34841 1.88751
21.3418 1.63627 1.36964 1.9029
23.4061 1.65458 1.39086 1.9183
25.4705 1.67289 1.41207 1.93371
27.5349 1.6912 1.43327 1.94912
29.5993 1.70951 1.45447 1.96455
31.6637 1.72782 1.47566 1.97998
33.728 1.74613 1.49683 1.99542
35.7924 1.76444 1.518 2.01088
37.8568 1.78275 1.53916 2.02634
39.9212 1.80106 1.56031 2.04181
41.9856 1.81937 1.58144 2.0573
44.0499 1.83768 1.60257 2.07279
46.1143 1.85599 1.62368 2.0883
48.1787 1.8743 1.64478 2.10381
50.2431 1.89261 1.66587 2.11934
52.3075 1.91092 1.68695 2.13489
54.3718 1.92923 1.70801 2.15044
56.4362 1.94754 1.72906 2.16601
58.5006 1.96585 1.7501 2.1816
60.565 1.98416 1.77112 2.1972
62.6293 2.00247 1.79213 2.21281
64.6937 2.02078 1.81312 2.22844
66.7581 2.03909 1.83409 2.24409
68.8225 2.0574 1.85504 2.25975
70.8869 2.07571 1.87598 2.27544
72.9512 2.09402 1.8969 2.29114
75.0156 2.11233 1.9178 2.30686
77.08 2.13064 1.93868 2.3226
79.1444 2.14895 1.95954 2.33836
81.2088 2.16726 1.98037 2.35415
83.2731 2.18557 2.00119 2.36995
85.3375 2.20388 2.02198 2.38578
87.4019 2.22219 2.04274 2.40164
89.4663 2.2405 2.06348 2.41752
91.5307 2.25881 2.08419 2.43343
93.595 2.27712 2.10488 2.44936
95.6594 2.29543 2.12553 2.46533
97.7238 2.31374 2.14616 2.48132
99.7882 2.33205 2.16675 2.49735
101.853 2.35036 2.18731 2.51341
103.917 2.36867 2.20784 2.5295
105.981 2.38698 2.22833 2.54563
108.046 2.40529 2.24878 2.5618
110.11 2.4236 2.26919 2.57801
112.174 2.44191 2.28957 2.59425
114.239 2.46022 2.3099 2.61054
116.303 2.47853 2.33018 2.62688
118.368 2.49684 2.35043 2.64325
120.432 2.51515 2.37062 2.65968
122.496 2.53346 2.39077 2.67616
124.561 2.55177 2.41086 2.69268
126.625 2.57008 2.4309 2.70926
128.689 2.58839 2.45089 2.7259
130.754 2.6067 2.47081 2.74259
132.818 2.62501 2.49068 2.75934
134.883 2.64332 2.51049 2.77615
136.947 2.66163 2.53023 2.79303
139.011 2.67994 2.54991 2.80997
141.076 2.69825 2.56952 2.82698
143.14 2.71656 2.58906 2.84406
145.205 2.73487 2.60853 2.86121
147.269 2.75318 2.62792 2.87844
149.333 2.77149 2.64724 2.89574
151.398 2.7898 2.66648 2.91312
153.462 2.80811 2.68565 2.93058
155.526 2.82642 2.70473 2.94812
157.591 2.84473 2.72372 2.96574
159.655 2.86304 2.74264 2.98344
161.72 2.88135 2.76147 3.00124
163.784 2.89966 2.78021 3.01911
165.848 2.91797 2.79886 3.03708
167.913 2.93628 2.81743 3.05513
169.977 2.95459 2.83591 3.07327
172.041 2.9729 2.8543 3.09151
174.106 2.99121 2.8726 3.10983
176.17 3.00952 2.89081 3.12824
178.235 3.02783 2.90893 3.14673
180.299 3.04614 2.92696 3.16532
182.363 3.06445 2.94491 3.184
184.428 3.08276 2.96276 3.20276
186.492 3.10107 2.98054 3.22161
188.556 3.11938 2.99822 3.24054
190.621 3.13769 3.01583 3.25956
192.685 3.156 3.03335 3.27866
194.75 3.17431 3.05079 3.29784
196.814 3.19262 3.06815 3.3171
198.878 3.21093 3.08543 3.33643
200.943 3.22924 3.10264 3.35585
203.007 3.24755 3.11977 3.37533
205.072 3.26586 3.13684 3.39489
207.136 3.28417 3.15383 3.41451
209.2 3.30248 3.17076 3.43421
211.265 3.32079 3.18762 3.45397
213.329 3.3391 3.20442 3.47379
215.393 3.35741 3.22116 3.49367
217.458 3.37572 3.23783 3.51361
219.522 3.39403 3.25446 3.53361
221.587 3.41234 3.27102 3.55366
223.651 3.43065 3.28754 3.57377
225.715 3.44896 3.304 3.59393
227.78 3.46727 3.32042 3.61413
229.844 3.48558 3.33678 3.63438
231.908 3.50389 3.35311 3.65468
233.973 3.5222 3.36938 3.67502
236.037 3.54051 3.38562 3.6954
238.102 3.55882 3.40182 3.71583
240.166 3.57713 3.41798 3.73629
242.23 3.59544 3.4341 3.75679
244.295 3.61375 3.45019 3.77732
246.359 3.63206 3.46624 3.79789
248.423 3.65037 3.48226 3.81849
250.488 3.66868 3.49825 3.83912
252.552 3.68699 3.5142 3.85978
254.617 3.7053 3.53013 3.88047
256.681 3.72361 3.54603 3.90119
258.745 3.74192 3.56191 3.92194
260.81 3.76023 3.57776 3.94271
262.874 3.77854 3.59358 3.9635
264.939 3.79685 3.60938 3.98432
267.003 3.81516 3.62516 4.00516
269.067 3.83347 3.64092 4.02603
271.132 3.85178 3.65666 4.04691
273.196 3.87009 3.67237 4.06782
275.26 3.8884 3.68807 4.08874
277.325 3.90671 3.70375 4.10968
279.389 3.92502 3.71941 4.13064
281.454 3.94333 3.73505 4.15162
283.518 3.96164 3.75068 4.17261
285.582 3.97995 3.76629 4.19362
287.647 3.99826 3.78188 4.21464
289.711 4.01657 3.79747 4.23568
291.775 4.03488 3.81303 4.25674
293.84 4.05319 3.82859 4.2778
295.904 4.0715 3.84413 4.29888
297.969 4.08981 3.85965 4.31998
300.033 4.10812 3.87517 4.34108
302.097 4.12643 3.89067 4.3622
304.162 4.14474 3.90616 4.38333
306.226 4.16305 3.92164 4.40447
308.29 4.18136 3.93711 4.42561
310.355 4.19967 3.95258 4.44677
