# Data from DA_121219_E1.h5 stim 1
# Ratiometric estimator mono-exponential fit
# Fitted model Ca = baseline+delta*exp(-(t-t0)/tau)
# nobs = 173
# number of degrees of freedom = 170
# baseline length = 7
# fit started from point 34
# estimated baseline 0.0589308 and standard error 0.000575038
# estimated delta 0.113877 and standard error 0.00340461
# estimated tau 2.33157 and standard error 0.0961161
# residual sum of squares: 124.173
# RSS per degree of freedom: 0.730432
# Probability of observing a larger of equal RSS per DOF under the null hypothesis: 0.996686

# rss per degree of freedom: 0.730432

# Time    Ca  Prediction  Residual
2280.01 0.0585743 0.0589308 -0.0714906
2280.11 0.0580705 0.0589308 -0.170778
2280.21 0.0561132 0.0589308 -0.56511
2280.31 0.0548411 0.0589308 -0.819303
2280.41 0.0554093 0.0589308 -0.715177
2280.51 0.0589191 0.0589308 -0.00230505
2280.61 0.0557962 0.0589308 -0.629029

2283.41 0.181711 0.172807 0.848132
2283.51 0.174227 0.168026 0.614628
2283.61 0.16706 0.163446 0.372359
2283.71 0.146444 0.159058 -1.46699
2283.81 0.154281 0.154855 -0.0642798
2283.91 0.150905 0.150828 0.00850927
2284.01 0.150669 0.14697 0.425562
2284.11 0.152291 0.143273 1.00098
2284.21 0.147591 0.139732 0.894251
2284.31 0.134523 0.13634 -0.223478
2284.41 0.148358 0.13309 1.73093
2284.51 0.122938 0.129977 -0.934215
2284.61 0.134919 0.126994 0.960337
2284.71 0.124274 0.124137 0.0182768
2284.81 0.127658 0.121399 0.791642
2284.91 0.112825 0.118777 -0.819028
2285.01 0.108933 0.116264 -1.04743
2285.11 0.11272 0.113857 -0.16032
2285.21 0.100228 0.111551 -1.72022
2285.31 0.0973199 0.109342 -1.86132
2285.41 0.106848 0.107226 -0.0543026
2285.51 0.10035 0.105198 -0.728917
2285.61 0.102452 0.103256 -0.119834
2285.71 0.104896 0.101395 0.522192
2285.81 0.0957167 0.0996119 -0.610152
2285.91 0.0893319 0.097904 -1.3456
2286.01 0.0991106 0.0962678 0.435409
2286.11 0.0889877 0.0947003 -0.920471
2286.21 0.0940185 0.0931986 0.128498
2286.31 0.0924029 0.0917599 0.102506
2286.41 0.0942822 0.0903817 0.619271
2286.51 0.0944441 0.0890613 0.821886
2286.61 0.0840559 0.0877963 -0.62321
2286.71 0.0830623 0.0865844 -0.59847
2286.81 0.0930414 0.0854235 1.21078
2286.91 0.0822792 0.0843112 -0.352667
2287.01 0.0793626 0.0832457 -0.667721
2287.11 0.075716 0.0822249 -1.153
2287.21 0.0877666 0.0812469 1.04767
2287.31 0.0901486 0.08031 1.56562
2287.41 0.0867919 0.0794125 1.21297
2287.51 0.0747969 0.0785526 -0.668077
2287.61 0.0829399 0.0777288 0.873769
2287.71 0.0739819 0.0769396 -0.525025
2287.81 0.0814873 0.0761835 0.908782
2287.91 0.0756625 0.0754592 0.0365118
2288.01 0.080302 0.0747653 0.94826
2288.11 0.0802907 0.0741005 1.0739
2288.21 0.074703 0.0734637 0.220697
2288.31 0.0766175 0.0728535 0.661537
2288.41 0.0754374 0.072269 0.560739
2288.51 0.0677339 0.071709 -0.735801
2288.61 0.0700345 0.0711726 -0.209462
2288.71 0.0785328 0.0706586 1.35311
2288.81 0.0711023 0.0701662 0.169769
2288.91 0.0665944 0.0696945 -0.583904
2289.01 0.0646763 0.0692427 -0.875831
2289.11 0.0749085 0.0688097 1.07757
2289.21 0.0608887 0.068395 -1.48694
2289.31 0.0707642 0.0679976 0.509197
2289.41 0.0683746 0.067617 0.142551
2289.51 0.0621636 0.0672523 -0.971761
2289.61 0.0620995 0.066903 -0.930365
2289.71 0.067675 0.0665683 0.207989
2289.81 0.0741744 0.0662476 1.39316
2289.91 0.0621529 0.0659404 -0.734403
2290.01 0.0635052 0.0656461 -0.412171
2290.11 0.0660318 0.0653642 0.127207
2290.21 0.0667933 0.0650941 0.321861
2290.31 0.0694844 0.0648354 0.874493
2290.41 0.0654528 0.0645875 0.164213
2290.51 0.0651626 0.06435 0.157011
2290.61 0.0658953 0.0641225 0.335549
2290.71 0.0669535 0.0639045 0.580313
2290.81 0.0671552 0.0636957 0.652129
2290.91 0.0642453 0.0634957 0.142524
2291.01 0.0594215 0.063304 -0.766348
2291.11 0.0614032 0.0631204 -0.341524
2291.21 0.0648675 0.0629445 0.36145
2291.31 0.0576721 0.062776 -1.03433
2291.41 0.0595595 0.0626146 -0.600087
2291.51 0.0583397 0.0624599 -0.822873
2291.61 0.0578873 0.0623117 -0.880028
2291.71 0.0686598 0.0621698 1.21305
2291.81 0.0681772 0.0620338 1.14302
2291.91 0.0635117 0.0619035 0.313806
2292.01 0.0698947 0.0617787 1.51356
2292.11 0.0717018 0.0616592 1.8383
2292.21 0.0676981 0.0615446 1.15258
2292.31 0.0530291 0.0614349 -1.78495
2292.41 0.062586 0.0613298 0.244245
2292.51 0.0549589 0.061229 -1.27954
2292.61 0.0664525 0.0611325 0.978444
2292.71 0.0577423 0.0610401 -0.65916
2292.81 0.0609543 0.0609516 0.000547018
2292.91 0.0630278 0.0608667 0.424168
2293.01 0.0632564 0.0607854 0.477492
2293.11 0.0619801 0.0607076 0.251216
2293.21 0.0577108 0.060633 -0.58966
2293.31 0.0602846 0.0605615 -0.0547952
2293.41 0.0598368 0.060493 -0.130999
2293.51 0.0599382 0.0604275 -0.0973624
2293.61 0.0631556 0.0603646 0.555626
2293.71 0.0586169 0.0603044 -0.335189
2293.81 0.0630469 0.0602468 0.547515
2293.91 0.0614044 0.0601915 0.239556
2294.01 0.0600327 0.0601386 -0.0212143
2294.11 0.061776 0.0600879 0.329531
2294.21 0.062222 0.0600393 0.428218
2294.31 0.0629837 0.0599927 0.590178
2294.41 0.05981 0.0599482 -0.0272446
2294.51 0.0625418 0.0599054 0.515752
2294.61 0.0526836 0.0598645 -1.46872
2294.71 0.058355 0.0598253 -0.296214
2294.81 0.0627741 0.0597878 0.575713
2294.91 0.0553423 0.0597518 -0.889798
2295.01 0.0562992 0.0597173 -0.692485
2295.11 0.0447716 0.0596843 -3.2463
2295.21 0.0656861 0.0596527 1.1784
2295.31 0.0561586 0.0596224 -0.706523
2295.41 0.0551487 0.0595933 -0.927045
2295.51 0.061549 0.0595655 0.398208
2295.61 0.0637133 0.0595389 0.806207
2295.71 0.0701464 0.0595133 1.95952
2295.81 0.0568089 0.0594889 -0.538723
2295.91 0.0566808 0.0594654 -0.560766
2296.01 0.0603589 0.059443 0.182564
2296.11 0.0591263 0.0594215 -0.0588323
2296.21 0.0656227 0.0594009 1.21221
2296.31 0.0637312 0.0593811 0.867331
2296.41 0.0607782 0.0593622 0.27986
2296.51 0.0634839 0.0593441 0.79923
2296.61 0.0514334 0.0593268 -1.66291
2296.71 0.0645462 0.0593101 1.01929
2296.81 0.0597295 0.0592942 0.0861206
2296.91 0.0590094 0.059279 -0.0547692
2297.01 0.0633107 0.0592643 0.802769
2297.11 0.0621386 0.0592503 0.572204
2297.21 0.0684656 0.0592369 1.74218
2297.31 0.0581366 0.0592241 -0.224034
2297.41 0.0578249 0.0592117 -0.280245
2297.51 0.0497446 0.0591999 -2.04852
2297.61 0.059877 0.0591886 0.138028
2297.71 0.056108 0.0591778 -0.629094
2297.81 0.0672549 0.0591674 1.53575
2297.91 0.0591125 0.0591575 -0.00912802
2298.01 0.0644445 0.059148 1.03996
2298.11 0.055334 0.0591389 -0.783965
2298.21 0.0600742 0.0591301 0.187801
2298.31 0.0571158 0.0591218 -0.405808
2298.41 0.0527502 0.0591137 -1.33486
2298.51 0.0575847 0.0591061 -0.312452
2298.61 0.0605522 0.0590987 0.294763
2298.71 0.0631433 0.0590916 0.815062
2298.81 0.061308 0.0590849 0.450021
2298.91 0.058426 0.0590784 -0.133818
2299.01 0.0568272 0.0590722 -0.452129
2299.11 0.0600073 0.0590663 0.188464
2299.21 0.0571064 0.0590606 -0.399174
2299.31 0.0646667 0.0590551 1.07074
2299.41 0.0585492 0.0590499 -0.10151
2299.51 0.0603199 0.0590449 0.25687
2299.61 0.0591423 0.0590401 0.0207867
2299.71 0.0552356 0.0590355 -0.784588
2299.81 0.0555879 0.0590311 -0.716031
2299.91 0.0580844 0.0590269 -0.19178
