# Data from DA_121219_E1.h5 stim 3
# Ratiometric estimator mono-exponential fit
# Fitted model Ca = baseline+delta*exp(-(t-t0)/tau)
# nobs = 155
# number of degrees of freedom = 152
# baseline length = 7
# fit started from point 52
# estimated baseline 0.0503984 and standard error 0.000449798
# estimated delta 0.0560404 and standard error 0.000837688
# estimated tau 4.24049 and standard error 0.141395
# residual sum of squares: 146.478
# RSS per degree of freedom: 0.963669
# Probability of observing a larger of equal RSS per DOF under the null hypothesis: 0.611137

# rss per degree of freedom: 0.963669

# Time    Ca  Prediction  Residual
3450.01 0.0506885 0.0503984 0.141651
3450.11 0.0487195 0.0503984 -0.821382
3450.21 0.0470912 0.0503984 -1.63865
3450.31 0.0467452 0.0503984 -1.79982
3450.41 0.0493587 0.0503984 -0.507399
3450.51 0.0499604 0.0503984 -0.21387
3450.61 0.0460846 0.0503984 -2.16597

3455.21 0.103693 0.106439 -0.934299
3455.31 0.104973 0.105133 -0.0541783
3455.41 0.0995994 0.103857 -1.4693
3455.51 0.105786 0.102611 1.07554
3455.61 0.101428 0.101394 0.0114539
3455.71 0.103758 0.100206 1.20331
3455.81 0.100452 0.0990449 0.488473
3455.91 0.104023 0.0979112 2.04653
3456.01 0.0992182 0.0968038 0.827789
3456.11 0.0923191 0.0957223 -1.24307
3456.21 0.09444 0.0946659 -0.0801768
3456.31 0.0912955 0.0936342 -0.854444
3456.41 0.0972346 0.0926266 1.62343
3456.51 0.0897382 0.0916424 -0.69398
3456.61 0.0931229 0.0906811 0.877346
3456.71 0.0904444 0.0897423 0.257274
3456.81 0.0896211 0.0888253 0.295928
3456.91 0.086853 0.0879298 -0.403543
3457.01 0.0879679 0.087055 0.33804
3457.11 0.0874735 0.0862007 0.471884
3457.21 0.0881708 0.0853663 1.03342
3457.31 0.0837703 0.0845513 -0.296518
3457.41 0.0811753 0.0837553 -0.990403
3457.51 0.0810075 0.0829779 -0.775914
3457.61 0.0815533 0.0822186 -0.258249
3457.71 0.0805643 0.081477 -0.355016
3457.81 0.0759136 0.0807527 -1.95525
3457.91 0.0828613 0.0800452 1.07661
3458.01 0.0765935 0.0793543 -1.10056
3458.11 0.0797077 0.0786794 0.400846
3458.21 0.0797259 0.0780203 0.665863
3458.31 0.0777452 0.0773765 0.146567
3458.41 0.073936 0.0767478 -1.14889
3458.51 0.076182 0.0761337 0.0191278
3458.61 0.0703064 0.0755339 -2.18028
3458.71 0.0750826 0.0749481 0.0542568
3458.81 0.0754042 0.0743759 0.41391
3458.91 0.0740789 0.0738171 0.106082
3459.01 0.073592 0.0732713 0.131657
3459.11 0.0738063 0.0727382 0.442829
3459.21 0.0729106 0.0722175 0.283959
3459.31 0.0737291 0.071709 0.824739
3459.41 0.0732829 0.0712123 0.864187
3459.51 0.0757359 0.0707273 2.00171
3459.61 0.0683842 0.0702535 -0.805684
3459.71 0.0699908 0.0697907 0.0827291
3459.81 0.0707623 0.0693388 0.594812
3459.91 0.0690119 0.0688973 0.0486
3460.01 0.0622687 0.0684662 -2.74216
3460.11 0.0693771 0.0680451 0.56833
3460.21 0.0708783 0.0676338 1.36392
3460.31 0.0657883 0.0672321 -0.629692
3460.41 0.0677094 0.0668398 0.365111
3460.51 0.0637824 0.0664566 -1.15974
3460.61 0.0644121 0.0660823 -0.721006
3460.71 0.0680899 0.0657168 1.00096
3460.81 0.0683335 0.0653598 1.26541
3460.91 0.0617085 0.0650111 -1.44899
3461.01 0.0626549 0.0646705 -0.889967
3461.11 0.0638236 0.0643379 -0.226675
3461.21 0.06384 0.064013 -0.074073
3461.31 0.0626262 0.0636957 -0.471605
3461.41 0.0642113 0.0633858 0.358775
3461.51 0.0612571 0.0630831 -0.818312
3461.61 0.0622767 0.0627875 -0.22335
3461.71 0.0604301 0.0624987 -0.921783
3461.81 0.059214 0.0622167 -1.35727
3461.91 0.0634988 0.0619413 0.685367
3462.01 0.0623077 0.0616723 0.283562
3462.11 0.0616223 0.0614095 0.0932554
3462.21 0.0599399 0.0611529 -0.541051
3462.31 0.0580467 0.0609022 -1.30357
3462.41 0.0612439 0.0606574 0.264253
3462.51 0.0641604 0.0604183 1.63766
3462.61 0.058855 0.0601848 -0.592327
3462.71 0.0595374 0.0599567 -0.190645
3462.81 0.0583985 0.059734 -0.606934
3462.91 0.062981 0.0595164 1.56116
3463.01 0.0598653 0.0593039 0.250511
3463.11 0.0596071 0.0590963 0.235193
3463.21 0.0550471 0.0588936 -1.78646
3463.31 0.0586173 0.0586956 -0.0353068
3463.41 0.0624102 0.0585022 1.69953
3463.51 0.05908 0.0583134 0.343985
3463.61 0.0575762 0.0581289 -0.254361
3463.71 0.055593 0.0579487 -1.10128
3463.81 0.0553794 0.0577728 -1.12793
3463.91 0.0564478 0.0576009 -0.531252
3464.01 0.0551185 0.057433 -1.07946
3464.11 0.0532087 0.0572691 -1.92531
3464.21 0.0553718 0.057109 -0.809838
3464.31 0.0614133 0.0569526 2.02789
3464.41 0.0551022 0.0567998 -0.793199
3464.51 0.0586234 0.0566506 0.905296
3464.61 0.0565967 0.0565049 0.0420372
3464.71 0.0608982 0.0563626 2.04788
3464.81 0.056786 0.0562236 0.259241
3464.91 0.0583198 0.0560878 1.00165
3465.01 0.0583037 0.0559552 1.06394
3465.11 0.0541095 0.0558257 -0.80834
3465.21 0.057602 0.0556992 0.886625
3465.31 0.0571678 0.0555757 0.73662
3465.41 0.0559098 0.055455 0.212337
3465.51 0.0538244 0.0553372 -0.725091
3465.61 0.0570059 0.0552221 0.824495
3465.71 0.0559978 0.0551096 0.414395
3465.81 0.0552577 0.0549998 0.118262
3465.91 0.0558402 0.0548926 0.439362
3466.01 0.0545372 0.0547878 -0.115671
3466.11 0.0542223 0.0546855 -0.22218
3466.21 0.0517728 0.0545856 -1.35774
3466.31 0.0568466 0.054488 1.09286
3466.41 0.0553363 0.0543927 0.441064
3466.51 0.0519647 0.0542996 -1.10022
3466.61 0.0507388 0.0542087 -1.67418
3466.71 0.0555916 0.0541199 0.682103
3466.81 0.0547066 0.0540332 0.313895
3466.91 0.0542216 0.0539485 0.128945
3467.01 0.0541136 0.0538657 0.11635
3467.11 0.055697 0.0537849 0.892923
3467.21 0.0548022 0.053706 0.513576
3467.31 0.0569178 0.0536289 1.52957
3467.41 0.0518315 0.0535536 -0.821244
3467.51 0.0532732 0.0534801 -0.0980501
3467.61 0.0537928 0.0534083 0.181039
3467.71 0.056446 0.0533381 1.43859
3467.81 0.0525073 0.0532696 -0.361702
3467.91 0.0552558 0.0532027 0.956257
3468.01 0.0563818 0.0531373 1.50438
3468.11 0.0522194 0.0530735 -0.409495
3468.21 0.0529198 0.0530111 -0.0434652
3468.31 0.0527596 0.0529502 -0.0892039
3468.41 0.052006 0.0528908 -0.42075
3468.51 0.0544483 0.0528327 0.761428
3468.61 0.0533365 0.052776 0.265318
3468.71 0.0526995 0.0527205 -0.0100565
3468.81 0.050228 0.0526664 -1.18239
3468.91 0.0531853 0.0526136 0.273551
3469.01 0.0540033 0.0525619 0.669342
3469.11 0.0526476 0.0525115 0.063979
3469.21 0.0565952 0.0524623 1.90059
3469.31 0.0577048 0.0524142 2.38177
3469.41 0.0522366 0.0523672 -0.0622863
3469.51 0.0541931 0.0523213 0.884548
3469.61 0.0499384 0.0522765 -1.12686
3469.71 0.0557059 0.0522327 1.62241
3469.81 0.0518699 0.05219 -0.153253
3469.91 0.0516287 0.0521482 -0.246155
