# τ vs min κ linear regression for data set DA_121219_E1.h5
# Using stimulation: 1, 2, 3
# Best fit: tau = 1.53841 + 0.00911139 kappa_Fura
# Covariance matrix:
# [ +2.06548e-02, -1.07410e-04  
#   -1.07410e-04, +6.78904e-07  ]
# Total sum of squares (TSS) = 125.427
# chisq (Residual sum of squares, RSS) = 3.14551
# Probability of observing a larger of equal RSS per DOF under the null hypothesis: 0.0761362
# R squared (1-RSS/TSS) = 0.974922
# Estimated gamma/v with standard error: 109.753 +/- 9.9251
# Estimates kappa_S with standard error (using error propagation): 167.845 +/- 21.9531
# kappa_S confidence intervals based on parametric bootstrap
# 0.95 CI for kappa_S: [116.698,240.231]
# 0.99 CI for kappa_S: [101.804,269.365]


# The data
# κ_Fura  τ   τ_SE
79.7689 2.33157 0.0961161
178.463 3.04201 0.0933074
281.46 4.24049 0.141395


# The fitted data
# Preticted values with lower and upper bounds of 0.95 CI
# κ_Fura  τ   τ_lwr  τ_upr
-210.806 -0.382325 -0.989958 0.225307
-208.781 -0.363872 -0.968296 0.240553
-206.756 -0.345418 -0.946636 0.2558
-204.73 -0.326964 -0.924976 0.271048
-202.705 -0.30851 -0.903316 0.286296
-200.68 -0.290056 -0.881658 0.301545
-198.654 -0.271602 -0.86 0.316795
-196.629 -0.253149 -0.838342 0.332045
-194.603 -0.234695 -0.816686 0.347296
-192.578 -0.216241 -0.79503 0.362548
-190.553 -0.197787 -0.773376 0.377801
-188.527 -0.179333 -0.751721 0.393055
-186.502 -0.16088 -0.730068 0.408309
-184.477 -0.142426 -0.708416 0.423564
-182.451 -0.123972 -0.686764 0.43882
-180.426 -0.105518 -0.665113 0.454077
-178.401 -0.0870642 -0.643463 0.469335
-176.375 -0.0686104 -0.621814 0.484593
-174.35 -0.0501566 -0.600166 0.499853
-172.325 -0.0317028 -0.578519 0.515113
-170.299 -0.0132489 -0.556872 0.530374
-168.274 0.00520489 -0.535227 0.545637
-166.248 0.0236587 -0.513582 0.5609
-164.223 0.0421125 -0.491939 0.576164
-162.198 0.0605664 -0.470296 0.591429
-160.172 0.0790202 -0.448655 0.606695
-158.147 0.097474 -0.427014 0.621962
-156.122 0.115928 -0.405375 0.637231
-154.096 0.134382 -0.383737 0.6525
-152.071 0.152835 -0.362099 0.66777
-150.046 0.171289 -0.340463 0.683042
-148.02 0.189743 -0.318828 0.698314
-145.995 0.208197 -0.297194 0.713588
-143.97 0.226651 -0.275561 0.728863
-141.944 0.245105 -0.25393 0.744139
-139.919 0.263558 -0.232299 0.759416
-137.893 0.282012 -0.21067 0.774695
-135.868 0.300466 -0.189042 0.789974
-133.843 0.31892 -0.167416 0.805256
-131.817 0.337374 -0.14579 0.820538
-129.792 0.355828 -0.124166 0.835822
-127.767 0.374281 -0.102544 0.851107
-125.741 0.392735 -0.0809227 0.866393
-123.716 0.411189 -0.0593029 0.881681
-121.691 0.429643 -0.0376846 0.89697
-119.665 0.448097 -0.0160677 0.912261
-117.64 0.466551 0.00554763 0.927553
-115.615 0.485004 0.0271615 0.942847
-113.589 0.503458 0.0487737 0.958143
-111.564 0.521912 0.0703844 0.97344
-109.538 0.540366 0.0919934 0.988738
-107.513 0.55882 0.113601 1.00404
-105.488 0.577273 0.135206 1.01934
-103.462 0.595727 0.15681 1.03464
-101.437 0.614181 0.178412 1.04995
-99.4116 0.632635 0.200013 1.06526
-97.3863 0.651089 0.221611 1.08057
-95.3609 0.669543 0.243208 1.09588
-93.3356 0.687996 0.264802 1.11119
-91.3102 0.70645 0.286395 1.12651
-89.2849 0.724904 0.307985 1.14182
-87.2595 0.743358 0.329574 1.15714
-85.2341 0.761812 0.35116 1.17246
-83.2088 0.780266 0.372745 1.18779
-81.1834 0.798719 0.394327 1.20311
-79.1581 0.817173 0.415906 1.21844
-77.1327 0.835627 0.437484 1.23377
-75.1074 0.854081 0.459059 1.2491
-73.082 0.872535 0.480631 1.26444
-71.0566 0.890988 0.502201 1.27978
-69.0313 0.909442 0.523769 1.29512
-67.0059 0.927896 0.545334 1.31046
-64.9806 0.94635 0.566896 1.3258
-62.9552 0.964804 0.588455 1.34115
-60.9298 0.983258 0.610012 1.3565
-58.9045 1.00171 0.631566 1.37186
-56.8791 1.02017 0.653116 1.38721
-54.8538 1.03862 0.674664 1.40257
-52.8284 1.05707 0.696209 1.41794
-50.8031 1.07553 0.71775 1.4333
-48.7777 1.09398 0.739288 1.44867
-46.7523 1.11243 0.760823 1.46405
-44.727 1.13089 0.782354 1.47942
-42.7016 1.14934 0.803882 1.4948
-40.6763 1.1678 0.825406 1.51019
-38.6509 1.18625 0.846926 1.52557
-36.6255 1.2047 0.868443 1.54096
-34.6002 1.22316 0.889955 1.55636
-32.5748 1.24161 0.911464 1.57176
-30.5495 1.26006 0.932968 1.58716
-28.5241 1.27852 0.954468 1.60257
-26.4988 1.29697 0.975963 1.61798
-24.4734 1.31543 0.997454 1.6334
-22.448 1.33388 1.01894 1.64882
-20.4227 1.35233 1.04042 1.66425
-18.3973 1.37079 1.0619 1.67968
-16.372 1.38924 1.08337 1.69511
-14.3466 1.4077 1.10484 1.71055
-12.3213 1.42615 1.1263 1.726
-10.2959 1.4446 1.14775 1.74145
-8.27054 1.46306 1.1692 1.75691
-6.24518 1.48151 1.19064 1.77238
-4.21982 1.49996 1.21208 1.78785
-2.19446 1.51842 1.23351 1.80332
-0.169104 1.53687 1.25494 1.81881
1.85625 1.55533 1.27636 1.8343
3.88161 1.57378 1.29777 1.84979
5.90697 1.59223 1.31917 1.8653
7.93233 1.61069 1.34057 1.88081
9.95769 1.62914 1.36196 1.89633
11.983 1.6476 1.38334 1.91185
14.0084 1.66605 1.40471 1.92739
16.0338 1.6845 1.42607 1.94293
18.0591 1.70296 1.44743 1.95848
20.0845 1.72141 1.46878 1.97405
22.1098 1.73986 1.49011 1.98962
24.1352 1.75832 1.51144 2.0052
26.1606 1.77677 1.53276 2.02079
28.1859 1.79523 1.55406 2.03639
30.2113 1.81368 1.57536 2.052
32.2366 1.83213 1.59665 2.06762
34.262 1.85059 1.61792 2.08325
36.2873 1.86904 1.63918 2.0989
38.3127 1.88749 1.66043 2.11456
40.3381 1.90595 1.68167 2.13023
42.3634 1.9244 1.70289 2.14591
44.3888 1.94286 1.7241 2.16161
46.4141 1.96131 1.7453 2.17733
48.4395 1.97976 1.76648 2.19305
50.4648 1.99822 1.78764 2.2088
52.4902 2.01667 1.80879 2.22456
54.5156 2.03513 1.82992 2.24033
56.5409 2.05358 1.85103 2.25612
58.5663 2.07203 1.87213 2.27194
60.5916 2.09049 1.89321 2.28777
62.617 2.10894 1.91427 2.30362
64.6424 2.12739 1.9353 2.31949
66.6677 2.14585 1.95632 2.33538
68.6931 2.1643 1.97731 2.35129
70.7184 2.18276 1.99828 2.36723
72.7438 2.20121 2.01923 2.38319
74.7691 2.21966 2.04015 2.39917
76.7945 2.23812 2.06105 2.41519
78.8199 2.25657 2.08192 2.43123
80.8452 2.27503 2.10276 2.44729
82.8706 2.29348 2.12357 2.46339
84.8959 2.31193 2.14435 2.47952
86.9213 2.33039 2.1651 2.49568
88.9466 2.34884 2.18581 2.51187
90.972 2.36729 2.20649 2.52809
92.9974 2.38575 2.22714 2.54436
95.0227 2.4042 2.24774 2.56066
97.0481 2.42266 2.26831 2.577
99.0734 2.44111 2.28884 2.59338
101.099 2.45956 2.30932 2.6098
103.124 2.47802 2.32976 2.62627
105.15 2.49647 2.35015 2.64279
107.175 2.51493 2.3705 2.65935
109.2 2.53338 2.39079 2.67596
111.226 2.55183 2.41104 2.69263
113.251 2.57029 2.43123 2.70935
115.276 2.58874 2.45136 2.72612
117.302 2.60719 2.47144 2.74295
119.327 2.62565 2.49145 2.75984
121.352 2.6441 2.5114 2.7768
123.378 2.66256 2.53129 2.79382
125.403 2.68101 2.55111 2.8109
127.428 2.69946 2.57087 2.82806
129.454 2.71792 2.59055 2.84528
131.479 2.73637 2.61016 2.86258
133.505 2.75482 2.6297 2.87995
135.53 2.77328 2.64915 2.8974
137.555 2.79173 2.66853 2.91493
139.581 2.81019 2.68783 2.93254
141.606 2.82864 2.70705 2.95023
143.631 2.84709 2.72618 2.96801
145.657 2.86555 2.74523 2.98587
147.682 2.884 2.76419 3.00381
149.707 2.90246 2.78307 3.02185
151.733 2.92091 2.80185 3.03997
153.758 2.93936 2.82055 3.05818
155.783 2.95782 2.83915 3.07648
157.809 2.97627 2.85767 3.09487
159.834 2.99472 2.8761 3.11335
161.86 3.01318 2.89443 3.13192
163.885 3.03163 2.91268 3.15058
165.91 3.05009 2.93084 3.16933
167.936 3.06854 2.94891 3.18817
169.961 3.08699 2.96689 3.2071
171.986 3.10545 2.98478 3.22611
174.012 3.1239 3.00259 3.24521
176.037 3.14236 3.02031 3.2644
178.062 3.16081 3.03795 3.28366
180.088 3.17926 3.05551 3.30301
182.113 3.19772 3.07299 3.32244
184.138 3.21617 3.0904 3.34194
186.164 3.23462 3.10773 3.36152
188.189 3.25308 3.12498 3.38118
190.215 3.27153 3.14216 3.4009
192.24 3.28999 3.15927 3.4207
194.265 3.30844 3.17632 3.44056
196.291 3.32689 3.1933 3.46049
198.316 3.34535 3.21022 3.48048
200.341 3.3638 3.22707 3.50053
202.367 3.38225 3.24387 3.52064
204.392 3.40071 3.26061 3.54081
206.417 3.41916 3.2773 3.56103
208.443 3.43762 3.29393 3.5813
210.468 3.45607 3.31051 3.60163
212.493 3.47452 3.32704 3.622
214.519 3.49298 3.34353 3.64243
216.544 3.51143 3.35997 3.66289
218.57 3.52989 3.37637 3.6834
220.595 3.54834 3.39273 3.70395
222.62 3.56679 3.40904 3.72454
224.646 3.58525 3.42532 3.74517
226.671 3.6037 3.44156 3.76584
228.696 3.62215 3.45777 3.78654
230.722 3.64061 3.47394 3.80728
232.747 3.65906 3.49008 3.82804
234.772 3.67752 3.50619 3.84884
236.798 3.69597 3.52227 3.86967
238.823 3.71442 3.53832 3.89053
240.849 3.73288 3.55434 3.91142
242.874 3.75133 3.57033 3.93233
244.899 3.76979 3.58631 3.95326
246.925 3.78824 3.60225 3.97423
248.95 3.80669 3.61817 3.99521
250.975 3.82515 3.63407 4.01622
253.001 3.8436 3.64995 4.03725
255.026 3.86205 3.66581 4.0583
257.051 3.88051 3.68165 4.07937
259.077 3.89896 3.69747 4.10046
261.102 3.91742 3.71327 4.12156
263.127 3.93587 3.72905 4.14269
265.153 3.95432 3.74482 4.16383
267.178 3.97278 3.76057 4.18499
269.204 3.99123 3.7763 4.20616
271.229 4.00968 3.79202 4.22735
273.254 4.02814 3.80772 4.24855
275.28 4.04659 3.82341 4.26977
277.305 4.06505 3.83909 4.291
279.33 4.0835 3.85475 4.31225
281.356 4.10195 3.8704 4.33351
283.381 4.12041 3.88604 4.35477
285.406 4.13886 3.90167 4.37606
287.432 4.15732 3.91728 4.39735
289.457 4.17577 3.93289 4.41865
291.482 4.19422 3.94848 4.43996
293.508 4.21268 3.96407 4.46129
