# τ vs min κ linear regression for data set DA_130531_E1.h5
# Using stimulation: 1, 2, 3, 4, 5
# Best fit: tau = 1.43087 + 0.0111634 kappa_Fura
# Covariance matrix:
# [ +5.43200e-02, -3.07519e-04  
#   -3.07519e-04, +2.08966e-06  ]
# Total sum of squares (TSS) = 66.2431
# chisq (Residual sum of squares, RSS) = 6.60545
# Probability of observing a larger of equal RSS per DOF under the null hypothesis: 0.0855953
# R squared (1-RSS/TSS) = 0.900285
# Estimated gamma/v with standard error: 89.5782 +/- 11.5996
# Estimates kappa_S with standard error (using error propagation): 127.175 +/- 26.6712
# kappa_S confidence intervals based on parametric bootstrap
# 0.95 CI for kappa_S: [69.1312,223.425]
# 0.99 CI for kappa_S: [53.6635,268.031]


# The data
# κ_Fura  τ   τ_SE
64.0567 2.40145 0.217242
113.36 2.58752 0.15554
173.949 3.25505 0.208802
236.392 3.84203 0.247316
274.677 5.14467 0.342831


# The fitted data
# Preticted values with lower and upper bounds of 0.95 CI
# κ_Fura  τ   τ_lwr  τ_upr
-159.969 -0.354927 -1.24491 0.535053
-158.175 -0.334905 -1.21992 0.550107
-156.382 -0.314884 -1.19493 0.565162
-154.588 -0.294862 -1.16994 0.580219
-152.795 -0.27484 -1.14496 0.595277
-151.001 -0.254818 -1.11997 0.610336
-149.208 -0.234796 -1.09499 0.625396
-147.414 -0.214775 -1.07001 0.640458
-145.621 -0.194753 -1.04503 0.655522
-143.827 -0.174731 -1.02005 0.670586
-142.034 -0.154709 -0.995071 0.685653
-140.24 -0.134687 -0.970095 0.700721
-138.446 -0.114666 -0.945121 0.71579
-136.653 -0.0946437 -0.920148 0.730861
-134.859 -0.0746219 -0.895177 0.745934
-133.066 -0.0546001 -0.870208 0.761008
-131.272 -0.0345783 -0.84524 0.776084
-129.479 -0.0145565 -0.820274 0.791161
-127.685 0.00546535 -0.79531 0.80624
-125.892 0.0254872 -0.770347 0.821321
-124.098 0.045509 -0.745386 0.836404
-122.305 0.0655308 -0.720427 0.851489
-120.511 0.0855526 -0.69547 0.866575
-118.718 0.105574 -0.670515 0.881664
-116.924 0.125596 -0.645561 0.896754
-115.131 0.145618 -0.62061 0.911846
-113.337 0.16564 -0.595661 0.92694
-111.544 0.185662 -0.570713 0.942037
-109.75 0.205683 -0.545768 0.957135
-107.957 0.225705 -0.520825 0.972235
-106.163 0.245727 -0.495884 0.987338
-104.37 0.265749 -0.470945 1.00244
-102.576 0.285771 -0.446009 1.01755
-100.783 0.305793 -0.421074 1.03266
-98.9891 0.325814 -0.396143 1.04777
-97.1956 0.345836 -0.371213 1.06289
-95.4021 0.365858 -0.346286 1.078
-93.6086 0.38588 -0.321361 1.09312
-91.815 0.405902 -0.296439 1.10824
-90.0215 0.425923 -0.27152 1.12337
-88.228 0.445945 -0.246603 1.13849
-86.4345 0.465967 -0.221689 1.15362
-84.641 0.485989 -0.196778 1.16876
-82.8474 0.506011 -0.171869 1.18389
-81.0539 0.526032 -0.146964 1.19903
-79.2604 0.546054 -0.122061 1.21417
-77.4669 0.566076 -0.0971613 1.22931
-75.6734 0.586098 -0.0722647 1.24446
-73.8799 0.60612 -0.0473713 1.25961
-72.0863 0.626141 -0.0224812 1.27476
-70.2928 0.646163 0.00240573 1.28992
-68.4993 0.666185 0.0272892 1.30508
-66.7058 0.686207 0.0521693 1.32024
-64.9123 0.706229 0.0770459 1.33541
-63.1188 0.726251 0.101919 1.35058
-61.3252 0.746272 0.126788 1.36576
-59.5317 0.766294 0.151653 1.38093
-57.7382 0.786316 0.176515 1.39612
-55.9447 0.806338 0.201373 1.4113
-54.1512 0.82636 0.226226 1.42649
-52.3576 0.846381 0.251076 1.44169
-50.5641 0.866403 0.275921 1.45689
-48.7706 0.886425 0.300762 1.47209
-46.9771 0.906447 0.325598 1.4873
-45.1836 0.926469 0.350429 1.50251
-43.3901 0.94649 0.375256 1.51772
-41.5965 0.966512 0.400079 1.53295
-39.803 0.986534 0.424896 1.54817
-38.0095 1.00656 0.449708 1.5634
-36.216 1.02658 0.474515 1.57864
-34.4225 1.0466 0.499317 1.59388
-32.629 1.06662 0.524113 1.60913
-30.8354 1.08664 0.548903 1.62438
-29.0419 1.10666 0.573688 1.63964
-27.2484 1.12669 0.598467 1.65491
-25.4549 1.14671 0.623239 1.67018
-23.6614 1.16673 0.648006 1.68546
-21.8678 1.18675 0.672766 1.70074
-20.0743 1.20677 0.697519 1.71603
-18.2808 1.2268 0.722265 1.73133
-16.4873 1.24682 0.747005 1.74663
-14.6938 1.26684 0.771737 1.76194
-12.9003 1.28686 0.796462 1.77726
-11.1067 1.30688 0.821179 1.79259
-9.31322 1.3269 0.845889 1.80792
-7.51971 1.34693 0.87059 1.82326
-5.72619 1.36695 0.895283 1.83861
-3.93267 1.38697 0.919967 1.85397
-2.13915 1.40699 0.944643 1.86934
-0.345635 1.42701 0.96931 1.88472
1.44788 1.44704 0.993967 1.9001
3.2414 1.46706 1.01861 1.9155
5.03492 1.48708 1.04325 1.93091
6.82844 1.5071 1.06788 1.94632
8.62195 1.52712 1.0925 1.96175
10.4155 1.54714 1.1171 1.97719
12.209 1.56717 1.1417 1.99264
14.0025 1.58719 1.16628 2.0081
15.796 1.60721 1.19085 2.02357
17.5895 1.62723 1.21541 2.03906
19.3831 1.64725 1.23995 2.05456
21.1766 1.66728 1.26448 2.07007
22.9701 1.6873 1.289 2.08559
24.7636 1.70732 1.31351 2.10113
26.5571 1.72734 1.338 2.11669
28.3506 1.74736 1.36247 2.13226
30.1442 1.76738 1.38693 2.14784
31.9377 1.78741 1.41137 2.16344
33.7312 1.80743 1.43579 2.17906
35.5247 1.82745 1.4602 2.1947
37.3182 1.84747 1.48459 2.21035
39.1118 1.86749 1.50896 2.22603
40.9053 1.88752 1.53331 2.24172
42.6988 1.90754 1.55764 2.25743
44.4923 1.92756 1.58195 2.27317
46.2858 1.94758 1.60624 2.28892
48.0793 1.9676 1.63051 2.3047
49.8729 1.98762 1.65475 2.3205
51.6664 2.00765 1.67897 2.33633
53.4599 2.02767 1.70316 2.35218
55.2534 2.04769 1.72732 2.36806
57.0469 2.06771 1.75146 2.38396
58.8404 2.08773 1.77557 2.3999
60.634 2.10776 1.79965 2.41586
62.4275 2.12778 1.8237 2.43185
64.221 2.1478 1.84772 2.44788
66.0145 2.16782 1.8717 2.46394
67.808 2.18784 1.89565 2.48003
69.6016 2.20786 1.91957 2.49616
71.3951 2.22789 1.94344 2.51233
73.1886 2.24791 1.96728 2.52853
74.9821 2.26793 1.99108 2.54478
76.7756 2.28795 2.01483 2.56107
78.5691 2.30797 2.03854 2.57741
80.3627 2.328 2.06221 2.59378
82.1562 2.34802 2.08582 2.61021
83.9497 2.36804 2.10939 2.62669
85.7432 2.38806 2.1329 2.64322
87.5367 2.40808 2.15636 2.6598
89.3302 2.4281 2.17977 2.67644
91.1238 2.44813 2.20311 2.69314
92.9173 2.46815 2.22639 2.7099
94.7108 2.48817 2.24961 2.72672
96.5043 2.50819 2.27277 2.74361
98.2978 2.52821 2.29585 2.76057
100.091 2.54824 2.31887 2.7776
101.885 2.56826 2.34181 2.79471
103.678 2.58828 2.36467 2.81189
105.472 2.6083 2.38745 2.82915
107.265 2.62832 2.41015 2.8465
109.059 2.64834 2.43276 2.86393
110.852 2.66837 2.45528 2.88145
112.646 2.68839 2.47771 2.89907
114.439 2.70841 2.50004 2.91678
116.233 2.72843 2.52227 2.93459
118.027 2.74845 2.5444 2.95251
119.82 2.76848 2.56642 2.97053
121.614 2.7885 2.58834 2.98865
123.407 2.80852 2.61014 3.0069
125.201 2.82854 2.63183 3.02525
126.994 2.84856 2.6534 3.04372
128.788 2.86858 2.67485 3.06232
130.581 2.88861 2.69617 3.08104
132.375 2.90863 2.71737 3.09988
134.168 2.92865 2.73844 3.11886
135.962 2.94867 2.75938 3.13796
137.755 2.96869 2.78019 3.1572
139.549 2.98872 2.80086 3.17657
141.342 3.00874 2.8214 3.19607
143.136 3.02876 2.8418 3.21572
144.929 3.04878 2.86206 3.2355
146.723 3.0688 2.88219 3.25542
148.516 3.08882 2.90218 3.27547
150.31 3.10885 2.92202 3.29567
152.103 3.12887 2.94173 3.316
153.897 3.14889 2.96131 3.33647
155.69 3.16891 2.98074 3.35708
157.484 3.18893 3.00005 3.37782
159.277 3.20896 3.01922 3.39869
161.071 3.22898 3.03825 3.4197
162.864 3.249 3.05716 3.44084
164.658 3.26902 3.07594 3.4621
166.452 3.28904 3.09459 3.48349
168.245 3.30906 3.11313 3.505
170.039 3.32909 3.13154 3.52663
171.832 3.34911 3.14984 3.54838
173.626 3.36913 3.16802 3.57024
175.419 3.38915 3.18609 3.59221
177.213 3.40917 3.20406 3.61429
179.006 3.42919 3.22192 3.63647
180.8 3.44922 3.23968 3.65875
182.593 3.46924 3.25734 3.68114
184.387 3.48926 3.27491 3.70361
186.18 3.50928 3.29239 3.72618
187.974 3.5293 3.30977 3.74883
189.767 3.54933 3.32708 3.77157
191.561 3.56935 3.3443 3.7944
193.354 3.58937 3.36144 3.8173
195.148 3.60939 3.37851 3.84028
196.941 3.62941 3.3955 3.86333
198.735 3.64943 3.41242 3.88645
200.528 3.66946 3.42928 3.90963
202.322 3.68948 3.44607 3.93289
204.115 3.7095 3.4628 3.9562
205.909 3.72952 3.47947 3.97958
207.702 3.74954 3.49608 4.00301
209.496 3.76957 3.51263 4.0265
211.289 3.78959 3.52914 4.05004
213.083 3.80961 3.54559 4.07363
214.876 3.82963 3.56199 4.09727
216.67 3.84965 3.57835 4.12096
218.464 3.86967 3.59466 4.14469
220.257 3.8897 3.61093 4.16847
222.051 3.90972 3.62715 4.19228
223.844 3.92974 3.64334 4.21614
225.638 3.94976 3.65949 4.24004
227.431 3.96978 3.6756 4.26397
229.225 3.98981 3.69167 4.28794
231.018 4.00983 3.70772 4.31194
232.812 4.02985 3.72373 4.33597
234.605 4.04987 3.7397 4.36004
236.399 4.06989 3.75565 4.38413
238.192 4.08991 3.77157 4.40826
239.986 4.10994 3.78746 4.43241
241.779 4.12996 3.80333 4.45659
243.573 4.14998 3.81916 4.4808
245.366 4.17 3.83498 4.50503
247.16 4.19002 3.85077 4.52928
248.953 4.21005 3.86653 4.55356
250.747 4.23007 3.88228 4.57786
252.54 4.25009 3.898 4.60218
254.334 4.27011 3.9137 4.62652
256.127 4.29013 3.92939 4.65088
257.921 4.31015 3.94505 4.67526
259.714 4.33018 3.9607 4.69966
261.508 4.3502 3.97632 4.72407
263.301 4.37022 3.99193 4.74851
265.095 4.39024 4.00753 4.77296
266.889 4.41026 4.0231 4.79742
268.682 4.43029 4.03866 4.82191
270.476 4.45031 4.05421 4.8464
272.269 4.47033 4.06974 4.87091
274.063 4.49035 4.08526 4.89544
275.856 4.51037 4.10077 4.91998
277.65 4.53039 4.11626 4.94453
279.443 4.55042 4.13174 4.96909
281.237 4.57044 4.1472 4.99367
283.03 4.59046 4.16266 5.01826
284.824 4.61048 4.1781 5.04286
286.617 4.6305 4.19354 5.06747
