# Data from DA_130531_E1.h5 stim 1
# Ratiometric estimator
# Ratiometric estimator:
#    Time    Ca (est)    Ca (se)
 1020.015 0.0837388113 0.00983348067
 1020.115 0.07707503 0.00985931171
 1020.215 0.0882407141 0.0099857241
 1020.315 0.0737614593 0.00954282714
 1020.415 0.0784361511 0.00942414492
 1020.515 0.0691620556 0.00912107417
 1020.615 0.0813203939 0.00977936508
 1020.715 0.0948852144 0.0101082475
 1020.815 0.0765790552 0.00961084068
 1020.915 0.0682297218 0.00918718161
 1021.015 0.0870416918 0.0100317555
 1021.115 0.0790314156 0.00957211153
 1021.215 0.0605347268 0.00888645401
 1021.315 0.0634948599 0.00937801209
 1021.415 0.0812728716 0.00992809895
 1021.515 0.090899236 0.0103258781
 1021.615 0.108132415 0.0111860694
 1021.715 0.168612931 0.0139294859
 1021.815 0.191938344 0.0157097103
 1021.915 0.209424013 0.0161981203
 1022.015 0.24249614 0.0193905646
 1022.115 0.24822597 0.019797878
 1022.215 0.188990722 0.0156308434
 1022.315 0.231561054 0.0180378834
 1022.415 0.18268378 0.014984165
 1022.515 0.209635052 0.0170835787
 1022.615 0.168221303 0.0149430104
 1022.715 0.164866608 0.0143048951
 1022.815 0.148937163 0.0131759446
 1022.915 0.138823189 0.0126687001
 1023.015 0.156689696 0.0134784963
 1023.115 0.13945961 0.0129887569
 1023.215 0.126507693 0.0120743102
 1023.315 0.142750389 0.0126930645
 1023.415 0.142615071 0.0132935541
 1023.515 0.144335579 0.0127636427
 1023.615 0.153551969 0.013164263
 1023.715 0.135300943 0.0125992862
 1023.815 0.135089252 0.0125100572
 1023.915 0.143945193 0.0128667754
 1024.015 0.115155412 0.0114096411
 1024.115 0.121359186 0.0118623867
 1024.215 0.14241698 0.0129386735
 1024.315 0.116635379 0.0115466608
 1024.415 0.0957378683 0.0107767251
 1024.515 0.11330086 0.0114529732
 1024.615 0.0940096948 0.0105429399
 1024.715 0.110039204 0.0110956182
 1024.815 0.0959055445 0.0105685565
 1024.915 0.105713114 0.0110283327
 1025.015 0.131737007 0.0119950537
 1025.115 0.0974176354 0.0106750836
 1025.215 0.0959231217 0.0102015216
 1025.315 0.0924553168 0.0102485006
 1025.415 0.0874516611 0.00998178177
 1025.515 0.072678136 0.00949161238
 1025.615 0.0955594849 0.0102287981
 1025.715 0.0962487339 0.0105311202
 1025.815 0.0938707509 0.0105324405
 1025.915 0.101485081 0.0108819103
 1026.015 0.101024389 0.010630941
 1026.115 0.098664849 0.0105788057
 1026.215 0.0925735186 0.0103878123
 1026.315 0.104293261 0.0108266462
 1026.415 0.107228589 0.0107799673
 1026.515 0.0955551747 0.0105946699
 1026.615 0.0892143219 0.0100139259
 1026.715 0.105572599 0.0105897811
 1026.815 0.0835363253 0.00999670937
 1026.915 0.0958412657 0.0100261541
 1027.015 0.0808635841 0.00981976446
 1027.115 0.0820076992 0.00956012393
 1027.215 0.0818356715 0.00978289302
 1027.315 0.0895812647 0.0104284356
 1027.415 0.0867250573 0.0103430005
 1027.515 0.0882378292 0.00988167343
 1027.615 0.087066103 0.00990170527
 1027.715 0.0935028262 0.0102392873
 1027.815 0.0847945742 0.00991349562
 1027.915 0.0878457485 0.0101054785
 1028.015 0.0822411124 0.00978194099
 1028.115 0.0850801221 0.0100647275
 1028.215 0.0716028698 0.00932470126
 1028.315 0.0873947522 0.0101109801
 1028.415 0.0866333532 0.00960771097
 1028.515 0.0574160277 0.00886744457
 1028.615 0.0854581208 0.00990176868
 1028.715 0.0877532487 0.0100453517
 1028.815 0.0812682828 0.00990235826
 1028.915 0.0798604372 0.00954625908
 1029.015 0.0878614988 0.00984508072
 1029.115 0.0851047271 0.00961585387
 1029.215 0.0770078355 0.00932301363
 1029.315 0.0825508983 0.00962279194
 1029.415 0.070687284 0.00902101909
 1029.515 0.0833026229 0.00957318855
 1029.615 0.0997278363 0.0101428025
 1029.715 0.0699137713 0.00922743493
 1029.815 0.0735571348 0.00926955652
 1029.915 0.071159184 0.00936083144
 1030.015 0.0653338754 0.00885876856
 1030.115 0.0650277033 0.00870001367
 1030.215 0.0830291809 0.00980516519
 1030.315 0.0593278738 0.0087861447
 1030.415 0.077532231 0.00940618083
 1030.515 0.077866478 0.00945402046
 1030.615 0.0774969497 0.00928614604
 1030.715 0.0860659437 0.00990261949
 1030.815 0.0706523816 0.00912647303
 1030.915 0.0725949607 0.00944282735
 1031.015 0.0709483008 0.00915778526
 1031.115 0.0665910507 0.00878908538
 1031.215 0.0736601644 0.00972985591
 1031.315 0.0819252138 0.00946740393
 1031.415 0.0593722099 0.00873547599
 1031.515 0.0566241852 0.00861925014
 1031.615 0.0694263079 0.00912425273
 1031.715 0.0740269434 0.00967998553
 1031.815 0.0677405931 0.00910717045
 1031.915 0.0671261993 0.00917202616
 1032.015 0.0513592398 0.00847001562
 1032.115 0.0713020987 0.00937127059
 1032.215 0.0763762884 0.00950753318
 1032.315 0.0621571163 0.00867142752
 1032.415 0.0532871609 0.00849564473
 1032.515 0.0695774857 0.0091954917
 1032.615 0.0722883582 0.00930985249
 1032.715 0.0619023293 0.00889470299
 1032.815 0.082183381 0.00947507047
 1032.915 0.0713531371 0.00937940229
 1033.015 0.0725243081 0.00937584337
 1033.115 0.0716516847 0.00891754788
 1033.215 0.0589767537 0.0085779662
 1033.315 0.0760429233 0.00963806728
 1033.415 0.0678601983 0.00923363728
 1033.515 0.0694316009 0.00936255443
 1033.615 0.0660796574 0.0089003338
 1033.715 0.065176865 0.00911388879
 1033.815 0.0724200656 0.0092241986
 1033.915 0.0774558728 0.00949010689
 1034.015 0.060683367 0.00892587427
 1034.115 0.0851085322 0.00967830881
 1034.215 0.0618357088 0.00861471735
 1034.315 0.0828466117 0.00960830484
 1034.415 0.0787950983 0.00966129115
 1034.515 0.0856279587 0.0096686403
 1034.615 0.0717539616 0.00921053114
 1034.715 0.0832516094 0.00957571955
 1034.815 0.0524905042 0.00843188598
 1034.915 0.0745816935 0.00957842831
 1035.015 0.0760160526 0.00923385348
 1035.115 0.0667664877 0.0088814707
 1035.215 0.0631894807 0.00881114524
 1035.315 0.0807940571 0.00935089508
 1035.415 0.0728617962 0.00929994331
 1035.515 0.0779078524 0.0094364494
 1035.615 0.0882174261 0.00999385532
 1035.715 0.0864709261 0.00977824459
 1035.815 0.0910743481 0.0102660192
 1035.915 0.0833033184 0.00938985756
 1036.015 0.0838677827 0.00998593454
 1036.115 0.0816570326 0.00959723819
 1036.215 0.101999014 0.0102967212
 1036.315 0.0636700091 0.00895051546
 1036.415 0.0687963402 0.00914973736
 1036.515 0.0754407893 0.00926895209
 1036.615 0.0603006085 0.00895163303
 1036.715 0.0786359538 0.0094929073
 1036.815 0.064929929 0.00909975537
 1036.915 0.0713967196 0.00926206711
 1037.015 0.0797598944 0.00984819137
 1037.115 0.0654825629 0.00894750427
 1037.215 0.0793921174 0.0094104071
 1037.315 0.0709192574 0.00921351034
 1037.415 0.071335489 0.00938064125
 1037.515 0.0951403554 0.00984748145
 1037.615 0.0538756815 0.0085524562
 1037.715 0.0600560422 0.00885712763
 1037.815 0.0604141825 0.00888207844
 1037.915 0.066154321 0.00912971794
 1038.015 0.0824908552 0.00961742118
 1038.115 0.0680352584 0.00910705802
 1038.215 0.0710420357 0.00942244838
 1038.315 0.0698874715 0.00919532384
 1038.415 0.0639592253 0.00902722479
 1038.515 0.074071454 0.00930299939
 1038.615 0.0840525985 0.0096833099
 1038.715 0.0873655264 0.0099321997
 1038.815 0.0697047234 0.00909970576
 1038.915 0.0778998835 0.00923411776
 1039.015 0.068937779 0.0091128067
 1039.115 0.0887993006 0.00986638481
 1039.215 0.0810785789 0.00973693576
 1039.315 0.0636436835 0.00903530181
 1039.415 0.0866235207 0.0098056001
 1039.515 0.0751351516 0.00933603231
 1039.615 0.067877754 0.00889538171
 1039.715 0.0650679856 0.00876959329
 1039.815 0.0593767113 0.00867752439
 1039.915 0.0644780469 0.00909377866


