# Data from DA_130531_E1.h5 stim 2
# Ratiometric estimator
# Ratiometric estimator:
#    Time    Ca (est)    Ca (se)
 1320.015 0.0689464719 0.00605384887
 1320.115 0.053038415 0.00557312785
 1320.215 0.0597458375 0.00574691231
 1320.315 0.0636232641 0.00604342258
 1320.415 0.0708866657 0.00614469615
 1320.515 0.0574540945 0.00590250269
 1320.615 0.0694625263 0.00607275885
 1320.715 0.0566875786 0.00588898894
 1320.815 0.0752038985 0.00631910605
 1320.915 0.066903373 0.00600327324
 1321.015 0.0668896688 0.00610894063
 1321.115 0.0582925534 0.00576559187
 1321.215 0.0504027585 0.00560006133
 1321.315 0.0593345498 0.00597691545
 1321.415 0.0556435372 0.00579871718
 1321.515 0.0537183471 0.00579735845
 1321.615 0.101192983 0.00720261703
 1321.715 0.135445613 0.00822159172
 1321.815 0.159314334 0.00940605894
 1321.915 0.169516002 0.00964342042
 1322.015 0.192649623 0.0107120017
 1322.115 0.201216649 0.0110017582
 1322.215 0.200877747 0.0108905017
 1322.315 0.200652836 0.0107109802
 1322.415 0.197996919 0.0108072578
 1322.515 0.185941174 0.010254487
 1322.615 0.156406836 0.00930439524
 1322.715 0.174501978 0.00976046292
 1322.815 0.16082319 0.00928331745
 1322.915 0.158497525 0.00943883976
 1323.015   0.16282 0.00949723603
 1323.115 0.171446453 0.00957844662
 1323.215 0.15904266 0.00922956474
 1323.315 0.161911309 0.00933774602
 1323.415 0.150392372 0.00896771146
 1323.515 0.163289968 0.00928002466
 1323.615 0.142266225 0.00858980935
 1323.715 0.138601121 0.00836496316
 1323.815 0.129462925 0.00815650432
 1323.915 0.129627186 0.00830973873
 1324.015 0.121500109 0.00790257861
 1324.115 0.126463453 0.00802508055
 1324.215 0.114745953 0.0077754122
 1324.315 0.143729133 0.00871278708
 1324.415 0.133547994 0.00844252437
 1324.515 0.122241669 0.00797190275
 1324.615 0.117598455 0.00788458729
 1324.715 0.130518071 0.00805637418
 1324.815 0.143420474 0.00853581316
 1324.915 0.129255526 0.00811164989
 1325.015 0.120404116 0.0079247683
 1325.115 0.116525556 0.00761151692
 1325.215 0.116637562 0.00762107332
 1325.315 0.107865798 0.00729926009
 1325.415 0.0998490173 0.00724321807
 1325.515 0.0885025998 0.00682998112
 1325.615 0.108092163 0.00735720603
 1325.715 0.115932556 0.00754138811
 1325.815 0.0887114943 0.00680496597
 1325.915 0.10220005 0.00738040316
 1326.015 0.096808334 0.0071517501
 1326.115 0.0868915291 0.00669189349
 1326.215 0.105224754 0.0072013221
 1326.315 0.0988958026 0.00714157877
 1326.415 0.0835050159 0.00662847633
 1326.515 0.0798137096 0.00656641434
 1326.615 0.10086912 0.00706840285
 1326.715 0.100033619 0.00707444951
 1326.815 0.0936098895 0.00690459878
 1326.915 0.0853670751 0.00669370904
 1327.015 0.0818034713 0.00654961286
 1327.115 0.092466848 0.0068345137
 1327.215 0.0818145002 0.00652756635
 1327.315 0.0909368774 0.00685400474
 1327.415 0.07065615 0.00646629021
 1327.515 0.0805610218 0.00645954491
 1327.615 0.0840055355 0.00664768916
 1327.715 0.0757652337 0.00632074423
 1327.815 0.0786385826 0.00628991504
 1327.915 0.0753432717 0.00634521853
 1328.015 0.0849504554 0.00673779326
 1328.115 0.0718156759 0.00627443254
 1328.215 0.078777017 0.00649442259
 1328.315 0.0699340814 0.00614854607
 1328.415 0.0722491017 0.00608569865
 1328.515 0.0801881235 0.00652812539
 1328.615 0.0737403356 0.00621353395
 1328.715 0.0636254646 0.0059407079
 1328.815 0.0697517729 0.00623809368
 1328.915 0.0742283366 0.00640919772
 1329.015 0.0661519067 0.00603986881
 1329.115 0.0691471935 0.00609649583
 1329.215 0.0692188906 0.00621075551
 1329.315 0.0724459459 0.00628503607
 1329.415 0.0687983623 0.00616158832
 1329.515 0.0642867329 0.00597727525
 1329.615 0.0689264397 0.00595299173
 1329.715 0.0714464573 0.00614182493
 1329.815 0.0724075437 0.00610823137
 1329.915 0.0731822968 0.00627869258
 1330.015 0.0618295518 0.00591572478
 1330.115 0.0571119646 0.00572050547
 1330.215 0.064679183 0.00601864295
 1330.315 0.0776931636 0.00623561093
 1330.415 0.0686402661 0.00622125976
 1330.515 0.0710505972 0.00613957853
 1330.615 0.06611685 0.00599473553
 1330.715 0.0626955459 0.00594828845
 1330.815 0.0750559844 0.00626009417
 1330.915 0.0821675912 0.00656034965
 1331.015 0.0651852749 0.00604841844
 1331.115 0.0559592759 0.00577384531
 1331.215 0.0718245119 0.00625196267
 1331.315 0.0584879486 0.00577361724
 1331.415 0.0566137532 0.00584854186
 1331.515 0.0664009343 0.00593013088
 1331.615 0.0671301332 0.00607132532
 1331.715 0.0687111816 0.00606729631
 1331.815 0.0547493416 0.00569544518
 1331.915 0.0597481655 0.00578533417
 1332.015 0.0604187067 0.00583069922
 1332.115 0.0675198182 0.00611684954
 1332.215 0.0639008223 0.00608796503
 1332.315 0.0671951252 0.00595483141
 1332.415 0.072144859 0.0060671192
 1332.515 0.0611646398 0.005781491
 1332.615 0.0613542568 0.00598041513
 1332.715 0.0590578779 0.00589118029
 1332.815 0.0648955258 0.00594494304
 1332.915 0.0668641807 0.00589917935
 1333.015 0.069363661 0.00617539584
 1333.115 0.0625095578 0.00585844287
 1333.215 0.0642165346 0.00595132288
 1333.315 0.0657404899 0.00608326313
 1333.415 0.0719093021 0.00627560034
 1333.515 0.0633165052 0.00590640227
 1333.615 0.0544499586 0.00565980467
 1333.715 0.0625133937 0.00575047495
 1333.815 0.0493948387 0.00550075288
 1333.915 0.0566431721 0.00568001946
 1334.015 0.0579561966 0.00580832045
 1334.115 0.0638944977 0.00588567683
 1334.215 0.0657780423 0.00592918967
 1334.315 0.05687576 0.00566931641
 1334.415 0.0628825423 0.00598686471
 1334.515 0.0622575956 0.00588349479
 1334.615 0.0636014057 0.00596116249
 1334.715 0.0642205479 0.00580500818
 1334.815 0.0740879287 0.00614000273
 1334.915 0.0610726977 0.00604200294
 1335.015 0.0672461965 0.00606289686
 1335.115 0.0716031805 0.00604522055
 1335.215 0.0561723979 0.00576104598
 1335.315 0.0630309297 0.00579900577
 1335.415 0.0646045688 0.00600221368
 1335.515 0.0688509513 0.00596686239
 1335.615 0.0452627718 0.00537871275
 1335.715 0.0667401277 0.00579999138
 1335.815 0.0576438966 0.00576294392
 1335.915 0.0738363178 0.00630923993
 1336.015 0.0687217848 0.00603920162
 1336.115 0.0640340466 0.00584461936
 1336.215 0.061282348 0.00583375406
 1336.315 0.0686441803 0.00604282545
 1336.415 0.0597824477 0.00577620323
 1336.515 0.062975892 0.00589344302
 1336.615 0.0659490487 0.00593605491
 1336.715 0.0675154589 0.00607372505
 1336.815 0.0736327954 0.00619061373
 1336.915 0.0753700604 0.00613960231
 1337.015 0.070482596 0.00616546428
 1337.115 0.0630918727 0.00586590259
 1337.215 0.068942125 0.0059466527
 1337.315 0.0611187696 0.00582458856
 1337.415 0.0652325925 0.00599884382
 1337.515 0.0550908874 0.00571851153
 1337.615 0.0564092969 0.00580521923
 1337.715 0.0543372689 0.00568190557
 1337.815 0.0615770701 0.00577719612
 1337.915 0.0602995088 0.00584977783
 1338.015 0.0734829692 0.00612998422
 1338.115 0.0673096828 0.00594938343
 1338.215 0.0608735766 0.00580410707
 1338.315 0.0661936303 0.00606431706
 1338.415 0.0645522793 0.00590843847
 1338.515 0.065399329 0.00585495622
 1338.615 0.0592728458 0.00579875124
 1338.715 0.0572351943 0.00573677077
 1338.815 0.0590070233 0.00579684567
 1338.915 0.0524973103 0.00546620524
 1339.015 0.0671741349 0.00608010079
 1339.115 0.0573077002 0.00571872146
 1339.215 0.0679198978 0.0060507042
 1339.315 0.0667395437 0.00605618909
 1339.415 0.0648742832 0.00593137123
 1339.515 0.0611970613 0.00567124657
 1339.615 0.0697837947 0.00610107888
 1339.715 0.061278585 0.00575421023
 1339.815 0.0577226523 0.00571988452
 1339.915 0.0562891496 0.00568164058


