# Data from DA_130531_E1.h5 stim 3
# Ratiometric estimator
# Ratiometric estimator:
#    Time    Ca (est)    Ca (se)
 1740.015 0.0520649376 0.00434031715
 1740.115 0.0419008454 0.00414135184
 1740.215 0.0492273995 0.00432358023
 1740.315 0.0439916185 0.00422314286
 1740.415 0.0425741835 0.00411931516
 1740.515 0.0444015388 0.00415788602
 1740.615 0.0556536506 0.004380144
 1740.715 0.0437023908 0.0041937535
 1740.815 0.0503528751 0.00429680224
 1740.915 0.0489061329 0.00429365741
 1741.015 0.0486223187 0.00435483082
 1741.115 0.0556864357 0.00439542481
 1741.215 0.0488440096 0.00429404398
 1741.315 0.058477855 0.0044382239
 1741.415 0.0503102679 0.00430243619
 1741.515 0.0523972883 0.00445117575
 1741.615 0.0769462256 0.00498203008
 1741.715 0.0901808427 0.00526110348
 1741.815 0.122685272 0.00604976782
 1741.915 0.13208005 0.00634875342
 1742.015 0.139463342 0.00660910571
 1742.115 0.140520325 0.00685425503
 1742.215 0.147216909 0.0068375713
 1742.315 0.142984519 0.00665162904
 1742.415 0.136370106 0.00644340999
 1742.515 0.131500808 0.0064873718
 1742.615 0.136207032 0.00659015974
 1742.715 0.125735277 0.00635076168
 1742.815 0.111533823 0.00584690958
 1742.915 0.116755745 0.00591874295
 1743.015 0.112584132 0.00596758841
 1743.115 0.119033922 0.00600834631
 1743.215 0.112897783 0.00581351584
 1743.315 0.114850174 0.00600033831
 1743.415 0.107428839 0.00581522353
 1743.515 0.0912376477 0.00537199237
 1743.615 0.100707089 0.00554759676
 1743.715 0.094046284 0.00530145475
 1743.815 0.0973951346 0.00553103045
 1743.915 0.0882104292 0.00528855444
 1744.015 0.0993111393 0.00559172414
 1744.115 0.093334068 0.00536326086
 1744.215 0.0831488777 0.00520531825
 1744.315 0.0899712483 0.0053211261
 1744.415 0.0899430089 0.00520524381
 1744.515 0.0858300369 0.00523651818
 1744.615 0.0883259366 0.00527803813
 1744.715 0.0835181132 0.00508610702
 1744.815 0.0845686455 0.00514516925
 1744.915 0.0797920114 0.00504081921
 1745.015 0.0828989 0.00504900846
 1745.115 0.0817297619 0.00500517061
 1745.215 0.0876613703 0.00516830198
 1745.315 0.0896750072 0.00522233353
 1745.415 0.0836133822 0.00510672839
 1745.515 0.0716891237 0.00478725363
 1745.615 0.0760472588 0.00492656042
 1745.715 0.0680303042 0.00469059432
 1745.815 0.0742296071 0.00482599283
 1745.915 0.0678127581 0.00481465483
 1746.015 0.064463009 0.00474706423
 1746.115 0.0638484093 0.00460124996
 1746.215 0.074610676 0.0048689691
 1746.315 0.0696623665 0.00479483272
 1746.415 0.0762966037 0.00487999399
 1746.515 0.0739173326 0.00481300238
 1746.615 0.0749801918 0.00485641601
 1746.715 0.0641196571 0.00468156196
 1746.815 0.0632389698 0.0045901119
 1746.915 0.0664435172 0.00472359855
 1747.015 0.0637198513 0.0046695734
 1747.115 0.0640195171 0.00466251314
 1747.215 0.0634841138 0.00460248061
 1747.315 0.0629271588 0.00465252336
 1747.415 0.0711827918 0.0048473921
 1747.515 0.0575745282 0.00439905159
 1747.615 0.0614881856 0.00452362831
 1747.715 0.0599237162 0.00448280823
 1747.815 0.0590101437 0.00449404581
 1747.915 0.0570529309 0.00449332045
 1748.015 0.0566451282 0.00443417075
 1748.115 0.0553413137 0.00444676214
 1748.215 0.0587742294 0.00450198274
 1748.315 0.0556743639 0.0044486614
 1748.415 0.0704269649 0.00469171567
 1748.515 0.0607767931 0.00456149776
 1748.615 0.0544662709 0.00442709407
 1748.715 0.0583722715 0.00448940562
 1748.815 0.062158264 0.00454124977
 1748.915 0.0571536299 0.0045042984
 1749.015 0.0550639331 0.00442893653
 1749.115 0.0507110466 0.00427960535
 1749.215 0.0683633844 0.00471035182
 1749.315 0.0521345453 0.00435135143
 1749.415 0.0501149407 0.00423048946
 1749.515 0.0505416687 0.00437360489
 1749.615 0.0524325835 0.0043234655
 1749.715 0.0520340242 0.00436300242
 1749.815 0.055866944 0.00441772334
 1749.915 0.0530571276 0.00433934166
 1750.015 0.057747789 0.00445570353
 1750.115 0.0575008294 0.00438673568
 1750.215 0.0494671652 0.00420562158
 1750.315 0.0517041808 0.00431592358
 1750.415 0.0543388091 0.00436905
 1750.515 0.0594751235 0.00447514513
 1750.615 0.0547114863 0.00444143943
 1750.715 0.0554046483 0.00443714821
 1750.815 0.0494494031 0.00428409407
 1750.915 0.0564707551 0.00445352016
 1751.015 0.0563895959 0.0044504998
 1751.115 0.058717726 0.00445346029
 1751.215 0.0433784649 0.00423122389
 1751.315 0.060355961 0.00443367241
 1751.415 0.050697479 0.00430542549
 1751.515 0.0553377615 0.00439039597
 1751.615 0.0545160235 0.00440794776
 1751.715 0.053910361 0.00443467235
 1751.815 0.0517063139 0.00428963178
 1751.915 0.0495714802 0.00427307594
 1752.015 0.0488132739 0.00420709023
 1752.115 0.048525698 0.0043162408
 1752.215 0.051625736 0.00433926892
 1752.315 0.0542766143 0.00432347656
 1752.415 0.0529096834 0.00430604448
 1752.515 0.0570160386 0.00440439479
 1752.615 0.0494911705 0.00429877648
 1752.715 0.0578157832 0.00438610384
 1752.815 0.0508455233 0.00429138159
 1752.915 0.0486660032 0.00421768163
 1753.015 0.0480393411 0.00432173859
 1753.115 0.0505497138 0.00422395845
 1753.215 0.0655494142 0.00461271109
 1753.315 0.0493485613 0.00432420221
 1753.415 0.0482751381 0.00432024536
 1753.515 0.052663769 0.00432893841
 1753.615 0.0497256327 0.00420453008
 1753.715 0.0488893804 0.00422145936
 1753.815 0.0556864064 0.00433358175
 1753.915 0.050108789 0.00426712602
 1754.015 0.0536119663 0.00434313497
 1754.115 0.051417637 0.00431080603
 1754.215 0.0547996907 0.00431115631
 1754.315 0.0546437595 0.00426613276
 1754.415 0.0504979577 0.00423702021
 1754.515 0.0493233936 0.00421937789
 1754.615 0.0459656027 0.00416873366
 1754.715 0.0501168242 0.004232062
 1754.815 0.0581555638 0.00438409069
 1754.915 0.0531759377 0.00441693521
 1755.015 0.0522008052 0.00429368372
 1755.115 0.0535295396 0.00427276344
 1755.215 0.0558336654 0.00432958795
 1755.315 0.0531222335 0.00429492393
 1755.415 0.056166891 0.00433150801
 1755.515 0.0515517607 0.00418331904
 1755.615 0.0446416 0.00410976385
 1755.715 0.0444957835 0.00412413257
 1755.815 0.0477145691 0.00426517753
 1755.915 0.0457585682 0.00415470124
 1756.015 0.0462088208 0.00420980601
 1756.115 0.0450483272 0.0040837828
 1756.215 0.044563487 0.00408600069
 1756.315 0.0534572751 0.00426568914
 1756.415 0.0566038089 0.00441978486
 1756.515 0.0455634198 0.00419765204
 1756.615 0.0559802722 0.00432905869
 1756.715 0.0452670218 0.00416278407
 1756.815 0.0462799659 0.00412766642
 1756.915 0.049005773 0.00423472804
 1757.015 0.0514677138 0.00435979271
 1757.115 0.0511015239 0.00425659828
 1757.215 0.0543471188 0.00438367965
 1757.315 0.0529764223 0.00424571848
 1757.415 0.0475200983 0.00424622392
 1757.515 0.0480459634 0.0041809091
 1757.615 0.0565420825 0.00439894474
 1757.715 0.0465748861 0.00414145163
 1757.815 0.0421327705 0.00413965852
 1757.915 0.0470924684 0.00413025276
 1758.015 0.0403324245 0.00405231389
 1758.115 0.0439970947 0.00406049183
 1758.215 0.0468291674 0.00420090019
 1758.315 0.0565122763 0.00446355429
 1758.415 0.0517437501 0.00429206595
 1758.515 0.0359833235 0.00394321589
 1758.615 0.0582144176 0.00436414374
 1758.715 0.0448249602 0.0041536183
 1758.815 0.0509429353 0.00427214786
 1758.915 0.0478610124 0.00415779316
 1759.015 0.0533122679 0.00433199907
 1759.115 0.0525524629 0.00427992172
 1759.215 0.0421756439 0.00410469984
 1759.315 0.0475464831 0.00427311224
 1759.415 0.0485013495 0.00420213918
 1759.515 0.0414793191 0.00404236594
 1759.615 0.0476658957 0.00418989297
 1759.715 0.0472770624 0.00415450029
 1759.815 0.0419469753 0.00408042413
 1759.915 0.041517415 0.00409704803


