# Data from DA_130531_E1.h5 stim 4
# Ratiometric estimator
# Ratiometric estimator:
#    Time    Ca (est)    Ca (se)
 1540.015 0.0472183148 0.00343771623
 1540.115 0.0376319684 0.00328292194
 1540.215 0.0390564144 0.00330543234
 1540.315 0.0443685769 0.00337500902
 1540.415 0.0468183217 0.00341781516
 1540.515 0.0463580846 0.00339208253
 1540.615 0.051951691 0.00344391571
 1540.715 0.0463390468 0.00340472071
 1540.815 0.046270443 0.00340874615
 1540.915 0.0443585069 0.00332806498
 1541.015 0.0498707451 0.00350724335
 1541.115 0.0434802979 0.00341573917
 1541.215 0.0471457993 0.00342486742
 1541.315 0.0432664378 0.00336437924
 1541.415 0.0416191229 0.00335812448
 1541.515 0.0448456812 0.00339847917
 1541.615 0.0707748588 0.0038772805
 1541.715 0.0849838337 0.00411748257
 1541.815 0.0956423057 0.00444667681
 1541.915 0.116406959 0.0047922539
 1542.015 0.136377364 0.00530021716
 1542.115 0.129188199 0.00519449183
 1542.215 0.130432491 0.00515800117
 1542.315 0.13347037 0.00520282711
 1542.415 0.13034453 0.00511424329
 1542.515 0.129286261 0.00517012747
 1542.615 0.112864844 0.00485498456
 1542.715 0.129144152 0.00510514562
 1542.815 0.123046604 0.00498467094
 1542.915 0.115439236 0.00484851556
 1543.015 0.12400813 0.00498252184
 1543.115 0.120676828 0.00492569326
 1543.215 0.124144843 0.00496480132
 1543.315 0.112163891 0.00474138751
 1543.415 0.106877145 0.00473798205
 1543.515 0.108966525 0.00462991898
 1543.615 0.109654744 0.00474980145
 1543.715 0.101366762 0.00451703108
 1543.815 0.1157961 0.00478106606
 1543.915 0.103594623 0.00455162663
 1544.015 0.0974933734 0.00446112838
 1544.115 0.100440267 0.00443085384
 1544.215 0.103952159 0.00463525364
 1544.315 0.0994038796 0.00446097974
 1544.415 0.105952972 0.00464367887
 1544.515 0.0940412846 0.00441985645
 1544.615 0.092771585 0.0043316424
 1544.715 0.0931956441 0.0042890256
 1544.815 0.0948610565 0.00433264907
 1544.915 0.0898724362 0.00417108204
 1545.015 0.0881808636 0.00423911328
 1545.115 0.0883314314 0.00414600072
 1545.215 0.0857205838 0.00415547266
 1545.315 0.0841872825 0.004117321
 1545.415 0.0873795701 0.0042261454
 1545.515 0.0868867715 0.00414300057
 1545.615 0.0771597752 0.00403850517
 1545.715 0.0875528709 0.0041736558
 1545.815 0.0840958104 0.00409842551
 1545.915 0.0777133041 0.00410396771
 1546.015 0.0796652333 0.00410327089
 1546.115 0.0746597653 0.00389925795
 1546.215 0.0772207992 0.0040408142
 1546.315 0.0748080457 0.00398605388
 1546.415 0.0742732522 0.00391489599
 1546.515 0.0786242059 0.00406881124
 1546.615 0.078915417 0.00404316987
 1546.715 0.070702395 0.00390689008
 1546.815 0.0745793079 0.00388084689
 1546.915 0.0724694645 0.0039100829
 1547.015 0.0684211353 0.00386732622
 1547.115 0.0724496467 0.00394363855
 1547.215 0.0667622438 0.00384125605
 1547.315 0.0747592592 0.00398220293
 1547.415 0.0787940997 0.00403318755
 1547.515 0.0756334995 0.0039441442
 1547.615 0.0720129594 0.0038760353
 1547.715 0.0754215904 0.00393357248
 1547.815 0.0686911841 0.00380310528
 1547.915 0.0622119926 0.0037140945
 1548.015 0.0628044878 0.00373020851
 1548.115 0.0633581808 0.00376255613
 1548.215 0.0639363544 0.00379640636
 1548.315 0.0686751436 0.0038315473
 1548.415 0.0686049397 0.00381330689
 1548.515 0.0606091511 0.00371745964
 1548.615 0.0609245347 0.00370265525
 1548.715 0.0593658065 0.00368186537
 1548.815 0.061544742 0.00371701921
 1548.915 0.0665310049 0.00381648303
 1549.015 0.0649424711 0.00377753543
 1549.115 0.0583712273 0.00359257283
 1549.215 0.0598901263 0.00365247397
 1549.315 0.0594407195 0.00369224843
 1549.415 0.060724293 0.00364668697
 1549.515 0.0623007676 0.00375811017
 1549.615 0.0604198743 0.00366114782
 1549.715 0.0570861963 0.00363072781
 1549.815 0.0513680341 0.00352306205
 1549.915 0.0652333145 0.00377464738
 1550.015 0.0527578254 0.00351978241
 1550.115 0.0584982869 0.00363440192
 1550.215 0.0524450703 0.0034976215
 1550.315 0.0509671422 0.00352641438
 1550.415 0.0563138513 0.00361335441
 1550.515 0.0551292744 0.00355381952
 1550.615 0.0553778582 0.00359205197
 1550.715 0.0563323344 0.00357768186
 1550.815 0.0615671849 0.00367220558
 1550.915 0.0520916642 0.00355601076
 1551.015 0.0556750011 0.00360022534
 1551.115 0.0541912405 0.00353824344
 1551.215 0.0527904225 0.00362719638
 1551.315 0.0524026827 0.00350610601
 1551.415 0.0525750522 0.00354996813
 1551.515 0.0506593604 0.00348444435
 1551.615 0.0545334382 0.00357963756
 1551.715 0.0538086471 0.00358687908
 1551.815 0.0500069907 0.00348044347
 1551.915 0.0515766076 0.00350378317
 1552.015 0.0502978006 0.00348138498
 1552.115 0.0508322452 0.00355751864
 1552.215 0.0541804673 0.00358633732
 1552.315 0.0561082384 0.00357234442
 1552.415 0.0524397269 0.00349171367
 1552.515 0.0562185764 0.00361474453
 1552.615 0.0544203358 0.0035935593
 1552.715 0.0523368638 0.00353722838
 1552.815 0.0550765387 0.00356929786
 1552.915 0.0569415955 0.00353968879
 1553.015 0.0496955376 0.0035367664
 1553.115 0.0487372413 0.00344630973
 1553.215 0.0473090811 0.00347328807
 1553.315 0.0562873547 0.00364839178
 1553.415 0.049154813 0.00357282134
 1553.515 0.0585484195 0.00367141263
 1553.615 0.0522979675 0.00351579169
 1553.715 0.0491440788 0.00346127667
 1553.815 0.0535836649 0.00351929523
 1553.915 0.0508221487 0.00349967494
 1554.015 0.0551589142 0.00356966968
 1554.115 0.0510078608 0.00346355
 1554.215 0.0547555934 0.00357462954
 1554.315 0.0546542014 0.003533925
 1554.415 0.0469359127 0.0034196615
 1554.515 0.0532066652 0.00348347977
 1554.615 0.0488946278 0.00350274379
 1554.715 0.0492330352 0.00345515953
 1554.815 0.0478873454 0.00347814783
 1554.915 0.0427106497 0.00341789418
 1555.015 0.0484420257 0.00346045168
 1555.115 0.0494514265 0.0035025122
 1555.215 0.0498118968 0.00343407956
 1555.315 0.0531249704 0.00351815931
 1555.415 0.0492632601 0.00345071721
 1555.515 0.0547326468 0.0034874993
 1555.615 0.0474475862 0.00342134251
 1555.715 0.0466137976 0.00338934704
 1555.815 0.0430669968 0.00338580916
 1555.915 0.0502492769 0.00352457386
 1556.015 0.0451041044 0.00344046505
 1556.115 0.0508200437 0.00345931393
 1556.215 0.0541620479 0.00349705571
 1556.315 0.0508246662 0.00350600435
 1556.415 0.0493805651 0.00349400173
 1556.515 0.0442673467 0.00341874907
 1556.615 0.0555469584 0.00355925038
 1556.715 0.0459952742 0.00343971537
 1556.815 0.050653861 0.00356273957
 1556.915 0.0536174818 0.00355093405
 1557.015 0.0520330433 0.00352687269
 1557.115 0.0465288989 0.00344246884
 1557.215 0.0523509647 0.00350821859
 1557.315 0.0517576992 0.00347352496
 1557.415 0.050881117 0.00348563765
 1557.515 0.0520733638 0.00354101634
 1557.615 0.0517407268 0.0035173674
 1557.715 0.048097814 0.00347451272
 1557.815 0.0453668074 0.00341378403
 1557.915 0.0426599194 0.00338027108
 1558.015 0.0421965247 0.00334742542
 1558.115 0.0429329717 0.0033219424
 1558.215 0.0514243319 0.00350982207
 1558.315 0.0478661248 0.00349787003
 1558.415 0.049326018 0.00344978085
 1558.515 0.0451369837 0.00338831452
 1558.615 0.0492145795 0.00347970567
 1558.715 0.0415332493 0.00330718867
 1558.815 0.0566640306 0.00358092323
 1558.915 0.0486014941 0.00345381994
 1559.015 0.0432284262 0.00339758813
 1559.115 0.0455768479 0.00343831626
 1559.215 0.0454428384 0.00338757788
 1559.315 0.0487191925 0.0035412495
 1559.415 0.0467578941 0.00340772505
 1559.515 0.05039217 0.00350109917
 1559.615 0.0534088372 0.0035240751
 1559.715 0.0513439832 0.00349095519
 1559.815 0.0437387367 0.0033898947
 1559.915 0.0511976977 0.00349740698


