# τ vs max κ linear regression for data set DA_130531_E1.h5
# Using stimulation: 1, 2, 3, 4, 5
# Best fit: tau = 1.3188 + 0.0108903 kappa_Fura
# Covariance matrix:
# [ +6.06352e-02, -3.20026e-04  
#   -3.20026e-04, +1.98596e-06  ]
# Total sum of squares (TSS) = 66.2431
# chisq (Residual sum of squares, RSS) = 6.52492
# Probability of observing a larger of equal RSS per DOF under the null hypothesis: 0.088685
# R squared (1-RSS/TSS) = 0.9015
# Estimated gamma/v with standard error: 91.8252 +/- 11.8825
# Estimates kappa_S with standard error (using error propagation): 120.099 +/- 27.5107
# kappa_S confidence intervals based on parametric bootstrap
# 0.95 CI for kappa_S: [60.6877,215.048]
# 0.99 CI for kappa_S: [46.2767,260.068]


# The data
# κ_Fura  τ   τ_SE
75.4579 2.40145 0.217242
126.485 2.58752 0.15554
189.884 3.25505 0.208802
251.057 3.84203 0.247316
292.672 5.14467 0.342831


# The fitted data
# Preticted values with lower and upper bounds of 0.95 CI
# κ_Fura  τ   τ_lwr  τ_upr
-151.124 -0.326979 -1.20946 0.555499
-149.291 -0.307009 -1.18454 0.570518
-147.457 -0.287039 -1.15962 0.58554
-145.623 -0.267069 -1.1347 0.600562
-143.789 -0.2471 -1.10979 0.615586
-141.956 -0.22713 -1.08487 0.630612
-140.122 -0.20716 -1.05996 0.645639
-138.288 -0.187191 -1.03505 0.660667
-136.455 -0.167221 -1.01014 0.675696
-134.621 -0.147251 -0.98523 0.690728
-132.787 -0.127282 -0.960323 0.70576
-130.953 -0.107312 -0.935418 0.720795
-129.12 -0.0873421 -0.910515 0.73583
-127.286 -0.0673724 -0.885613 0.750868
-125.452 -0.0474027 -0.860712 0.765907
-123.619 -0.027433 -0.835814 0.780948
-121.785 -0.00746333 -0.810917 0.79599
-119.951 0.0125064 -0.786021 0.811034
-118.117 0.0324761 -0.761128 0.82608
-116.284 0.0524458 -0.736236 0.841128
-114.45 0.0724155 -0.711346 0.856177
-112.616 0.0923852 -0.686458 0.871229
-110.782 0.112355 -0.661572 0.886282
-108.949 0.132325 -0.636688 0.901337
-107.115 0.152294 -0.611806 0.916394
-105.281 0.172264 -0.586925 0.931453
-103.448 0.192234 -0.562047 0.946514
-101.614 0.212203 -0.537171 0.961578
-99.7801 0.232173 -0.512297 0.976643
-97.9464 0.252143 -0.487425 0.991711
-96.1127 0.272112 -0.462555 1.00678
-94.279 0.292082 -0.437688 1.02185
-92.4453 0.312052 -0.412823 1.03693
-90.6115 0.332022 -0.38796 1.052
-88.7778 0.351991 -0.3631 1.06708
-86.9441 0.371961 -0.338242 1.08216
-85.1104 0.391931 -0.313386 1.09725
-83.2766 0.4119 -0.288534 1.11233
-81.4429 0.43187 -0.263683 1.12742
-79.6092 0.45184 -0.238836 1.14252
-77.7755 0.47181 -0.213991 1.15761
-75.9418 0.491779 -0.189149 1.17271
-74.108 0.511749 -0.164309 1.18781
-72.2743 0.531719 -0.139473 1.20291
-70.4406 0.551688 -0.114639 1.21802
-68.6069 0.571658 -0.089809 1.23313
-66.7732 0.591628 -0.0649817 1.24824
-64.9394 0.611597 -0.0401575 1.26335
-63.1057 0.631567 -0.0153365 1.27847
-61.272 0.651537 0.00948118 1.29359
-59.4383 0.671507 0.0342955 1.30872
-57.6045 0.691476 0.0591063 1.32385
-55.7708 0.711446 0.0839136 1.33898
-53.9371 0.731416 0.108717 1.35411
-52.1034 0.751385 0.133517 1.36925
-50.2697 0.771355 0.158314 1.3844
-48.4359 0.791325 0.183106 1.39954
-46.6022 0.811294 0.207894 1.41469
-44.7685 0.831264 0.232679 1.42985
-42.9348 0.851234 0.257459 1.44501
-41.101 0.871204 0.282234 1.46017
-39.2673 0.891173 0.307006 1.47534
-37.4336 0.911143 0.331773 1.49051
-35.5999 0.931113 0.356535 1.50569
-33.7662 0.951082 0.381293 1.52087
-31.9324 0.971052 0.406046 1.53606
-30.0987 0.991022 0.430794 1.55125
-28.265 1.01099 0.455537 1.56645
-26.4313 1.03096 0.480274 1.58165
-24.5975 1.05093 0.505007 1.59686
-22.7638 1.0709 0.529733 1.61207
-20.9301 1.09087 0.554455 1.62729
-19.0964 1.11084 0.57917 1.64251
-17.2627 1.13081 0.603879 1.65774
-15.4289 1.15078 0.628583 1.67298
-13.5952 1.17075 0.65328 1.68822
-11.7615 1.19072 0.67797 1.70347
-9.92777 1.21069 0.702654 1.71872
-8.09405 1.23066 0.727331 1.73398
-6.26033 1.25063 0.752002 1.74925
-4.42661 1.2706 0.776664 1.76453
-2.59289 1.29057 0.80132 1.77981
-0.759165 1.31054 0.825968 1.79511
1.07456 1.33051 0.850608 1.81041
2.90828 1.35048 0.87524 1.82571
4.742 1.37045 0.899863 1.84103
6.57572 1.39042 0.924479 1.85635
8.40944 1.41039 0.949085 1.87169
10.2432 1.43036 0.973682 1.88703
12.0769 1.45032 0.99827 1.90238
13.9106 1.47029 1.02285 1.91774
15.7443 1.49026 1.04742 1.93311
17.5781 1.51023 1.07197 1.94849
19.4118 1.5302 1.09652 1.96389
21.2455 1.55017 1.12106 1.97929
23.0792 1.57014 1.14558 1.9947
24.9129 1.59011 1.1701 2.01013
26.7467 1.61008 1.1946 2.02557
28.5804 1.63005 1.21909 2.04102
30.4141 1.65002 1.24356 2.05648
32.2478 1.66999 1.26802 2.07196
34.0816 1.68996 1.29247 2.08745
35.9153 1.70993 1.31691 2.10296
37.749 1.7299 1.34133 2.11847
39.5827 1.74987 1.36573 2.13401
41.4164 1.76984 1.39012 2.14956
43.2502 1.78981 1.41449 2.16513
45.0839 1.80978 1.43885 2.18071
46.9176 1.82975 1.46319 2.19631
48.7513 1.84972 1.48751 2.21193
50.585 1.86969 1.51181 2.22757
52.4188 1.88966 1.53609 2.24323
54.2525 1.90963 1.56035 2.2589
56.0862 1.9296 1.58459 2.2746
57.9199 1.94957 1.60881 2.29032
59.7537 1.96954 1.63301 2.30607
61.5874 1.98951 1.65718 2.32183
63.4211 2.00948 1.68133 2.33763
65.2548 2.02945 1.70545 2.35344
67.0885 2.04942 1.72955 2.36928
68.9223 2.06939 1.75362 2.38515
70.756 2.08936 1.77766 2.40105
72.5897 2.10933 1.80167 2.41698
74.4234 2.12929 1.82565 2.43294
76.2572 2.14926 1.8496 2.44893
78.0909 2.16923 1.87352 2.46495
79.9246 2.1892 1.8974 2.48101
81.7583 2.20917 1.92124 2.4971
83.592 2.22914 1.94505 2.51324
85.4258 2.24911 1.96882 2.52941
87.2595 2.26908 1.99255 2.54562
89.0932 2.28905 2.01623 2.56187
90.9269 2.30902 2.03988 2.57817
92.7606 2.32899 2.06347 2.59451
94.5944 2.34896 2.08702 2.6109
96.4281 2.36893 2.11052 2.62734
98.2618 2.3889 2.13397 2.64383
100.096 2.40887 2.15736 2.66038
101.929 2.42884 2.1807 2.67698
103.763 2.44881 2.20398 2.69364
105.597 2.46878 2.22719 2.71037
107.43 2.48875 2.25035 2.72715
109.264 2.50872 2.27344 2.744
111.098 2.52869 2.29646 2.76092
112.932 2.54866 2.31941 2.77791
114.765 2.56863 2.34228 2.79498
116.599 2.5886 2.36508 2.81212
118.433 2.60857 2.38779 2.82934
120.266 2.62854 2.41043 2.84665
122.1 2.64851 2.43298 2.86404
123.934 2.66848 2.45544 2.88152
125.768 2.68845 2.4778 2.89909
127.601 2.70842 2.50007 2.91676
129.435 2.72839 2.52224 2.93453
131.269 2.74836 2.54431 2.9524
133.103 2.76833 2.56628 2.97037
134.936 2.78829 2.58814 2.98845
136.77 2.80826 2.60988 3.00665
138.604 2.82823 2.63151 3.02496
140.437 2.8482 2.65303 3.04338
142.271 2.86817 2.67442 3.06193
144.105 2.88814 2.69569 3.0806
145.939 2.90811 2.71684 3.09939
147.772 2.92808 2.73785 3.11831
149.606 2.94805 2.75874 3.13736
151.44 2.96802 2.7795 3.15655
153.273 2.98799 2.80012 3.17586
155.107 3.00796 2.82061 3.19531
156.941 3.02793 2.84096 3.2149
158.775 3.0479 2.86118 3.23463
160.608 3.06787 2.88126 3.25449
162.442 3.08784 2.9012 3.27448
164.276 3.10781 2.921 3.29462
166.11 3.12778 2.94067 3.31489
167.943 3.14775 2.9602 3.3353
169.777 3.16772 2.97959 3.35585
171.611 3.18769 2.99885 3.37652
173.444 3.20766 3.01798 3.39734
175.278 3.22763 3.03698 3.41828
177.112 3.2476 3.05585 3.43935
178.946 3.26757 3.07459 3.46055
180.779 3.28754 3.09321 3.48187
182.613 3.30751 3.1117 3.50331
184.447 3.32748 3.13008 3.52487
186.28 3.34745 3.14834 3.54655
188.114 3.36742 3.16649 3.56834
189.948 3.38739 3.18453 3.59025
191.782 3.40736 3.20246 3.61226
193.615 3.42733 3.22028 3.63437
195.449 3.4473 3.23801 3.65658
197.283 3.46726 3.25564 3.67889
199.117 3.48723 3.27317 3.7013
200.95 3.5072 3.29061 3.72379
202.784 3.52717 3.30797 3.74638
204.618 3.54714 3.32524 3.76905
206.451 3.56711 3.34243 3.7918
208.285 3.58708 3.35954 3.81463
210.119 3.60705 3.37657 3.83753
211.953 3.62702 3.39353 3.86051
213.786 3.64699 3.41042 3.88356
215.62 3.66696 3.42725 3.90668
217.454 3.68693 3.44401 3.92986
219.287 3.7069 3.4607 3.9531
221.121 3.72687 3.47734 3.9764
222.955 3.74684 3.49392 3.99976
224.789 3.76681 3.51044 4.02318
226.622 3.78678 3.52691 4.04665
228.456 3.80675 3.54333 4.07017
230.29 3.82672 3.5597 4.09374
232.124 3.84669 3.57602 4.11735
233.957 3.86666 3.5923 4.14101
235.791 3.88663 3.60854 4.16472
237.625 3.9066 3.62473 4.18846
239.458 3.92657 3.64089 4.21225
241.292 3.94654 3.657 4.23607
243.126 3.96651 3.67308 4.25993
244.96 3.98648 3.68913 4.28383
246.793 4.00645 3.70513 4.30776
248.627 4.02642 3.72111 4.33172
250.461 4.04639 3.73706 4.35572
252.294 4.06636 3.75297 4.37974
254.128 4.08633 3.76886 4.40379
255.962 4.1063 3.78472 4.42787
257.796 4.12626 3.80055 4.45198
259.629 4.14623 3.81635 4.47611
261.463 4.1662 3.83214 4.50027
263.297 4.18617 3.84789 4.52446
265.131 4.20614 3.86363 4.54866
266.964 4.22611 3.87934 4.57289
268.798 4.24608 3.89503 4.59714
270.632 4.26605 3.9107 4.62141
272.465 4.28602 3.92635 4.6457
274.299 4.30599 3.94198 4.67001
276.133 4.32596 3.95759 4.69434
277.967 4.34593 3.97318 4.71868
279.8 4.3659 3.98876 4.74304
281.634 4.38587 4.00432 4.76742
283.468 4.40584 4.01986 4.79182
285.301 4.42581 4.03539 4.81623
287.135 4.44578 4.0509 4.84066
288.969 4.46575 4.0664 4.8651
290.803 4.48572 4.08189 4.88955
292.636 4.50569 4.09736 4.91402
294.47 4.52566 4.11282 4.9385
296.304 4.54563 4.12826 4.96299
298.137 4.5656 4.1437 4.9875
299.971 4.58557 4.15912 5.01202
301.805 4.60554 4.17453 5.03655
303.639 4.62551 4.18993 5.06109
305.472 4.64548 4.20531 5.08564
