# Data from DA_130531_E1.h5 stim 5
# Ratiometric estimator
# Ratiometric estimator:
#    Time    Ca (est)    Ca (se)
 2480.015 0.0491118879 0.00305731527
 2480.115 0.0557494269 0.00316245838
 2480.215 0.0493731135 0.00305485117
 2480.315 0.0505286654 0.00308953135
 2480.415 0.0471451344 0.00302110143
 2480.515 0.0553348315 0.00318699859
 2480.615 0.047758046 0.00301761141
 2480.715 0.0464505563 0.00301117816
 2480.815 0.0517698316 0.00310408745
 2480.915 0.0549169723 0.00314195253
 2481.015 0.0499647482 0.00312303454
 2481.115 0.0468438736 0.00306858964
 2481.215 0.0520731777 0.00313495075
 2481.315 0.0513169781 0.00308173441
 2481.415 0.0447423203 0.00303557772
 2481.515 0.0538754337 0.00316355695
 2481.615 0.0741997044 0.00347226807
 2481.715 0.0951509927 0.00383266557
 2481.815 0.0956966429 0.00392894132
 2481.915 0.118591341 0.00429124811
 2482.015 0.12471916 0.00448246502
 2482.115 0.123584402 0.0045124837
 2482.215 0.122879943 0.00441924084
 2482.315 0.128717929 0.00451268892
 2482.415 0.122472824 0.00441309087
 2482.515 0.132526197 0.00465124828
 2482.615 0.127897633 0.0045835661
 2482.715 0.120840482 0.00437464212
 2482.815 0.122845062 0.00439478851
 2482.915 0.122279218 0.00441379153
 2483.015 0.122922545 0.00437018107
 2483.115 0.12010307 0.00437342206
 2483.215 0.116042827 0.00426388078
 2483.315 0.111974177 0.00422755547
 2483.415 0.116879004 0.00439284228
 2483.515 0.112315221 0.00417310727
 2483.615 0.114539239 0.00425026666
 2483.715 0.11175485 0.00415338793
 2483.815 0.115787971 0.00428450831
 2483.915 0.109008846 0.00415824595
 2484.015 0.110958934 0.00418854307
 2484.115 0.110184402 0.00410927539
 2484.215 0.112035351 0.0042153723
 2484.315 0.102231438 0.0040191439
 2484.415 0.102719994 0.00403316601
 2484.515 0.098042835 0.00397081813
 2484.615 0.0955923443 0.00392373126
 2484.715 0.105302217 0.00400988895
 2484.815 0.0996194878 0.00397824408
 2484.915 0.0991446274 0.00390785156
 2485.015 0.0969950011 0.00393320793
 2485.115 0.0926872116 0.00377913984
 2485.215 0.096730239 0.00390263338
 2485.315 0.103762318 0.00400000006
 2485.415 0.0980940585 0.00401129423
 2485.515 0.0967901727 0.00391732466
 2485.615 0.100714098 0.00398532513
 2485.715 0.0894547857 0.00376942366
 2485.815 0.0926752419 0.00382525816
 2485.915 0.0913433302 0.00385302914
 2486.015 0.0902779341 0.00385301337
 2486.115 0.095013661 0.00384200537
 2486.215 0.0889925427 0.00374457181
 2486.315 0.0892433092 0.00376622334
 2486.415 0.0824938744 0.00365776131
 2486.515 0.0888492501 0.0037924244
 2486.615 0.0843067214 0.00371466033
 2486.715 0.0822101317 0.00364296598
 2486.815 0.0827108484 0.00361555532
 2486.915 0.0824471302 0.00363362334
 2487.015 0.0795835819 0.00364859438
 2487.115 0.0748179442 0.00353700505
 2487.215 0.0750163068 0.00356128564
 2487.315 0.0771458443 0.00359939161
 2487.415 0.0790446537 0.00363506425
 2487.515 0.0795541265 0.00354891607
 2487.615 0.0815631574 0.00363259456
 2487.715 0.0751682498 0.00352318832
 2487.815 0.0755593532 0.00352878581
 2487.915 0.0772397346 0.00357517951
 2488.015 0.0775303549 0.00356601523
 2488.115 0.0769016298 0.00359273312
 2488.215 0.0752300325 0.0035455838
 2488.315 0.0773003909 0.00356360734
 2488.415 0.0720272492 0.00346783634
 2488.515 0.0784373291 0.00363390298
 2488.615 0.0761066831 0.00355110374
 2488.715 0.0685055816 0.0034309426
 2488.815 0.0774946145 0.00359516344
 2488.915 0.0709966135 0.00345971394
 2489.015 0.0730978058 0.00349030922
 2489.115 0.0710387002 0.00344701202
 2489.215 0.0718543831 0.00350567406
 2489.315 0.07355125 0.00348014574
 2489.415 0.0741724264 0.00347497323
 2489.515 0.0715090835 0.00348417467
 2489.615 0.0687070078 0.00335956008
 2489.715 0.0655336368 0.0033878186
 2489.815 0.0622391797 0.00327965622
 2489.915 0.069510357 0.00341240599
 2490.015 0.0673225443 0.0033825903
 2490.115 0.0660117183 0.00336004921
 2490.215 0.0677942611 0.00334814799
 2490.315 0.0687801018 0.00340004837
 2490.415 0.0620408949 0.0033342339
 2490.515 0.064928831 0.00335822214
 2490.615 0.0709211905 0.00344091659
 2490.715 0.0631220218 0.00334812361
 2490.815 0.0651706587 0.00333959137
 2490.915 0.0665186296 0.00339470328
 2491.015 0.0693229616 0.00343006853
 2491.115 0.0621526924 0.00329727793
 2491.215 0.0653890889 0.00344649059
 2491.315 0.0671983532 0.00339041223
 2491.415 0.0697230284 0.00344941779
 2491.515 0.0668187177 0.00334083628
 2491.615 0.0629465513 0.00335822661
 2491.715 0.0669478955 0.00343952049
 2491.815 0.0674217736 0.00339029717
 2491.915 0.0627484585 0.00330615846
 2492.015 0.0617790731 0.00328737591
 2492.115 0.0670217895 0.0034397503
 2492.215 0.0553189105 0.00320988969
 2492.315 0.0595820685 0.00324850458
 2492.415 0.0583603648 0.00322036637
 2492.515 0.0614934026 0.00330887593
 2492.615 0.0611519751 0.00330799111
 2492.715 0.0612205986 0.0032744649
 2492.815 0.061868322 0.00326953282
 2492.915 0.055554025 0.00315571618
 2493.015 0.0610985841 0.00330315557
 2493.115 0.0647895065 0.0032636564
 2493.215 0.0591660891 0.00328567604
 2493.315 0.0547374847 0.00320591648
 2493.415 0.0582994878 0.0033101189
 2493.515 0.0610501527 0.0033150213
 2493.615 0.0617253596 0.00323179646
 2493.715 0.0578469018 0.0032096053
 2493.815 0.0534808874 0.00313388906
 2493.915 0.0573477747 0.00318987451
 2494.015 0.0511800233 0.00310976511
 2494.115 0.0567402617 0.00319940457
 2494.215 0.0617500834 0.00330255019
 2494.315 0.0601738107 0.00324078652
 2494.415 0.0540349982 0.00315781452
 2494.515 0.0599343455 0.00320749567
 2494.615 0.0606486224 0.00328817043
 2494.715 0.0566986386 0.00318598292
 2494.815 0.0530649233 0.00314492864
 2494.915 0.0579396482 0.00331075919
 2495.015 0.062322999 0.00330477089
 2495.115 0.0568171894 0.00319184722
 2495.215 0.0568211663 0.00317063077
 2495.315 0.0613043842 0.00326836601
 2495.415 0.0547614772 0.00313195339
 2495.515 0.0566712311 0.00313511354
 2495.615 0.0597004751 0.00324433313
 2495.715 0.0528443598 0.00309926279
 2495.815 0.0572497396 0.00327284723
 2495.915 0.0558493486 0.00318018578
 2496.015 0.0512722001 0.0031713564
 2496.115 0.0635290368 0.00324436328
 2496.215 0.0559767534 0.00315388057
 2496.315 0.0560012145 0.00319139901
 2496.415 0.0554510653 0.00317819191
 2496.515 0.0563879707 0.00320296469
 2496.615 0.0514298976 0.00312273811
 2496.715 0.052951766 0.00318429069
 2496.815 0.0576996275 0.00319937235
 2496.915 0.0465979235 0.00305940404
 2497.015 0.0541659177 0.0031726675
 2497.115 0.058914587 0.00318718443
 2497.215 0.0558544491 0.00317502517
 2497.315 0.0546444087 0.00315281701
 2497.415 0.0563881389 0.00321173917
 2497.515 0.0505822978 0.00310765258
 2497.615 0.0519516735 0.00313181622
 2497.715 0.0550048766 0.00319905818
 2497.815 0.0495535327 0.00312603731
 2497.915 0.0532982604 0.00312983481
 2498.015 0.056650399 0.00324332072
 2498.115 0.0567070931 0.00314605891
 2498.215 0.0544314316 0.00312976471
 2498.315 0.0548633443 0.00320358861
 2498.415 0.0519719103 0.00312821237
 2498.515 0.0466558682 0.00302216352
 2498.615 0.0568156544 0.00317063618
 2498.715 0.0503433634 0.0030928678
 2498.815 0.0555917988 0.0031606373
 2498.915 0.0512162741 0.00307925038
 2499.015 0.0544444496 0.00317204486
 2499.115 0.052592668 0.00313582933
 2499.215 0.0470041868 0.00304368751
 2499.315 0.0521840731 0.00322488002
 2499.415 0.0502566736 0.00310513298
 2499.515 0.0543928476 0.00312119253
 2499.615 0.0532700016 0.00313480019
 2499.715 0.0585847928 0.00319575354
 2499.815 0.0554825482 0.00317569918
 2499.915 0.0490369469 0.00310668667


