# Data from DA_130531_E1.h5 stim 1
# Ratiometric estimator mono-exponential fit
# Fitted model Ca = baseline+delta*exp(-(t-t0)/tau)
# nobs = 179
# number of degrees of freedom = 176
# baseline length = 7
# fit started from point 28
# estimated baseline 0.0716402 and standard error 0.00103022
# estimated delta 0.0833644 and standard error 0.00484279
# estimated tau 2.40145 and standard error 0.217242
# residual sum of squares: 188.711
# RSS per degree of freedom: 1.07222
# Probability of observing a larger of equal RSS per DOF under the null hypothesis: 0.242854

# rss per degree of freedom: 1.07222

# Time    Ca  Prediction  Residual
1020.01 0.0837388 0.0716402 1.23035
1020.11 0.077075 0.0716402 0.551239
1020.21 0.0882407 0.0716402 1.66243
1020.31 0.0737615 0.0716402 0.222289
1020.41 0.0784362 0.0716402 0.721122
1020.51 0.0691621 0.0716402 -0.271693
1020.61 0.0813204 0.0716402 0.98986

1022.81 0.148937 0.155005 -0.460495
1022.91 0.138823 0.151604 -1.00889
1023.01 0.15669 0.148343 0.619259
1023.11 0.13946 0.145215 -0.443073
1023.21 0.126508 0.142214 -1.30078
1023.31 0.14275 0.139335 0.269051
1023.41 0.142615 0.136574 0.454417
1023.51 0.144336 0.133926 0.815578
1023.61 0.153552 0.131385 1.68384
1023.71 0.135301 0.128949 0.504181
1023.81 0.135089 0.126611 0.677697
1023.91 0.143945 0.124369 1.52144
1024.01 0.115155 0.122219 -0.619047
1024.11 0.121359 0.120156 0.101461
1024.21 0.142417 0.118177 1.87346
1024.31 0.116635 0.116279 0.0308836
1024.41 0.0957379 0.114458 -1.7371
1024.51 0.113301 0.112712 0.0514384
1024.61 0.0940097 0.111037 -1.615
1024.71 0.110039 0.10943 0.0549286
1024.81 0.0959055 0.107888 -1.13382
1024.91 0.105713 0.10641 -0.0631905
1025.01 0.131737 0.104992 2.22968
1025.11 0.0974176 0.103632 -0.582097
1025.21 0.0959231 0.102327 -0.627713
1025.31 0.0924553 0.101075 -0.841083
1025.41 0.0874517 0.0998746 -1.24456
1025.51 0.0726781 0.098723 -2.74399
1025.61 0.0955595 0.0976184 -0.201288
1025.71 0.0962487 0.0965589 -0.0294483
1025.81 0.0938708 0.0955425 -0.158725
1025.91 0.101485 0.0945676 0.635684
1026.01 0.101024 0.0936325 0.695319
1026.11 0.0986648 0.0927355 0.560492
1026.21 0.0925735 0.0918751 0.0672339
1026.31 0.104293 0.0910498 1.22323
1026.41 0.107229 0.0902581 1.57426
1026.51 0.0955552 0.0894988 0.571645
1026.61 0.0892143 0.0887704 0.0443306
1026.71 0.105573 0.0880717 1.65262
1026.81 0.0835363 0.0874015 -0.386648
1026.91 0.0958413 0.0867587 0.905889
1027.01 0.0808636 0.0861421 -0.537536
1027.11 0.0820077 0.0855506 -0.370589
1027.21 0.0818357 0.0849832 -0.32174
1027.31 0.0895813 0.084439 0.4931
1027.41 0.0867251 0.083917 0.271495
1027.51 0.0882378 0.0834163 0.48793
1027.61 0.0870661 0.082936 0.417114
1027.71 0.0935028 0.0824752 1.07699
1027.81 0.0847946 0.0820333 0.278535
1027.91 0.0878457 0.0816094 0.617123
1028.01 0.0822411 0.0812028 0.106144
1028.11 0.0850801 0.0808128 0.423989
1028.21 0.0716029 0.0804387 -0.947569
1028.31 0.0873948 0.0800798 0.723465
1028.41 0.0866334 0.0797356 0.71794
1028.51 0.057416 0.0794054 -2.47979
1028.61 0.0854581 0.0790887 0.643262
1028.71 0.0877532 0.0787849 0.892787
1028.81 0.0812683 0.0784935 0.280216
1028.91 0.0798604 0.078214 0.172473
1029.01 0.0878615 0.0779458 1.00717
1029.11 0.0851047 0.0776887 0.771233
1029.21 0.0770078 0.077442 -0.0465653
1029.31 0.0825509 0.0772053 0.555511
1029.41 0.0706873 0.0769783 -0.697378
1029.51 0.0833026 0.0767606 0.683367
1029.61 0.0997278 0.0765518 2.28498
1029.71 0.0699138 0.0763515 -0.697668
1029.81 0.0735571 0.0761593 -0.280721
1029.91 0.0711592 0.075975 -0.514462
1030.01 0.0653339 0.0757982 -1.18124
1030.11 0.0650277 0.0756286 -1.21849
1030.21 0.0830292 0.0754659 0.771355
1030.31 0.0593279 0.0753099 -1.819
1030.41 0.0775322 0.0751602 0.252177
1030.51 0.0778665 0.0750166 0.301442
1030.61 0.0774969 0.0748789 0.281928
1030.71 0.0860659 0.0747468 1.14304
1030.81 0.0706524 0.0746201 -0.43475
1030.91 0.072595 0.0744986 -0.201594
1031.01 0.0709483 0.074382 -0.374948
1031.11 0.0665911 0.0742702 -0.87371
1031.21 0.0736602 0.0741629 -0.0516693
1031.31 0.0819252 0.07406 0.830767
1031.41 0.0593722 0.0739613 -1.6701
1031.51 0.0566242 0.0738666 -2.00046
1031.61 0.0694263 0.0737758 -0.476699
1031.71 0.0740269 0.0736887 0.0349398
1031.81 0.0677406 0.0736052 -0.643952
1031.91 0.0671262 0.073525 -0.697646
1032.01 0.0513592 0.0734482 -2.6079
1032.11 0.0713021 0.0733744 -0.221135
1032.21 0.0763763 0.0733037 0.323176
1032.31 0.0621571 0.0732358 -1.27761
1032.41 0.0532872 0.0731708 -2.34045
1032.51 0.0695775 0.0731083 -0.383975
1032.61 0.0722884 0.0730484 -0.0816434
1032.71 0.0619023 0.072991 -1.24666
1032.81 0.0821834 0.0729359 0.975979
1032.91 0.0713531 0.0728831 -0.163116
1033.01 0.0725243 0.0728324 -0.0328573
1033.11 0.0716517 0.0727837 -0.126948
1033.21 0.0589768 0.0727371 -1.60415
1033.31 0.0760429 0.0726924 0.347638
1033.41 0.0678602 0.0726495 -0.518675
1033.51 0.0694316 0.0726083 -0.339297
1033.61 0.0660797 0.0725688 -0.72909
1033.71 0.0651769 0.0725309 -0.806907
1033.81 0.0724201 0.0724946 -0.00808019
1033.91 0.0774559 0.0724598 0.526456
1034.01 0.0606834 0.0724263 -1.31561
1034.11 0.0851085 0.0723943 1.31369
1034.21 0.0618357 0.0723635 -1.22207
1034.31 0.0828466 0.072334 1.09412
1034.41 0.0787951 0.0723057 0.67169
1034.51 0.085628 0.0722786 1.38069
1034.61 0.071754 0.0722525 -0.0541296
1034.71 0.0832516 0.0722275 1.15125
1034.81 0.0524905 0.0722036 -2.33792
1034.91 0.0745817 0.0721806 0.250676
1035.01 0.0760161 0.0721586 0.417754
1035.11 0.0667665 0.0721374 -0.604736
1035.21 0.0631895 0.0721171 -1.01322
1035.31 0.0807941 0.0720977 0.930003
1035.41 0.0728618 0.072079 0.0841684
1035.51 0.0779079 0.0720611 0.619589
1035.61 0.0882174 0.072044 1.61834
1035.71 0.0864709 0.0720275 1.4771
1035.81 0.0910743 0.0720117 1.85687
1035.91 0.0833033 0.0719965 1.20415
1036.01 0.0838678 0.071982 1.19025
1036.11 0.081657 0.0719681 1.00956
1036.21 0.101999 0.0719547 2.91785
1036.31 0.06367 0.0719419 -0.924177
1036.41 0.0687963 0.0719296 -0.342439
1036.51 0.0754408 0.0719178 0.380089
1036.61 0.0603006 0.0719064 -1.2965
1036.71 0.078636 0.0718956 0.710043
1036.81 0.0649299 0.0718852 -0.764333
1036.91 0.0713967 0.0718752 -0.0516576
1037.01 0.0797599 0.0718656 0.801599
1037.11 0.0654826 0.0718564 -0.712359
1037.21 0.0793921 0.0718476 0.801723
1037.31 0.0709193 0.0718391 -0.0998386
1037.41 0.0713355 0.071831 -0.0528236
1037.51 0.0951404 0.0718232 2.36783
1037.61 0.0538757 0.0718158 -2.09765
1037.71 0.060056 0.0718086 -1.3269
1037.81 0.0604142 0.0718017 -1.28208
1037.91 0.0661543 0.0717951 -0.617853
1038.01 0.0824909 0.0717888 1.11278
1038.11 0.0680353 0.0717828 -0.411494
1038.21 0.071042 0.0717769 -0.0779956
1038.31 0.0698875 0.0717714 -0.204875
1038.41 0.0639592 0.071766 -0.864805
1038.51 0.0740715 0.0717609 0.248368
1038.61 0.0840526 0.071756 1.26988
1038.71 0.0873655 0.0717512 1.57209
1038.81 0.0697047 0.0717467 -0.224402
1038.91 0.0778999 0.0717424 0.666822
1039.01 0.0689378 0.0717382 -0.307306
1039.11 0.0887993 0.0717342 1.72962
1039.21 0.0810786 0.0717304 0.960077
1039.31 0.0636437 0.0717267 -0.894603
1039.41 0.0866235 0.0717232 1.51958
1039.51 0.0751352 0.0717198 0.365827
1039.61 0.0678778 0.0717165 -0.431547
1039.71 0.065068 0.0717134 -0.757781
1039.81 0.0593767 0.0717104 -1.42134
1039.91 0.064478 0.0717076 -0.794996
