# Cellular [Fura] for dataset DA_130531_E1.h5

# Loading curve with 179 elements
#    Time   AMPLITUDE
    0.021 4.21289236
   30.021 3.07938722
   60.021 4.63163847
   90.021 2.60646158
  120.021 4.18588157
  150.021 5.06412692
  180.021 4.88516073
  210.021 5.50403938
  240.021 6.51149419
  270.021 8.4943384
  300.021 8.7589177
  330.021 9.75089266
  360.021 9.93949427
  390.021 10.3618734
  420.021 10.9333647
  450.021 14.0787783
  480.021 14.0693008
  510.021 12.5391637
  720.021 20.4523753
  750.021 22.6012332
  780.021 23.118545
  810.021 24.2308838
  840.021 26.3737392
  870.021 27.4571717
 1080.021 34.1409979
 1110.021 35.7340022
 1140.021 36.7782612
 1170.021 39.0354781
 1200.021 41.5327909
 1230.021 43.5126339
 1260.021 45.6839217
 1290.021 46.1179897
 1470.021 59.2728729
 1500.021 60.2481043
 1530.021 62.6048346
 1560.021 64.2079483
 1590.021 65.7240272
 1620.021 66.4234643
 1650.021 68.7645568
 1800.021 79.4538767
 1830.021 77.749986
 1860.021 81.4104999
 1890.021 83.4914359
 1920.021 85.7151658
 1950.021 89.9654941
 1980.021 89.412168
 2010.021 93.2383796
 2040.021 92.8960851
 2070.021 94.4709243
 2190.021 103.485418
 2220.021 104.661256
 2250.021 106.862082
 2280.021 107.527874
 2310.021 109.949998
 2340.021 108.393482
 2370.021 115.149179
 2400.021 113.587293
 2520.021 119.554938
 2550.021 121.890186
 2580.021 122.057306
 2610.021 126.723063
 2640.021 121.654039
 2670.021 126.503186
 2700.021 126.682784
 2730.021 130.564123
 2760.021 130.985712
 2790.021 130.927899
 2820.021 132.815495
 2850.021 136.861268
 2880.021 135.589392
 2910.021 139.782382
 2940.021 142.407798
 2970.021 140.889982
 3000.021 144.351785
 3030.021 144.994199
 3060.021 148.731007
 3090.021 148.222698
 3120.021 151.29403
 3150.021 151.298453
 3180.021 154.76689
 3210.021 157.682159
 3240.021 159.051021
 3270.021 160.242813
 3300.021 161.310607
 3330.021 163.53181
 3360.021 164.936371
 3390.021 163.795757
 3420.021 164.801001
 3450.021 164.301696
 3480.021 164.212924
 3510.021 160.036678
 3540.021 159.203135
 3570.021 162.384089
 3600.021 174.999546
 3630.021 178.439867
 3660.021 180.809707
 3690.021 184.174366
 3720.021 187.590994
 3750.021 184.359493
 3780.021 185.608623
 3810.021 186.861702
 3840.021 186.352446
 3870.021 186.453855
 3900.021 188.604135
 3930.021 189.111179
 3960.021 189.911709
 3990.021 187.497956
 4020.021 186.162897
 4050.021 188.628144
 4080.021 189.451105
 4110.021 192.162292
 4140.021 191.121666
 4170.021 192.562557
 4200.021 193.199601
 4230.021 193.975174
 4260.021 193.277316
 4290.021 194.794659
 4320.021 195.248945
 4350.021 192.807392
 4380.021 197.151705
 4410.021 184.459006
 4440.021 180.019918
 4470.021 183.945802
 4500.021 184.507026
 4530.021 185.666436
 4560.021 187.848149
 4590.021 190.734986
 4620.021 189.645077
 4650.021 193.692745
 4680.021 194.513336
 4710.021 199.016081
 4740.021       200
 4770.021 198.739339
 4800.021 198.555476
 4830.021 196.609278
 4860.021 197.150441
 4890.021 192.738838
 4920.021 189.421882
 4950.021 189.619488
 4980.021 187.226585
 5010.021 186.950633
 5040.021 188.089192
 5070.021 187.82951
 5100.021 188.190127
 5130.021 187.577567
 5160.021 186.006677
 5190.021 190.018647
 5220.021 188.465764
 5250.021 187.914175
 5280.021 190.585399
 5310.021 188.42738
 5340.021 189.938404
 5370.021 188.172278
 5400.021 187.915123
 5430.021 187.778332
 5460.021 188.742506
 5490.021 188.796685
 5520.021 193.005787
 5550.021 195.195714
 5580.021 197.250587
 5610.021 195.971286
 5640.021 193.57712
 5670.021 193.679161
 5700.021 189.305783
 5730.021 192.078417
 5760.021 193.173854
 5790.021 194.72421
 5820.021 190.733722
 5850.021 191.229078
 5880.021 191.274253
 5910.021 191.836109
 5940.021 192.800758
 5970.021 194.480797
 6000.021 193.102299
 6030.021 194.768596
 6060.021 191.664409
 6090.021 189.960834
 6120.021 189.09254
 6150.021 188.386943


# Stim 1 with 200 elements
#    Time   AMPLITUDE
 1020.015 31.6894929
 1020.115 33.0441389
 1020.215 33.4154977
 1020.315 33.0670428
 1020.415 31.7081319
 1020.515 31.4602961
 1020.615 33.1754019
 1020.715 32.1750551
 1020.815 32.070645
 1020.915 31.6212551
 1021.015 33.8081808
 1021.115 32.1069753
 1021.215 33.6535401
 1021.315 33.0427173
 1021.415 32.2969986
 1021.515 32.8228401
 1021.615 33.2298973
 1021.715 31.6793836
 1021.815 31.6007206
 1021.915 33.253433
 1022.015 31.5203201
 1022.115 32.6746757
 1022.215 32.1489921
 1022.315 31.2059841
 1022.415 30.0149823
 1022.515 32.9310412
 1022.615 32.1837428
 1022.715 30.9624132
 1022.815 31.2127763
 1022.915 31.8496621
 1023.015 32.3159535
 1023.115 29.986076
 1023.215 34.2578866
 1023.315 32.7617104
 1023.415 33.5066394
 1023.515 30.5307145
 1023.615 31.4666144
 1023.715 32.852852
 1023.815 31.7244016
 1023.915 33.0406639
 1024.015 32.4784921
 1024.115 31.7755799
 1024.215 31.8296014
 1024.315 31.6615344
 1024.415 32.4879695
 1024.515 33.2006751
 1024.615 31.6168323
 1024.715 30.715841
 1024.815 31.5381693
 1024.915 32.3603396
 1025.015 31.5964557
 1025.115 32.5671064
 1025.215 31.9299046
 1025.315 31.378474
 1025.415 33.1554992
 1025.515 32.811941
 1025.615 31.1892405
 1025.715 31.4179634
 1025.815 33.5890933
 1025.915 31.0151711
 1026.015 33.1286464
 1026.115 32.9942243
 1026.215 31.9163203
 1026.315 32.3538634
 1026.415 32.433948
 1026.515 31.0098005
 1026.615 32.5865352
 1026.715 30.9415627
 1026.815 31.827548
 1026.915 32.6484547
 1027.015 33.8863699
 1027.115 32.9212478
 1027.215 31.2691672
 1027.315 32.2034876
 1027.415 33.4447199
 1027.515 31.8235991
 1027.615 32.5257215
 1027.715 31.5944023
 1027.815 33.9596623
 1027.915 32.6873123
 1028.015 32.1687368
 1028.115 34.4021021
 1028.215 31.8634044
 1028.315 32.3096352
 1028.415 34.0433799
 1028.515 32.5658427
 1028.615 33.331938
 1028.715 31.8991029
 1028.815 34.6249806
 1028.915 32.9098748
 1029.015 32.8953427
 1029.115 33.6923977
 1029.215 32.6689892
 1029.315 32.7116378
 1029.415 33.9762479
 1029.515 33.5061655
 1029.615 33.5372832
 1029.715 30.794662
 1029.815 31.891047
 1029.915 33.5037961
 1030.015 31.8815696
 1030.115 32.7675548
 1030.215 33.3407837
 1030.315 32.8220503
 1030.415 33.5988867
 1030.515 33.2464829
 1030.615 32.9413084
 1030.715 33.4639908
 1030.815 32.8661205
 1030.915 35.323154
 1031.015 33.0708338
 1031.115 32.868174
 1031.215  31.87999
 1031.315 32.1461489
 1031.415 33.0510891
 1031.515 33.8375609
 1031.615 33.2336883
 1031.715 32.5416752
 1031.815 32.295261
 1031.915 33.8002829
 1032.015 31.9430151
 1032.115 33.7838553
 1032.215 31.4892024
 1032.315 32.4718578
 1032.415 32.8591704
 1032.515 32.1744233
 1032.615 34.0909252
 1032.715 32.1098186
 1032.815 32.8351608
 1032.915 32.6800462
 1033.015 33.5811954
 1033.115 32.1331963
 1033.215 31.7166616
 1033.315 33.1302259
 1033.415 32.5829022
 1033.515 32.4535347
 1033.615 31.7893222
 1033.715 32.3706069
 1033.815 32.4246285
 1033.915 32.6064379
 1034.015 33.0194975
 1034.115 33.167346
 1034.215 33.3110876
 1034.315 30.5171301
 1034.415 33.5410742
 1034.515 32.9604213
 1034.615 32.6983693
 1034.715 33.6582788
 1034.815 31.3317185
 1034.915 33.1283304
 1035.015 33.886054
 1035.115 32.1886395
 1035.215 32.0722246
 1035.315 32.2502431
 1035.415 33.1698733
 1035.515 32.1426738
 1035.615 32.1115561
 1035.715 33.6911341
 1035.815 34.4308504
 1035.915 32.0613255
 1036.015 33.3186696
 1036.115 32.5426229
 1036.215 32.3731342
 1036.315  33.08505
 1036.415 33.3052432
 1036.515 32.995172
 1036.615 32.9759012
 1036.715 33.3281471
 1036.815 32.8135206
 1036.915 33.3576852
 1037.015 33.2783903
 1037.115 33.4429824
 1037.215 31.8081192
 1037.315 32.7786119
 1037.415 32.1662095
 1037.515 33.0654632
 1037.615 33.6731269
 1037.715 32.9544189
 1037.815 34.0157373
 1037.915 32.0889681
 1038.015 32.7121117
 1038.115 32.1971692
 1038.215 31.8583498
 1038.315 32.546098
 1038.415 33.1251713
 1038.515 33.3298846
 1038.615 30.4387831
 1038.715 33.3445747
 1038.815 32.2003284
 1038.915 33.7352043
 1039.015 33.9811446
 1039.115 33.4587781
 1039.215 32.8677001
 1039.315 32.5258794
 1039.415 33.6274771
 1039.515 32.0580084
 1039.615 33.2703345
 1039.715 32.6309213
 1039.815 32.1651038
 1039.915 34.338761


# Stim 2 with 200 elements
#    Time   AMPLITUDE
 1320.015 52.5743567
 1320.115 53.1062006
 1320.215 53.2856406
 1320.315 51.5907535
 1320.415 54.1123917
 1320.515 53.1030414
 1320.615 52.4658397
 1320.715 52.6963001
 1320.815 53.3017523
 1320.915 51.9411039
 1321.015 54.3575422
 1321.115 50.8222888
 1321.215 52.0910058
 1321.315 53.4949347
 1321.415 53.9643853
 1321.515 53.4349107
 1321.615 52.0459878
 1321.715 52.685401
 1321.815 52.9626169
 1321.915 51.9543723
 1322.015 50.1348565
 1322.115 49.8547973
 1322.215 51.5792225
 1322.315 50.3427289
 1322.415 50.9685577
 1322.515 51.1625299
 1322.615 53.9925017
 1322.715 52.8245618
 1322.815 53.4514963
 1322.915 54.085065
 1323.015 51.225871
 1323.115 51.4065747
 1323.215 51.4460641
 1323.315 52.9363959
 1323.415 50.0732529
 1323.515 51.3264901
 1323.615 52.1344442
 1323.715 52.5669326
 1323.815 50.3245638
 1323.915 52.8694218
 1324.015 53.3123355
 1324.115 51.9341537
 1324.215 52.7645378
 1324.315 53.3900507
 1324.415 51.5844352
 1324.515 52.2056832
 1324.615 52.5672486
 1324.715 53.8016887
 1324.815 51.9212012
 1324.915 53.5890775
 1325.015 52.4132397
 1325.115 52.1739336
 1325.215 51.7556614
 1325.315 53.0025802
 1325.415 52.4937982
 1325.515 51.1412056
 1325.615 51.6923203
 1325.715 53.3132832
 1325.815 52.9006975
 1325.915 51.8761832
 1326.015 53.7031231
 1326.115 53.976706
 1326.215 53.5044122
 1326.315 53.1676461
 1326.415 52.3601659
 1326.515 52.7669072
 1326.615 52.4320367
 1326.715 53.826962
 1326.815 53.6827465
 1326.915 51.5825397
 1327.015 53.1888125
 1327.115 53.4954086
 1327.215 54.4379427
 1327.315 53.5851286
 1327.415 53.8054797
 1327.515 53.471399
 1327.615 53.2482046
 1327.715 53.0275376
 1327.815 55.0138568
 1327.915 52.1289157
 1328.015 53.2681073
 1328.115 52.2573354
 1328.215 52.4258763
 1328.315 54.0896458
 1328.415 51.8850288
 1328.515 50.7439417
 1328.615 52.6733962
 1328.715 52.9897857
 1328.815 52.8100297
 1328.915 52.5685122
 1329.015 53.4598681
 1329.115 53.5974493
 1329.215 54.4305187
 1329.315 54.4467884
 1329.415 54.4644796
 1329.515 53.1267351
 1329.615 53.1929194
 1329.715 51.8915051
 1329.815 53.2200881
 1329.915 53.8026365
 1330.015 53.4222741
 1330.115 53.7636209
 1330.215 52.9168092
 1330.315 53.9871312
 1330.415 51.094608
 1330.515 53.8926724
 1330.615 53.029591
 1330.715 53.4772434
 1330.815 53.6655291
 1330.915 52.3492668
 1331.015 53.6688462
 1331.115 53.3859438
 1331.215 53.1388978
 1331.315 53.7298179
 1331.415 53.4816662
 1331.515 53.5800739
 1331.615 53.2722142
 1331.715 54.4396803
 1331.815 51.9937038
 1331.915 54.3259506
 1332.015 53.6617381
 1332.115 52.8422531
 1332.215 53.1685939
 1332.315 52.2191096
 1332.415 52.7782802
 1332.515 53.0829808
 1332.615 52.9264446
 1332.715 53.0984606
 1332.815 53.0581814
 1332.915 52.0733145
 1333.015 53.3186538
 1333.115 53.0400162
 1333.215 53.8125878
 1333.315 54.6669815
 1333.415 53.8035842
 1333.515 53.1284726
 1333.615 52.4168727
 1333.715 54.8514762
 1333.815 56.0306312
 1333.915 51.5086154
 1334.015 52.4716841
 1334.115 53.7498786
 1334.215 53.9111535
 1334.315 55.2662734
 1334.415 53.2406226
 1334.515 52.9133341
 1334.615 52.7443192
 1334.715 52.3159377
 1334.815 52.1826213
 1334.915 53.0330661
 1335.015 54.4692184
 1335.115 53.2556286
 1335.215 53.9695979
 1335.315 53.6742168
 1335.415 51.8005214
 1335.515 53.3957372
 1335.615 53.4461257
 1335.715 55.9368042
 1335.815 54.1626223
 1335.915 56.1514689
 1336.015 56.0399507
 1336.115 53.2532593
 1336.215 52.9728842
 1336.315 54.8582684
 1336.415 55.3945351
 1336.515 54.2858294
 1336.615 53.2175608
 1336.715 53.4698194
 1336.815 53.5541689
 1336.915 53.5037803
 1337.015 53.2908532
 1337.115 52.9078056
 1337.215 54.0597918
 1337.315 55.1395913
 1337.415 54.4035079
 1337.515 53.1513765
 1337.615 54.5951107
 1337.715 54.433204
 1337.815 55.8303407
 1337.915 53.2873781
 1338.015 53.474874
 1338.115 53.3962111
 1338.215 53.6175099
 1338.315 54.298466
 1338.415 52.4596793
 1338.515 54.844684
 1338.615 54.1133395
 1338.715 53.6775339
 1338.815 53.2611572
 1338.915 53.7283963
 1339.015 54.2292805
 1339.115 54.6581359
 1339.215 55.3792132
 1339.315 52.7199937
 1339.415 53.9127331
 1339.515 54.856215
 1339.615 52.6944046
 1339.715 53.5731238
 1339.815 54.6928866
 1339.915 53.269371


# Stim 3 with 200 elements
#    Time   AMPLITUDE
 1740.015 73.7748201
 1740.115 72.7479365
 1740.215 74.6720204
 1740.315 74.2471139
 1740.415 74.722093
 1740.515 74.0027532
 1740.615 73.6484539
 1740.715 75.8758167
 1740.815 74.3406249
 1740.915 73.981113
 1741.015 74.9784585
 1741.115 73.3742391
 1741.215 74.7581074
 1741.315 72.9221639
 1741.415 72.7076572
 1741.515 75.4147379
 1741.615 71.5003858
 1741.715 73.8138357
 1741.815 73.8182585
 1741.915 72.4692989
 1742.015 73.4099376
 1742.115 75.4646526
 1742.215 74.5808787
 1742.315 71.9252923
 1742.415 72.9674978
 1742.515 73.0862821
 1742.615 72.2649015
 1742.715 74.1637122
 1742.815 72.1589119
 1742.915 72.9306936
 1743.015 71.5956344
 1743.115 72.4730899
 1743.215 73.6689884
 1743.315 74.2376364
 1743.415 73.3619184
 1743.515 74.6372697
 1743.615 73.517033
 1743.715 73.3581274
 1743.815 73.9127173
 1743.915 73.0183602
 1744.015 72.6302579
 1744.115 73.9386223
 1744.215 73.6302887
 1744.315 71.5904218
 1744.415 75.328493
 1744.515 73.1818465
 1744.615 73.2423444
 1744.715 73.4715411
 1744.815 75.2114463
 1744.915 73.8282098
 1745.015 72.8791994
 1745.115 74.4518272
 1745.215 74.7950695
 1745.315 75.7080656
 1745.415 73.6416617
 1745.515 74.3069799
 1745.615 74.1506017
 1745.715 75.0293209
 1745.815 73.7795588
 1745.915 74.4889473
 1746.015 72.4094329
 1746.115 72.5504892
 1746.215 75.3250179
 1746.315 74.6857627
 1746.415 75.3406557
 1746.515 73.6735692
 1746.615 75.5110922
 1746.715 76.024455
 1746.815 74.550077
 1746.915 73.0993926
 1747.015 75.9606401
 1747.115 73.8594855
 1747.215 76.099327
 1747.315 74.5781935
 1747.415 73.7800327
 1747.515 73.7493889
 1747.615 74.9626627
 1747.715 75.0119456
 1747.815 73.3873496
 1747.915 74.8200268
 1748.015 74.2333716
 1748.115 73.8348441
 1748.215 73.0796478
 1748.315 74.0825219
 1748.415 75.1969141
 1748.515 74.4549864
 1748.615 72.7766848
 1748.715 75.5764867
 1748.815 74.1663975
 1748.915 75.0577533
 1749.015 74.467623
 1749.115 75.2795261
 1749.215 76.6812435
 1749.315 73.8037264
 1749.415 74.8789451
 1749.515 76.1037498
 1749.615 74.6759693
 1749.715 73.1287727
 1749.815 72.8904144
 1749.915 74.7805374
 1750.015 75.3254918
 1750.115 74.591146
 1750.215 73.3257461
 1750.315 75.3188576
 1750.415 75.406998
 1750.515 75.1926493
 1750.615 74.7509993
 1750.715 75.6744206
 1750.815 73.8899713
 1750.915 74.8017037
 1751.015 73.3641298
 1751.115 75.3452365
 1751.215 76.1989984
 1751.315 75.2667315
 1751.415 74.8874748
 1751.515 75.4507523
 1751.615 75.0174741
 1751.715 74.841825
 1751.815 73.6077008
 1751.915  75.20497
 1752.015 74.4808915
 1752.115 75.3877272
 1752.215 74.2436388
 1752.315 75.9802268
 1752.415 75.7666679
 1752.515 75.8167405
 1752.615 74.8622016
 1752.715 75.2582018
 1752.815 73.7100574
 1752.915 75.2180805
 1753.015 74.7012426
 1753.115 74.3502604
 1753.215 76.1869936
 1753.315 75.1831718
 1753.415 76.7063588
 1753.515 75.9075663
 1753.615 73.9983304
 1753.715 76.4820588
 1753.815 73.9763743
 1753.915  75.08508
 1754.015 76.1993143
 1754.115 74.9825654
 1754.215 75.6360368
 1754.315 75.3329158
 1754.415 74.2689121
 1754.515 75.4834496
 1754.615 74.4279756
 1754.715 75.5632183
 1754.815 73.6154407
 1754.915 75.3040095
 1755.015 77.0194312
 1755.115 76.425194
 1755.215 75.1894901
 1755.315 73.9492055
 1755.415 74.048561
 1755.515 76.0449895
 1755.615 76.5586683
 1755.715 74.9674015
 1755.815 75.2147634
 1755.915 76.9687267
 1756.015 74.2193133
 1756.115 75.8901909
 1756.215 76.8036608
 1756.315 74.3325691
 1756.415 74.913064
 1756.515 75.3292828
 1756.615 76.9663574
 1756.715 76.3580619
 1756.815 76.9848384
 1756.915 74.7241465
 1757.015 75.5001931
 1757.115 75.7894138
 1757.215 75.0413257
 1757.315 74.7478401
 1757.415 76.0909553
 1757.515  76.06584
 1757.615 76.2872968
 1757.715 78.1483555
 1757.815 76.0907973
 1757.915 73.8030946
 1758.015 75.5212015
 1758.115 74.0172853
 1758.215 75.2419321
 1758.315 77.1069398
 1758.415 76.9292373
 1758.515 75.7110668
 1758.615 74.8876328
 1758.715 75.0411678
 1758.815 74.711036
 1758.915 77.3486152
 1759.015 74.3660561
 1759.115 76.2609178
 1759.215 74.4260801
 1759.315 76.4191916
 1759.415 75.1015076
 1759.515 75.5221492
 1759.615 76.7286309
 1759.715 76.3923387
 1759.815 73.7721348
 1759.915 73.722694


# Stim 4 with 200 elements
#    Time   AMPLITUDE
 1540.015 99.3963643
 1540.115 99.1327327
 1540.215 98.7924916
 1540.315 99.131627
 1540.415 101.310181
 1540.515 99.8078443
 1540.615 99.5126212
 1540.715 100.947984
 1540.815 100.231961
 1540.915 99.7478204
 1541.015 99.0347989
 1541.115 101.565915
 1541.215 100.82604
 1541.315 98.8956381
 1541.415 101.676485
 1541.515 97.6651468
 1541.615 99.5702758
 1541.715 98.7601103
 1541.815 98.9169624
 1541.915 96.567814
 1542.015 98.4285569
 1542.115 97.4714906
 1542.215 98.8798423
 1542.315 98.7672184
 1542.415 97.9475754
 1542.515 98.1352292
 1542.615 97.436424
 1542.715 98.4253977
 1542.815 97.634503
 1542.915 99.1020889
 1543.015 97.5022924
 1543.115 96.1591772
 1543.215 100.615956
 1543.315 98.8185547
 1543.415 99.3034851
 1543.515 98.5593459
 1543.615 98.8458814
 1543.715 98.390805
 1543.815 97.0165721
 1543.915 98.6623344
 1544.015 97.413678
 1544.115 98.0055459
 1544.215 99.4107384
 1544.315 98.0166029
 1544.415 97.8115737
 1544.515 98.1312803
 1544.615 99.2483578
 1544.715 99.4941402
 1544.815 98.4110236
 1544.915 99.5645893
 1545.015 99.202866
 1545.115  98.32699
 1545.215 97.5885373
 1545.315 97.0162562
 1545.415 97.7273822
 1545.515 96.4964171
 1545.615 98.7511067
 1545.715 98.9866218
 1545.815 97.6275529
 1545.915 98.1753505
 1546.015 98.375641
 1546.115 98.8635726
 1546.215 100.278717
 1546.315 98.3746933
 1546.415 99.9394232
 1546.515 97.3116373
 1546.615 99.8806629
 1546.715 100.187575
 1546.815 99.0202668
 1546.915 99.0577028
 1547.015 99.0864511
 1547.115 98.4214488
 1547.215 98.5043766
 1547.315 97.7583419
 1547.415 101.641103
 1547.515 99.4642861
 1547.615 98.869733
 1547.715 98.6506455
 1547.815 101.343352
 1547.915 101.632415
 1548.015 101.303389
 1548.115 100.966465
 1548.215 99.8369086
 1548.315 100.369226
 1548.415 100.375861
 1548.515 100.196421
 1548.615 99.9470052
 1548.715 96.5224802
 1548.815 100.628435
 1548.915 97.5770064
 1549.015 96.4836225
 1549.115 98.959611
 1549.215 99.7536648
 1549.315 97.4858648
 1549.415 98.3528951
 1549.515 99.9945505
 1549.615 100.664607
 1549.715 101.009429
 1549.815 98.7446304
 1549.915 97.4610654
 1550.015 99.5012483
 1550.115 99.8225344
 1550.215 99.6768973
 1550.315 98.5863567
 1550.415 96.6295755
 1550.515 97.5452569
 1550.615 98.4546199
 1550.715 98.5988354
 1550.815 98.9245444
 1550.915 99.341237
 1551.015 99.9132022
 1551.115 99.2714197
 1551.215 101.520897
 1551.315  98.34942
 1551.415 99.4202159
 1551.515 100.62338
 1551.615 102.079593
 1551.715 100.031671
 1551.815 98.1109037
 1551.915 99.0294283
 1552.015 102.469275
 1552.115 99.4803978
 1552.215 99.5407377
 1552.315 99.0013118
 1552.415 99.0774475
 1552.515 98.8755774
 1552.615 99.5487936
 1552.715 100.510914
 1552.815 98.6012047
 1552.915  99.28532
 1553.015 98.547973
 1553.115 99.3780412
 1553.215 100.036251
 1553.315 98.7548977
 1553.415 99.4688669
 1553.515 100.471109
 1553.615 99.562062
 1553.715 99.0970343
 1553.815 99.0501208
 1553.915 98.1080605
 1554.015 100.671558
 1554.115 99.4900333
 1554.215 99.5301545
 1554.315 99.6096073
 1554.415 99.7178084
 1554.515 99.0951388
 1554.615 99.386097
 1554.715 100.145558
 1554.815 98.0139177
 1554.915 99.0374842
 1555.015 100.105121
 1555.115 99.2347735
 1555.215 99.0398535
 1555.315 100.990632
 1555.415 99.9689613
 1555.515 99.2004966
 1555.615 98.6697584
 1555.715 101.135638
 1555.815 100.170831
 1555.915 100.398922
 1556.015 100.616272
 1556.115 100.49733
 1556.215 96.803803
 1556.315 100.246493
 1556.415 97.0949192
 1556.515 99.7658276
 1556.615 98.540233
 1556.715 100.863476
 1556.815 99.2230846
 1556.915 99.4358537
 1557.015 100.268607
 1557.115 98.8675216
 1557.215 101.267532
 1557.315 99.9021451
 1557.415 99.341395
 1557.515 98.4034416
 1557.615 100.779127
 1557.715 98.6133675
 1557.815 99.475975
 1557.915 99.5979184
 1558.015 101.039441
 1558.115 101.120474
 1558.215 100.051889
 1558.315 99.7009069
 1558.415 100.954144
 1558.515 100.491012
 1558.615 98.3848026
 1558.715 100.137976
 1558.815 100.618958
 1558.915 99.5243101
 1559.015 100.118231
 1559.115 99.6825838
 1559.215 100.679455
 1559.315 99.5529005
 1559.415 101.216038
 1559.515 98.9130134
 1559.615 100.848944
 1559.715 98.8642045
 1559.815 98.5242793
 1559.915 100.951775


# Stim 5 with 200 elements
#    Time   AMPLITUDE
 2480.015 119.298257
 2480.115 119.691098
 2480.215 120.682915
 2480.315 118.20977
 2480.415 120.733935
 2480.515 119.434416
 2480.615 118.873192
 2480.715 117.85626
 2480.815 119.376762
 2480.915 118.539585
 2481.015 117.244331
 2481.115 121.519617
 2481.215 118.152273
 2481.315 118.97318
 2481.415 120.539015
 2481.515 119.582265
 2481.615 117.765276
 2481.715 116.521043
 2481.815 116.176379
 2481.915 119.608328
 2482.015 117.167722
 2482.115 116.636036
 2482.215 116.849279
 2482.315 115.002752
 2482.415 115.844667
 2482.515 118.509258
 2482.615 115.337465
 2482.715 117.482374
 2482.815 115.815603
 2482.915 116.225188
 2483.015 117.08511
 2483.115 115.628897
 2483.215 116.737919
 2483.315 117.442095
 2483.415 116.136258
 2483.515 117.439093
 2483.615 117.296773
 2483.715 118.355091
 2483.815 116.368929
 2483.915 116.346973
 2484.015 115.453564
 2484.115 116.937735
 2484.215 114.119926
 2484.315 118.345929
 2484.415 117.489956
 2484.515 116.59781
 2484.615 116.833167
 2484.715 115.77564
 2484.815 116.973118
 2484.915 118.094302
 2485.015 118.526317
 2485.115 118.306598
 2485.215 116.072759
 2485.315 117.371172
 2485.415 117.434513
 2485.515 117.138816
 2485.615 117.769067
 2485.715 117.477635
 2485.815 116.230084
 2485.915 117.180832
 2486.015 116.14842
 2486.115 117.177831
 2486.215 114.612281
 2486.315 115.379956
 2486.415 114.872911
 2486.515 117.774438
 2486.615 116.491189
 2486.715 118.57481
 2486.815 116.666364
 2486.915 116.144629
 2487.015 119.003507
 2487.115 117.288086
 2487.215 116.242879
 2487.315 118.324131
 2487.415 114.658089
 2487.515 118.459185
 2487.615 116.089502
 2487.715 118.955172
 2487.815 115.303504
 2487.915 117.237855
 2488.015 116.950214
 2488.115 117.803028
 2488.215 118.868296
 2488.315 117.492799
 2488.415 119.180736
 2488.515 117.729894
 2488.615 116.699061
 2488.715 116.549317
 2488.815 118.539901
 2488.915 118.165225
 2489.015 117.863052
 2489.115 114.370447
 2489.215 116.578539
 2489.315   116.942
 2489.415 116.333073
 2489.515 119.298257
 2489.615 117.066471
 2489.715 115.951289
 2489.815 117.134393
 2489.915 117.336263
 2490.015 117.153822
 2490.115   117.205
 2490.215 118.931163
 2490.315 117.424561
 2490.415 117.276871
 2490.515 116.535101
 2490.615 117.958301
 2490.715 116.911356
 2490.815 117.089059
 2490.915 117.748849
 2491.015 117.200735
 2491.115 116.728125
 2491.215 117.573673
 2491.315 116.489293
 2491.415 117.133445
 2491.515 116.571747
 2491.615 116.773459
 2491.715 117.191574
 2491.815 118.948538
 2491.915 117.195049
 2492.015 118.19887
 2492.115 117.76575
 2492.215 118.564701
 2492.315 118.901151
 2492.415 116.694638
 2492.515 117.80287
 2492.615 117.480952
 2492.715 117.839674
 2492.815 118.982815
 2492.915 119.051843
 2493.015 117.650125
 2493.115 117.137236
 2493.215 118.039175
 2493.315 118.487301
 2493.415 120.841188
 2493.515 117.718205
 2493.615 119.082328
 2493.715 119.776395
 2493.815 117.090323
 2493.915 116.364507
 2494.015 119.091964
 2494.115 118.80069
 2494.215 121.863491
 2494.315 120.660485
 2494.415 118.503097
 2494.515 118.513838
 2494.615 116.601917
 2494.715 115.091525
 2494.815 117.172777
 2494.915 117.044041
 2495.015 116.459597
 2495.115 119.231283
 2495.215 117.413346
 2495.315 116.301008
 2495.415 116.698587
 2495.515 115.555131
 2495.615 116.345868
 2495.715 116.624347
 2495.815 118.83544
 2495.915 116.594335
 2496.015 119.829469
 2496.115 118.842548
 2496.215 118.532477
 2496.315 119.402667
 2496.415 117.684086
 2496.515 117.778387
 2496.615 119.696784
 2496.715 117.813295
 2496.815 116.237982
 2496.915 117.952456
 2497.015 118.644943
 2497.115 119.504234
 2497.215 118.193816
 2497.315 117.854364
 2497.415 119.512132
 2497.515 117.749796
 2497.615 118.59566
 2497.715 116.78657
 2497.815 119.941145
 2497.915 116.493084
 2498.015 118.297752
 2498.115 118.26932
 2498.215 119.485595
 2498.315 118.759779
 2498.415 119.060688
 2498.515 116.073706
 2498.615 119.821887
 2498.715 119.25466
 2498.815 119.205378
 2498.915 117.768909
 2499.015 119.650818
 2499.115 118.233305
 2499.215 118.442441
 2499.315 118.722501
 2499.415 120.542806
 2499.515 119.178367
 2499.615 118.495989
 2499.715 118.491566
 2499.815 117.040566
 2499.915 119.148829


