# τ vs mean κ linear regression for data set DA_130531_E1.h5
# Using stimulation: 1, 2, 3, 4, 5
# Best fit: tau = 1.37031 + 0.0110486 kappa_Fura
# Covariance matrix:
# [ +5.77867e-02, -3.16022e-04  
#   -3.16022e-04, +2.04979e-06  ]
# Total sum of squares (TSS) = 66.2431
# chisq (Residual sum of squares, RSS) = 6.68975
# Probability of observing a larger of equal RSS per DOF under the null hypothesis: 0.0824721
# R squared (1-RSS/TSS) = 0.899012
# Estimated gamma/v with standard error: 90.5091 +/- 11.7284
# Estimates kappa_S with standard error (using error propagation): 123.026 +/- 27.0496
# kappa_S confidence intervals based on parametric bootstrap
# 0.95 CI for kappa_S: [64.5552,219.792]
# 0.99 CI for kappa_S: [51.5545,270.579]


# The data
# κ_Fura  τ   τ_SE
69.7573 2.40145 0.217242
120.185 2.58752 0.15554
181.977 3.25505 0.208802
243.574 3.84203 0.247316
282.773 5.14467 0.342831


# The fitted data
# Preticted values with lower and upper bounds of 0.95 CI
# κ_Fura  τ   τ_lwr  τ_upr
-154.782 -0.339817 -1.22665 0.547014
-152.976 -0.319854 -1.20173 0.56202
-151.169 -0.299892 -1.17681 0.577028
-149.362 -0.279929 -1.1519 0.592037
-147.555 -0.259967 -1.12698 0.607048
-145.749 -0.240005 -1.10207 0.622059
-143.942 -0.220042 -1.07716 0.637073
-142.135 -0.20008 -1.05225 0.652087
-140.328 -0.180117 -1.02734 0.667103
-138.521 -0.160155 -1.00243 0.682121
-136.715 -0.140193 -0.977525 0.69714
-134.908 -0.12023 -0.952621 0.71216
-133.101 -0.100268 -0.927718 0.727183
-131.294 -0.0803055 -0.902817 0.742206
-129.488 -0.0603432 -0.877918 0.757232
-127.681 -0.0403808 -0.85302 0.772259
-125.874 -0.0204184 -0.828124 0.787287
-124.067 -0.000455991 -0.80323 0.802318
-122.26 0.0195064 -0.778337 0.81735
-120.454 0.0394688 -0.753446 0.832383
-118.647 0.0594312 -0.728557 0.847419
-116.84 0.0793936 -0.703669 0.862456
-115.033 0.0993559 -0.678784 0.877496
-113.227 0.119318 -0.6539 0.892537
-111.42 0.139281 -0.629019 0.90758
-109.613 0.159243 -0.604139 0.922625
-107.806 0.179205 -0.579261 0.937672
-105.999 0.199168 -0.554386 0.952722
-104.193 0.21913 -0.529512 0.967773
-102.386 0.239093 -0.504641 0.982826
-100.579 0.259055 -0.479772 0.997882
-98.7723 0.279017 -0.454905 1.01294
-96.9655 0.29898 -0.43004 1.028
-95.1588 0.318942 -0.405178 1.04306
-93.352 0.338905 -0.380318 1.05813
-91.5452 0.358867 -0.35546 1.07319
-89.7384 0.378829 -0.330605 1.08826
-87.9316 0.398792 -0.305752 1.10334
-86.1249 0.418754 -0.280902 1.11841
-84.3181 0.438717 -0.256055 1.13349
-82.5113 0.458679 -0.23121 1.14857
-80.7045 0.478641 -0.206368 1.16365
-78.8978 0.498604 -0.181528 1.17874
-77.091 0.518566 -0.156692 1.19382
-75.2842 0.538528 -0.131858 1.20892
-73.4774 0.558491 -0.107028 1.22401
-71.6707 0.578453 -0.0822001 1.23911
-69.8639 0.598416 -0.0573756 1.25421
-68.0571 0.618378 -0.0325544 1.26931
-66.2503 0.63834 -0.00773633 1.28442
-64.4435 0.658303 0.0170784 1.29953
-62.6368 0.678265 0.0418897 1.31464
-60.83 0.698228 0.0666975 1.32976
-59.0232 0.71819 0.0915018 1.34488
-57.2164 0.738152 0.116302 1.36
-55.4097 0.758115 0.141099 1.37513
-53.6029 0.778077 0.165893 1.39026
-51.7961 0.798039 0.190682 1.4054
-49.9893 0.818002 0.215467 1.42054
-48.1826 0.837964 0.240248 1.43568
-46.3758 0.857927 0.265025 1.45083
-44.569 0.877889 0.289798 1.46598
-42.7622 0.897851 0.314566 1.48114
-40.9554 0.917814 0.33933 1.4963
-39.1487 0.937776 0.364089 1.51146
-37.3419 0.957739 0.388843 1.52663
-35.5351 0.977701 0.413593 1.54181
-33.7283 0.997663 0.438337 1.55699
-31.9216 1.01763 0.463076 1.57217
-30.1148 1.03759 0.487811 1.58737
-28.308 1.05755 0.512539 1.60256
-26.5012 1.07751 0.537263 1.61776
-24.6945 1.09748 0.56198 1.63297
-22.8877 1.11744 0.586692 1.64818
-21.0809 1.1374 0.611398 1.6634
-19.2741 1.15736 0.636097 1.67863
-17.4673 1.17732 0.66079 1.69386
-15.6606 1.19729 0.685477 1.7091
-13.8538 1.21725 0.710157 1.72434
-12.047 1.23721 0.734831 1.73959
-10.2402 1.25717 0.759497 1.75485
-8.43346 1.27714 0.784156 1.77012
-6.62669 1.2971 0.808807 1.78539
-4.81991 1.31706 0.833451 1.80067
-3.01313 1.33702 0.858087 1.81596
-1.20636 1.35699 0.882714 1.83126
0.60042 1.37695 0.907334 1.84656
2.4072 1.39691 0.931944 1.86188
4.21397 1.41687 0.956546 1.8772
6.02075 1.43684 0.981139 1.89253
7.82753 1.4568 1.00572 1.90787
9.6343 1.47676 1.03029 1.92323
11.4411 1.49672 1.05486 1.93859
13.2479 1.51669 1.07941 1.95396
15.0546 1.53665 1.10395 1.96934
16.8614 1.55661 1.12848 1.98474
18.6682 1.57657 1.153 2.00014
20.475 1.59653 1.17751 2.01556
22.2817 1.6165 1.20201 2.03099
24.0885 1.63646 1.22649 2.04643
25.8953 1.65642 1.25096 2.06188
27.7021 1.67638 1.27542 2.07735
29.5089 1.69635 1.29986 2.09283
31.3156 1.71631 1.32429 2.10833
33.1224 1.73627 1.3487 2.12384
34.9292 1.75623 1.3731 2.13937
36.736 1.7762 1.39748 2.15491
38.5427 1.79616 1.42185 2.17047
40.3495 1.81612 1.4462 2.18604
42.1563 1.83608 1.47053 2.20164
43.9631 1.85605 1.49484 2.21725
45.7698 1.87601 1.51914 2.23288
47.5766 1.89597 1.54341 2.24853
49.3834 1.91593 1.56766 2.2642
51.1902 1.9359 1.5919 2.27989
52.997 1.95586 1.61611 2.29561
54.8037 1.97582 1.6403 2.31135
56.6105 1.99578 1.66446 2.32711
58.4173 2.01575 1.6886 2.34289
60.2241 2.03571 1.71271 2.3587
62.0308 2.05567 1.7368 2.37454
63.8376 2.07563 1.76086 2.39041
65.6444 2.09559 1.78489 2.4063
67.4512 2.11556 1.80889 2.42222
69.2579 2.13552 1.83286 2.43818
71.0647 2.15548 1.8568 2.45416
72.8715 2.17544 1.8807 2.47019
74.6783 2.19541 1.90457 2.48624
76.485 2.21537 1.9284 2.50233
78.2918 2.23533 1.9522 2.51846
80.0986 2.25529 1.97596 2.53463
81.9054 2.27526 1.99967 2.55084
83.7122 2.29522 2.02334 2.5671
85.5189 2.31518 2.04697 2.58339
87.3257 2.33514 2.07055 2.59974
89.1325 2.35511 2.09408 2.61613
90.9393 2.37507 2.11756 2.63257
92.746 2.39503 2.14099 2.64907
94.5528 2.41499 2.16437 2.66562
96.3596 2.43496 2.18769 2.68222
98.1664 2.45492 2.21094 2.69889
99.9731 2.47488 2.23414 2.71562
101.78 2.49484 2.25727 2.73241
103.587 2.5148 2.28034 2.74927
105.393 2.53477 2.30334 2.7662
107.2 2.55473 2.32626 2.7832
109.007 2.57469 2.34911 2.80027
110.814 2.59465 2.37188 2.81743
112.621 2.61462 2.39457 2.83466
114.427 2.63458 2.41718 2.85198
116.234 2.65454 2.4397 2.86938
118.041 2.6745 2.46213 2.88688
119.848 2.69447 2.48446 2.90447
121.654 2.71443 2.5067 2.92215
123.461 2.73439 2.52884 2.93994
125.268 2.75435 2.55088 2.95783
127.075 2.77432 2.57281 2.97582
128.882 2.79428 2.59463 2.99393
130.688 2.81424 2.61634 3.01214
132.495 2.8342 2.63793 3.03048
134.302 2.85417 2.6594 3.04893
136.109 2.87413 2.68076 3.0675
137.915 2.89409 2.70199 3.08619
139.722 2.91405 2.72309 3.10502
141.529 2.93401 2.74406 3.12397
143.336 2.95398 2.76491 3.14305
145.143 2.97394 2.78562 3.16226
146.949 2.9939 2.8062 3.18161
148.756 3.01386 2.82664 3.20109
150.563 3.03383 2.84694 3.22071
152.37 3.05379 2.86711 3.24047
154.176 3.07375 2.88714 3.26036
155.983 3.09371 2.90704 3.28039
157.79 3.11368 2.92679 3.30056
159.597 3.13364 2.94641 3.32087
161.404 3.1536 2.96589 3.34131
163.21 3.17356 2.98524 3.36189
165.017 3.19353 3.00445 3.3826
166.824 3.21349 3.02353 3.40344
168.631 3.23345 3.04248 3.42442
170.437 3.25341 3.0613 3.44552
172.244 3.27338 3.08 3.46675
174.051 3.29334 3.09857 3.48811
175.858 3.3133 3.11702 3.50958
177.665 3.33326 3.13535 3.53117
179.471 3.35323 3.15357 3.55288
181.278 3.37319 3.17167 3.5747
183.085 3.39315 3.18967 3.59663
184.892 3.41311 3.20755 3.61867
186.698 3.43307 3.22534 3.64081
188.505 3.45304 3.24303 3.66305
190.312 3.473 3.26061 3.68538
192.119 3.49296 3.27811 3.70781
193.926 3.51292 3.29551 3.73033
195.732 3.53289 3.31283 3.75294
197.539 3.55285 3.33007 3.77563
199.346 3.57281 3.34722 3.7984
201.153 3.59277 3.36429 3.82125
202.959 3.61274 3.38129 3.84418
204.766 3.6327 3.39822 3.86718
206.573 3.65266 3.41508 3.89024
208.38 3.67262 3.43187 3.91337
210.187 3.69259 3.4486 3.93657
211.993 3.71255 3.46526 3.95983
213.8 3.73251 3.48187 3.98315
215.607 3.75247 3.49842 4.00652
217.414 3.77244 3.51492 4.02995
219.22 3.7924 3.53136 4.05344
221.027 3.81236 3.54775 4.07697
222.834 3.83232 3.56409 4.10055
224.641 3.85228 3.58039 4.12418
226.448 3.87225 3.59664 4.14785
228.254 3.89221 3.61286 4.17156
230.061 3.91217 3.62902 4.19532
231.868 3.93213 3.64515 4.21911
233.675 3.9521 3.66125 4.24295
235.481 3.97206 3.6773 4.26682
237.288 3.99202 3.69332 4.29072
239.095 4.01198 3.70931 4.31466
240.902 4.03195 3.72526 4.33863
242.709 4.05191 3.74119 4.36263
244.515 4.07187 3.75708 4.38666
246.322 4.09183 3.77295 4.41072
248.129 4.1118 3.78878 4.43481
249.936 4.13176 3.80459 4.45892
251.742 4.15172 3.82038 4.48306
253.549 4.17168 3.83614 4.50723
255.356 4.19165 3.85188 4.53141
257.163 4.21161 3.86759 4.55562
258.97 4.23157 3.88328 4.57986
260.776 4.25153 3.89895 4.60411
262.583 4.27149 3.91461 4.62838
264.39 4.29146 3.93024 4.65268
266.197 4.31142 3.94585 4.67699
268.003 4.33138 3.96144 4.70132
269.81 4.35134 3.97702 4.72567
271.617 4.37131 3.99258 4.75004
273.424 4.39127 4.00812 4.77442
275.231 4.41123 4.02364 4.79882
277.037 4.43119 4.03916 4.82323
278.844 4.45116 4.05465 4.84766
280.651 4.47112 4.07013 4.8721
282.458 4.49108 4.0856 4.89656
284.264 4.51104 4.10106 4.92103
286.071 4.53101 4.1165 4.94551
287.878 4.55097 4.13193 4.97001
289.685 4.57093 4.14734 4.99452
291.492 4.59089 4.16275 5.01904
293.298 4.61086 4.17814 5.04357
295.105 4.63082 4.19352 5.06811
