# Data from DA_130531_E1.h5 stim 2
# Ratiometric estimator mono-exponential fit
# Fitted model Ca = baseline+delta*exp(-(t-t0)/tau)
# nobs = 169
# number of degrees of freedom = 166
# baseline length = 7
# fit started from point 38
# estimated baseline 0.0617005 and standard error 0.000728263
# estimated delta 0.0802983 and standard error 0.00295197
# estimated tau 2.58752 and standard error 0.15554
# residual sum of squares: 197.346
# RSS per degree of freedom: 1.18883
# Probability of observing a larger of equal RSS per DOF under the null hypothesis: 0.0485915

# rss per degree of freedom: 1.18883

# Time    Ca  Prediction  Residual
1320.02 0.0689465 0.0617005 1.19692
1320.12 0.0530384 0.0617005 -1.55426
1320.21 0.0597458 0.0617005 -0.340129
1320.31 0.0636233 0.0617005 0.318153
1320.41 0.0708867 0.0617005 1.49497
1320.51 0.0574541 0.0617005 -0.719429
1320.61 0.0694625 0.0617005 1.27817

1323.81 0.129463 0.141999 -1.53692
1323.91 0.129627 0.138955 -1.12249
1324.01 0.1215 0.136026 -1.83813
1324.11 0.126463 0.133208 -0.840485
1324.21 0.114746 0.130498 -2.02582
1324.31 0.143729 0.127889 1.81798
1324.41 0.133548 0.12538 0.967449
1324.51 0.122242 0.122966 -0.090885
1324.61 0.117598 0.120644 -0.386218
1324.71 0.130518 0.118409 1.50303
1324.81 0.14342 0.116259 3.18203
1324.91 0.129256 0.114191 1.85715
1325.01 0.120404 0.112201 1.03511
1325.11 0.116526 0.110287 0.81967
1325.21 0.116638 0.108445 1.07502
1325.31 0.107866 0.106673 0.163458
1325.41 0.099849 0.104968 -0.706699
1325.51 0.0885026 0.103328 -2.17057
1325.61 0.108092 0.101749 0.862106
1325.71 0.115933 0.100231 2.08202
1325.81 0.0887115 0.0987705 -1.47819
1325.91 0.1022 0.0973652 0.65509
1326.01 0.0968083 0.0960132 0.111183
1326.11 0.0868915 0.0947124 -1.16871
1326.21 0.105225 0.0934609 1.63356
1326.31 0.0988958 0.0922569 0.929613
1326.41 0.083505 0.0910985 -1.14559
1326.51 0.0798137 0.089984 -1.54884
1326.61 0.100869 0.0889118 1.69165
1326.71 0.100034 0.0878802 1.71792
1326.81 0.0936099 0.0868878 0.97357
1326.91 0.0853671 0.0859329 -0.0845366
1327.01 0.0818035 0.0850143 -0.490231
1327.11 0.0924668 0.0841305 1.21975
1327.21 0.0818145 0.0832802 -0.224534
1327.31 0.0909369 0.0824621 1.23647
1327.41 0.0706562 0.081675 -1.70405
1327.51 0.080561 0.0809178 -0.055231
1327.61 0.0840055 0.0801893 0.574074
1327.71 0.0757652 0.0794884 -0.589033
1327.81 0.0786386 0.078814 -0.0278936
1327.91 0.0753433 0.0781653 -0.444743
1328.01 0.0849505 0.0775411 1.09967
1328.11 0.0718157 0.0769406 -0.816791
1328.21 0.078777 0.0763628 0.371732
1328.31 0.0699341 0.075807 -0.95517
1328.41 0.0722491 0.0752722 -0.496757
1328.51 0.0801881 0.0747577 0.831848
1328.61 0.0737403 0.0742627 -0.0840719
1328.71 0.0636255 0.0737865 -1.71041
1328.81 0.0697518 0.0733283 -0.573339
1328.91 0.0742283 0.0728875 0.209204
1329.01 0.0661519 0.0724634 -1.04497
1329.11 0.0691472 0.0720554 -0.477028
1329.21 0.0692189 0.0716628 -0.393503
1329.31 0.0724459 0.0712852 0.184688
1329.41 0.0687984 0.0709218 -0.344629
1329.51 0.0642867 0.0705722 -1.05157
1329.61 0.0689264 0.0702359 -0.21997
1329.71 0.0714465 0.0699123 0.249781
1329.81 0.0724075 0.069601 0.459463
1329.91 0.0731823 0.0693015 0.618085
1330.01 0.0618296 0.0690134 -1.21436
1330.11 0.057112 0.0687362 -2.03202
1330.21 0.0646792 0.0684694 -0.629752
1330.31 0.0776932 0.0682128 1.52035
1330.41 0.0686403 0.0679659 0.10839
1330.51 0.0710506 0.0677284 0.541108
1330.61 0.0661168 0.0674999 -0.230712
1330.71 0.0626955 0.0672801 -0.770728
1330.81 0.075056 0.0670685 1.27593
1330.91 0.0821676 0.066865 2.33258
1331.01 0.0651853 0.0666693 -0.24535
1331.11 0.0559593 0.0664809 -1.82229
1331.21 0.0718245 0.0662997 0.883698
1331.31 0.0584879 0.0661253 -1.3228
1331.41 0.0566138 0.0659576 -1.59763
1331.51 0.0664009 0.0657962 0.101979
1331.61 0.0671301 0.0656409 0.245286
1331.71 0.0687112 0.0654915 0.530654
1331.81 0.0547493 0.0653478 -1.86087
1331.91 0.0597482 0.0652096 -0.944007
1332.01 0.0604187 0.0650765 -0.798845
1332.11 0.0675198 0.0649485 0.420358
1332.21 0.0639008 0.0648254 -0.151873
1332.31 0.0671951 0.064707 0.417841
1332.41 0.0721449 0.064593 1.24472
1332.51 0.0611646 0.0644833 -0.57402
1332.61 0.0613543 0.0643778 -0.50558
1332.71 0.0590579 0.0642763 -0.885809
1332.81 0.0648955 0.0641787 0.120579
1332.91 0.0668642 0.0640847 0.471157
1333.01 0.0693637 0.0639944 0.869467
1333.11 0.0625096 0.0639074 -0.238603
1333.21 0.0642165 0.0638237 0.0660017
1333.31 0.0657405 0.0637432 0.328318
1333.41 0.0719093 0.0636658 1.31358
1333.51 0.0633165 0.0635913 -0.0465257
1333.61 0.05445 0.0635196 -1.60247
1333.71 0.0625134 0.0634507 -0.16299
1333.81 0.0493948 0.0633843 -2.54319
1333.91 0.0566432 0.0633205 -1.17558
1334.01 0.0579562 0.0632591 -0.912979
1334.11 0.0638945 0.0632 0.118
1334.21 0.065778 0.0631431 0.444394
1334.31 0.0568758 0.0630885 -1.09585
1334.41 0.0628825 0.0630358 -0.0256056
1334.51 0.0622576 0.0629852 -0.123672
1334.61 0.0636014 0.0629365 0.111537
1334.71 0.0642205 0.0628897 0.229265
1334.81 0.0740879 0.0628446 1.83116
1334.91 0.0610727 0.0628012 -0.286083
1335.01 0.0672462 0.0627595 0.740028
1335.11 0.0716032 0.0627193 1.46956
1335.21 0.0561724 0.0626807 -1.12971
1335.31 0.0630309 0.0626436 0.0667999
1335.41 0.0646046 0.0626078 0.332671
1335.51 0.068851 0.0625734 1.05207
1335.61 0.0452628 0.0625403 -3.21221
1335.71 0.0667401 0.0625085 0.729595
1335.81 0.0576439 0.0624779 -0.8388
1335.91 0.0738363 0.0624484 1.80496
1336.01 0.0687218 0.06242 1.04347
1336.11 0.064034 0.0623928 0.28082
1336.21 0.0612823 0.0623665 -0.185844
1336.31 0.0686442 0.0623413 1.04304
1336.41 0.0597824 0.062317 -0.438789
1336.51 0.0629759 0.0622936 0.11577
1336.61 0.065949 0.0622711 0.61959
1336.71 0.0675155 0.0622495 0.867007
1336.81 0.0736328 0.0622287 1.84216
1336.91 0.0753701 0.0622087 2.14369
1337.01 0.0704826 0.0621894 1.34511
1337.11 0.0630919 0.0621709 0.15701
1337.21 0.0689421 0.062153 1.14167
1337.31 0.0611188 0.0621359 -0.174624
1337.41 0.0652326 0.0621194 0.518969
1337.51 0.0550909 0.0621035 -1.2263
1337.61 0.0564093 0.0620882 -0.978245
1337.71 0.0543373 0.0620735 -1.36156
1337.81 0.0615771 0.0620594 -0.0834859
1337.91 0.0602995 0.0620458 -0.298519
1338.01 0.073483 0.0620327 1.86791
1338.11 0.0673097 0.0620201 0.889098
1338.21 0.0608736 0.062008 -0.195449
1338.31 0.0661936 0.0619963 0.692131
1338.41 0.0645523 0.0619851 0.434491
1338.51 0.0653993 0.0619743 0.584975
1338.61 0.0592728 0.0619639 -0.464083
1338.71 0.0572352 0.061954 -0.822548
1338.81 0.059007 0.0619444 -0.506712
1338.91 0.0524973 0.0619351 -1.72657
1339.01 0.0671741 0.0619262 0.86313
1339.11 0.0573077 0.0619177 -0.806117
1339.21 0.0679199 0.0619094 0.99335
1339.31 0.0667395 0.0619015 0.798858
1339.41 0.0648743 0.0618939 0.502479
1339.51 0.0611971 0.0618866 -0.121578
1339.61 0.0697838 0.0618795 1.29556
1339.71 0.0612786 0.0618727 -0.103253
1339.81 0.0577227 0.0618662 -0.72441
1339.91 0.0562891 0.0618599 -0.980485
