# τ vs max κ linear regression for data set DA_130524_E4.h5
# Using stimulation: 1, 2, 3, 4, 5
# Best fit: tau = 1.23205 + 0.00913375 kappa_Fura
# Covariance matrix:
# [ +2.44271e-02, -1.07874e-04  
#   -1.07874e-04, +6.02492e-07  ]
# Total sum of squares (TSS) = 138.961
# chisq (Residual sum of squares, RSS) = 0.493891
# Probability of observing a larger of equal RSS per DOF under the null hypothesis: 0.920232
# R squared (1-RSS/TSS) = 0.996446
# Estimated gamma/v with standard error: 109.484 +/- 9.30416
# Estimates kappa_S with standard error (using error propagation): 133.89 +/- 20.5963
# kappa_S confidence intervals based on parametric bootstrap
# 0.95 CI for kappa_S: [86.6293,196.916]
# 0.99 CI for kappa_S: [74.1481,222.736]


# The data
# κ_Fura  τ   τ_SE
68.7177 1.86444 0.136466
149.959 2.63523 0.129955
222.744 3.17859 0.149099
308.87 4.09915 0.239297
347.717 4.45326 0.222276


# The fitted data
# Preticted values with lower and upper bounds of 0.95 CI
# κ_Fura  τ   τ_lwr  τ_upr
-168.362 -0.305729 -0.852527 0.241069
-166.228 -0.286239 -0.8299 0.257422
-164.094 -0.266749 -0.807273 0.273776
-161.961 -0.247258 -0.784649 0.290132
-159.827 -0.227768 -0.762025 0.306489
-157.693 -0.208278 -0.739403 0.322847
-155.559 -0.188788 -0.716782 0.339206
-153.425 -0.169298 -0.694163 0.355567
-151.291 -0.149808 -0.671545 0.37193
-149.157 -0.130318 -0.648928 0.388293
-147.024 -0.110827 -0.626313 0.404659
-144.89 -0.0913373 -0.6037 0.421025
-142.756 -0.0718471 -0.581088 0.437394
-140.622 -0.052357 -0.558478 0.453764
-138.488 -0.0328669 -0.535869 0.470135
-136.354 -0.0133767 -0.513262 0.486508
-134.22 0.0061134 -0.490656 0.502883
-132.087 0.0256035 -0.468053 0.51926
-129.953 0.0450937 -0.44545 0.535638
-127.819 0.0645838 -0.42285 0.552018
-125.685 0.084074 -0.400252 0.5684
-123.551 0.103564 -0.377655 0.584783
-121.417 0.123054 -0.35506 0.601169
-119.283 0.142544 -0.332467 0.617556
-117.15 0.162035 -0.309876 0.633945
-115.016 0.181525 -0.287287 0.650336
-112.882 0.201015 -0.2647 0.66673
-110.748 0.220505 -0.242115 0.683125
-108.614 0.239995 -0.219532 0.699522
-106.48 0.259485 -0.196951 0.715922
-104.346 0.278975 -0.174373 0.732323
-102.212 0.298465 -0.151796 0.748727
-100.079 0.317956 -0.129222 0.765133
-97.9448 0.337446 -0.10665 0.781542
-95.8109 0.356936 -0.084081 0.797953
-93.6771 0.376426 -0.061514 0.814366
-91.5432 0.395916 -0.0389494 0.830782
-89.4093 0.415406 -0.0163874 0.8472
-87.2755 0.434896 0.00617205 0.863621
-85.1416 0.454387 0.0287289 0.880044
-83.0078 0.473877 0.051283 0.89647
-80.8739 0.493367 0.0738344 0.912899
-78.74 0.512857 0.0963831 0.929331
-76.6062 0.532347 0.118929 0.945765
-74.4723 0.551837 0.141472 0.962203
-72.3385 0.571327 0.164011 0.978643
-70.2046 0.590818 0.186548 0.995087
-68.0707 0.610308 0.209082 1.01153
-65.9369 0.629798 0.231612 1.02798
-63.803 0.649288 0.254139 1.04444
-61.6692 0.668778 0.276663 1.06089
-59.5353 0.688268 0.299183 1.07735
-57.4015 0.707758 0.3217 1.09382
-55.2676 0.727248 0.344214 1.11028
-53.1337 0.746739 0.366723 1.12675
-50.9999 0.766229 0.389229 1.14323
-48.866 0.785719 0.411731 1.15971
-46.7322 0.805209 0.434229 1.17619
-44.5983 0.824699 0.456723 1.19268
-42.4644 0.844189 0.479212 1.20917
-40.3306 0.863679 0.501698 1.22566
-38.1967 0.88317 0.524179 1.24216
-36.0629 0.90266 0.546656 1.25866
-33.929 0.92215 0.569128 1.27517
-31.7951 0.94164 0.591595 1.29168
-29.6613 0.96113 0.614058 1.3082
-27.5274 0.98062 0.636515 1.32473
-25.3936 1.00011 0.658968 1.34125
-23.2597 1.0196 0.681415 1.35779
-21.1258 1.03909 0.703857 1.37432
-18.992 1.05858 0.726293 1.39087
-16.8581 1.07807 0.748724 1.40742
-14.7243 1.09756 0.771149 1.42397
-12.5904 1.11705 0.793568 1.44053
-10.4566 1.13654 0.815981 1.4571
-8.32269 1.15603 0.838388 1.47368
-6.18884 1.17552 0.860788 1.49026
-4.05498 1.19501 0.883182 1.50684
-1.92112 1.2145 0.905568 1.52344
0.212742 1.23399 0.927948 1.54004
2.3466 1.25348 0.950321 1.55664
4.48046 1.27297 0.972686 1.57326
6.61432 1.29246 0.995043 1.58988
8.74818 1.31195 1.01739 1.60651
10.882 1.33144 1.03973 1.62315
13.0159 1.35093 1.06207 1.6398
15.1498 1.37042 1.08439 1.65645
17.2836 1.38991 1.10671 1.67312
19.4175 1.4094 1.12901 1.68979
21.5513 1.42889 1.15131 1.70648
23.6852 1.44838 1.1736 1.72317
25.8191 1.46787 1.19588 1.73987
27.9529 1.48736 1.21814 1.75658
30.0868 1.50685 1.2404 1.77331
32.2206 1.52634 1.26265 1.79004
34.3545 1.54583 1.28488 1.80679
36.4883 1.56532 1.3071 1.82355
38.6222 1.58481 1.32931 1.84032
40.7561 1.6043 1.35151 1.8571
42.8899 1.62379 1.3737 1.87389
45.0238 1.64328 1.39587 1.8907
47.1576 1.66278 1.41803 1.90752
49.2915 1.68227 1.44017 1.92436
51.4254 1.70176 1.4623 1.94121
53.5592 1.72125 1.48442 1.95807
55.6931 1.74074 1.50652 1.97495
57.8269 1.76023 1.5286 1.99185
59.9608 1.77972 1.55067 2.00877
62.0947 1.79921 1.57272 2.0257
64.2285 1.8187 1.59475 2.04265
66.3624 1.83819 1.61676 2.05961
68.4962 1.85768 1.63875 2.0766
70.6301 1.87717 1.66073 2.09361
72.764 1.89666 1.68268 2.11063
74.8978 1.91615 1.70461 2.12768
77.0317 1.93564 1.72652 2.14475
79.1655 1.95513 1.74841 2.16184
81.2994 1.97462 1.77028 2.17896
83.4332 1.99411 1.79212 2.1961
85.5671 2.0136 1.81393 2.21326
87.701 2.03309 1.83572 2.23045
89.8348 2.05258 1.85748 2.24767
91.9687 2.07207 1.87922 2.26492
94.1025 2.09156 1.90092 2.28219
96.2364 2.11105 1.9226 2.2995
98.3703 2.13054 1.94425 2.31683
100.504 2.15003 1.96586 2.3342
102.638 2.16952 1.98744 2.3516
104.772 2.18901 2.00898 2.36903
106.906 2.2085 2.03049 2.3865
109.04 2.22799 2.05197 2.40401
111.173 2.24748 2.0734 2.42156
113.307 2.26697 2.0948 2.43914
115.441 2.28646 2.11615 2.45677
117.575 2.30595 2.13747 2.47443
119.709 2.32544 2.15874 2.49214
121.843 2.34493 2.17996 2.5099
123.977 2.36442 2.20114 2.5277
126.11 2.38391 2.22227 2.54555
128.244 2.4034 2.24336 2.56344
130.378 2.42289 2.26439 2.58139
132.512 2.44238 2.28537 2.59939
134.646 2.46187 2.3063 2.61745
136.78 2.48136 2.32717 2.63555
138.914 2.50085 2.34798 2.65372
141.047 2.52034 2.36874 2.67194
143.181 2.53983 2.38944 2.69022
145.315 2.55932 2.41008 2.70857
147.449 2.57881 2.43065 2.72697
149.583 2.5983 2.45116 2.74544
151.717 2.61779 2.47161 2.76397
153.851 2.63728 2.49199 2.78257
155.984 2.65677 2.5123 2.80124
158.118 2.67626 2.53255 2.81998
160.252 2.69575 2.55272 2.83878
162.386 2.71524 2.57282 2.85766
164.52 2.73473 2.59286 2.87661
166.654 2.75422 2.61282 2.89563
168.788 2.77371 2.6327 2.91472
170.921 2.7932 2.65251 2.93389
173.055 2.81269 2.67225 2.95313
175.189 2.83218 2.69192 2.97245
177.323 2.85167 2.7115 2.99184
179.457 2.87116 2.73102 3.01131
181.591 2.89065 2.75046 3.03085
183.725 2.91014 2.76982 3.05047
185.858 2.92963 2.78911 3.07016
187.992 2.94912 2.80832 3.08993
190.126 2.96861 2.82746 3.10977
192.26 2.9881 2.84653 3.12968
194.394 3.00759 2.86552 3.14967
196.528 3.02708 2.88444 3.16973
198.662 3.04657 2.90329 3.18986
200.795 3.06607 2.92207 3.21006
202.929 3.08556 2.94078 3.23033
205.063 3.10505 2.95942 3.25067
207.197 3.12454 2.97799 3.27108
209.331 3.14403 2.9965 3.29155
211.465 3.16352 3.01495 3.31208
213.599 3.18301 3.03333 3.33268
215.733 3.2025 3.05165 3.35334
217.866 3.22199 3.06991 3.37407
220 3.24148 3.08811 3.39485
222.134 3.26097 3.10625 3.41568
224.268 3.28046 3.12434 3.43658
226.402 3.29995 3.14237 3.45752
228.536 3.31944 3.16035 3.47852
230.67 3.33893 3.17828 3.49958
232.803 3.35842 3.19616 3.52068
234.937 3.37791 3.21399 3.54183
237.071 3.3974 3.23177 3.56303
239.205 3.41689 3.24951 3.58427
241.339 3.43638 3.2672 3.60556
243.473 3.45587 3.28485 3.62689
245.607 3.47536 3.30246 3.64826
247.74 3.49485 3.32003 3.66967
249.874 3.51434 3.33756 3.69112
252.008 3.53383 3.35505 3.71261
254.142 3.55332 3.37251 3.73413
256.276 3.57281 3.38993 3.75569
258.41 3.5923 3.40732 3.77728
260.544 3.61179 3.42467 3.79891
262.677 3.63128 3.442 3.82056
264.811 3.65077 3.45929 3.84225
266.945 3.67026 3.47655 3.86397
269.079 3.68975 3.49379 3.88571
271.213 3.70924 3.51099 3.90749
273.347 3.72873 3.52817 3.92928
275.481 3.74822 3.54533 3.95111
277.614 3.76771 3.56246 3.97296
279.748 3.7872 3.57957 3.99483
281.882 3.80669 3.59665 4.01673
284.016 3.82618 3.61371 4.03865
286.15 3.84567 3.63075 4.06059
288.284 3.86516 3.64777 4.08255
290.418 3.88465 3.66477 4.10453
292.551 3.90414 3.68175 4.12654
294.685 3.92363 3.69871 4.14856
296.819 3.94312 3.71565 4.17059
298.953 3.96261 3.73257 4.19265
301.087 3.9821 3.74948 4.21472
303.221 4.00159 3.76637 4.23681
305.355 4.02108 3.78325 4.25892
307.488 4.04057 3.80011 4.28104
309.622 4.06006 3.81695 4.30317
311.756 4.07955 3.83378 4.32532
313.89 4.09904 3.8506 4.34749
316.024 4.11853 3.8674 4.36966
318.158 4.13802 3.88419 4.39185
320.292 4.15751 3.90097 4.41406
322.425 4.177 3.91773 4.43627
324.559 4.19649 3.93449 4.4585
326.693 4.21598 3.95123 4.48074
328.827 4.23547 3.96796 4.50299
330.961 4.25496 3.98468 4.52525
333.095 4.27445 4.00139 4.54752
335.229 4.29394 4.01808 4.5698
337.362 4.31343 4.03477 4.59209
339.496 4.33292 4.05145 4.61439
341.63 4.35241 4.06812 4.6367
343.764 4.3719 4.08478 4.65902
345.898 4.39139 4.10144 4.68135
348.032 4.41088 4.11808 4.70369
350.166 4.43037 4.13472 4.72603
352.299 4.44986 4.15134 4.74839
354.433 4.46935 4.16796 4.77075
356.567 4.48885 4.18458 4.79311
358.701 4.50834 4.20118 4.81549
360.835 4.52783 4.21778 4.83787
362.969 4.54732 4.23437 4.86026
