# τ vs mean κ linear regression for data set DA_130524_E4.h5
# Using stimulation: 1, 2, 3, 4, 5
# Best fit: tau = 1.30117 + 0.00919029 kappa_Fura
# Covariance matrix:
# [ +2.28371e-02, -1.04002e-04  
#   -1.04002e-04, +6.10252e-07  ]
# Total sum of squares (TSS) = 138.961
# chisq (Residual sum of squares, RSS) = 0.557261
# Probability of observing a larger of equal RSS per DOF under the null hypothesis: 0.906143
# R squared (1-RSS/TSS) = 0.99599
# Estimated gamma/v with standard error: 108.811 +/- 9.24904
# Estimates kappa_S with standard error (using error propagation): 140.581 +/- 20.3768
# kappa_S confidence intervals based on parametric bootstrap
# 0.95 CI for kappa_S: [93.7519,205.438]
# 0.99 CI for kappa_S: [82.8582,233.076]


# The data
# κ_Fura  τ   τ_SE
60.6523 1.86444 0.136466
141.467 2.63523 0.129955
214.453 3.17859 0.149099
298.593 4.09915 0.239297
337.928 4.45326 0.222276


# The fitted data
# Preticted values with lower and upper bounds of 0.95 CI
# κ_Fura  τ   τ_lwr  τ_upr
-176.726 -0.322994 -0.87269 0.226702
-174.6 -0.303454 -0.850003 0.243095
-172.473 -0.283913 -0.827316 0.259489
-170.347 -0.264373 -0.804631 0.275885
-168.221 -0.244833 -0.781947 0.292282
-166.095 -0.225292 -0.759265 0.30868
-163.969 -0.205752 -0.736584 0.32508
-161.842 -0.186211 -0.713904 0.341481
-159.716 -0.166671 -0.691226 0.357884
-157.59 -0.147131 -0.668549 0.374288
-155.464 -0.12759 -0.645874 0.390693
-153.338 -0.10805 -0.6232 0.4071
-151.211 -0.0885093 -0.600527 0.423509
-149.085 -0.0689689 -0.577857 0.439919
-146.959 -0.0494285 -0.555187 0.45633
-144.833 -0.0298881 -0.53252 0.472744
-142.707 -0.0103476 -0.509854 0.489158
-140.58 0.00919277 -0.487189 0.505575
-138.454 0.0287332 -0.464527 0.521993
-136.328 0.0482736 -0.441866 0.538413
-134.202 0.067814 -0.419207 0.554835
-132.076 0.0873544 -0.39655 0.571258
-129.949 0.106895 -0.373894 0.587684
-127.823 0.126435 -0.351241 0.604111
-125.697 0.145976 -0.328589 0.62054
-123.571 0.165516 -0.305939 0.636971
-121.445 0.185056 -0.283291 0.653404
-119.318 0.204597 -0.260646 0.66984
-117.192 0.224137 -0.238002 0.686277
-115.066 0.243678 -0.215361 0.702716
-112.94 0.263218 -0.192721 0.719157
-110.814 0.282759 -0.170084 0.735601
-108.687 0.302299 -0.147449 0.752047
-106.561 0.321839 -0.124816 0.768495
-104.435 0.34138 -0.102186 0.784946
-102.309 0.36092 -0.0795581 0.801399
-100.183 0.380461 -0.0569326 0.817854
-98.0564 0.400001 -0.0343096 0.834312
-95.9302 0.419541 -0.0116891 0.850772
-93.804 0.439082 0.0109288 0.867235
-91.6778 0.458622 0.033544 0.883701
-89.5516 0.478163 0.0561565 0.900169
-87.4254 0.497703 0.0787663 0.91664
-85.2992 0.517244 0.101373 0.933114
-83.173 0.536784 0.123977 0.949591
-81.0468 0.556324 0.146578 0.96607
-78.9206 0.575865 0.169176 0.982553
-76.7944 0.595405 0.191771 0.999039
-74.6682 0.614946 0.214363 1.01553
-72.542 0.634486 0.236952 1.03202
-70.4158 0.654026 0.259537 1.04852
-68.2895 0.673567 0.282119 1.06502
-66.1633 0.693107 0.304697 1.08152
-64.0371 0.712648 0.327272 1.09802
-61.9109 0.732188 0.349843 1.11453
-59.7847 0.751728 0.37241 1.13105
-57.6585 0.771269 0.394974 1.14756
-55.5323 0.790809 0.417534 1.16408
-53.4061 0.81035 0.44009 1.18061
-51.2799 0.82989 0.462641 1.19714
-49.1537 0.849431 0.485189 1.21367
-47.0275 0.868971 0.507732 1.23021
-44.9013 0.888511 0.53027 1.24675
-42.7751 0.908052 0.552805 1.2633
-40.6489 0.927592 0.575334 1.27985
-38.5227 0.947133 0.597859 1.29641
-36.3965 0.966673 0.620379 1.31297
-34.2703 0.986213 0.642894 1.32953
-32.1441 1.00575 0.665403 1.3461
-30.0179 1.02529 0.687908 1.36268
-27.8917 1.04483 0.710407 1.37926
-25.7655 1.06438 0.7329 1.39585
-23.6393 1.08392 0.755388 1.41244
-21.5131 1.10346 0.77787 1.42904
-19.3869 1.123 0.800346 1.44565
-17.2607 1.14254 0.822815 1.46226
-15.1345 1.16208 0.845279 1.47888
-13.0083 1.18162 0.867735 1.4955
-10.8821 1.20116 0.890185 1.51213
-8.75587 1.2207 0.912628 1.52877
-6.62966 1.24024 0.935064 1.54541
-4.50346 1.25978 0.957493 1.56207
-2.37726 1.27932 0.979914 1.57873
-0.251054 1.29886 1.00233 1.59539
1.87515 1.3184 1.02473 1.61207
4.00135 1.33794 1.04713 1.62875
6.12755 1.35748 1.06952 1.64544
8.25376 1.37702 1.0919 1.66215
10.38 1.39656 1.11427 1.67885
12.5062 1.4161 1.13663 1.69557
14.6324 1.43564 1.15898 1.7123
16.7586 1.45518 1.18133 1.72904
18.8848 1.47472 1.20366 1.74579
21.011 1.49426 1.22598 1.76255
23.1372 1.5138 1.24829 1.77932
25.2634 1.53335 1.27059 1.7961
27.3896 1.55289 1.29288 1.81289
29.5158 1.57243 1.31516 1.8297
31.642 1.59197 1.33742 1.84651
33.7682 1.61151 1.35967 1.86334
35.8944 1.63105 1.38191 1.88018
38.0206 1.65059 1.40414 1.89704
40.1468 1.67013 1.42635 1.91391
42.273 1.68967 1.44854 1.93079
44.3992 1.70921 1.47073 1.94769
46.5254 1.72875 1.49289 1.96461
48.6516 1.74829 1.51504 1.98154
50.7778 1.76783 1.53718 1.99848
52.904 1.78737 1.5593 2.01545
55.0302 1.80691 1.58139 2.03243
57.1564 1.82645 1.60348 2.04943
59.2826 1.84599 1.62554 2.06644
61.4088 1.86553 1.64758 2.08348
63.535 1.88507 1.66961 2.10054
65.6612 1.90461 1.69161 2.11762
67.7874 1.92415 1.71359 2.13472
69.9136 1.94369 1.73555 2.15184
72.0398 1.96323 1.75749 2.16898
74.166 1.98277 1.7794 2.18615
76.2923 2.00231 1.80128 2.20335
78.4185 2.02186 1.82315 2.22057
80.5447 2.0414 1.84498 2.23781
82.6709 2.06094 1.86679 2.25508
84.7971 2.08048 1.88857 2.27239
86.9233 2.10002 1.91032 2.28972
89.0495 2.11956 1.93204 2.30708
91.1757 2.1391 1.95372 2.32447
93.3019 2.15864 1.97538 2.3419
95.4281 2.17818 1.997 2.35936
97.5543 2.19772 2.01858 2.37685
99.6805 2.21726 2.04013 2.39438
101.807 2.2368 2.06165 2.41195
103.933 2.25634 2.08312 2.42956
106.059 2.27588 2.10455 2.44721
108.185 2.29542 2.12595 2.4649
110.311 2.31496 2.1473 2.48263
112.438 2.3345 2.1686 2.5004
114.564 2.35404 2.18986 2.51822
116.69 2.37358 2.21107 2.53609
118.816 2.39312 2.23224 2.55401
120.943 2.41266 2.25335 2.57198
123.069 2.4322 2.27441 2.58999
125.195 2.45174 2.29542 2.60807
127.321 2.47128 2.31638 2.62619
129.447 2.49083 2.33728 2.64437
131.574 2.51037 2.35812 2.66261
133.7 2.52991 2.3789 2.68091
135.826 2.54945 2.39962 2.69927
137.952 2.56899 2.42028 2.71769
140.078 2.58853 2.44088 2.73617
142.205 2.60807 2.46141 2.75472
144.331 2.62761 2.48188 2.77334
146.457 2.64715 2.50228 2.79202
148.583 2.66669 2.52261 2.81077
150.709 2.68623 2.54287 2.82959
152.836 2.70577 2.56306 2.84848
154.962 2.72531 2.58318 2.86744
157.088 2.74485 2.60323 2.88647
159.214 2.76439 2.6232 2.90558
161.34 2.78393 2.6431 2.92476
163.467 2.80347 2.66292 2.94402
165.593 2.82301 2.68267 2.96335
167.719 2.84255 2.70235 2.98276
169.845 2.86209 2.72195 3.00224
171.971 2.88163 2.74147 3.0218
174.098 2.90117 2.76092 3.04143
176.224 2.92071 2.78029 3.06114
178.35 2.94025 2.79959 3.08092
180.476 2.9598 2.81881 3.10078
182.602 2.97934 2.83796 3.12071
184.729 2.99888 2.85703 3.14072
186.855 3.01842 2.87603 3.1608
188.981 3.03796 2.89496 3.18095
191.107 3.0575 2.91382 3.20117
193.233 3.07704 2.93261 3.22147
195.36 3.09658 2.95133 3.24183
197.486 3.11612 2.96998 3.26226
199.612 3.13566 2.98856 3.28276
201.738 3.1552 3.00708 3.30332
203.864 3.17474 3.02554 3.32394
205.991 3.19428 3.04393 3.34463
208.117 3.21382 3.06226 3.36538
210.243 3.23336 3.08053 3.38619
212.369 3.2529 3.09874 3.40706
214.495 3.27244 3.1169 3.42799
216.622 3.29198 3.135 3.44897
218.748 3.31152 3.15305 3.47
220.874 3.33106 3.17104 3.49109
223 3.3506 3.18898 3.51222
225.126 3.37014 3.20688 3.53341
227.253 3.38968 3.22473 3.55464
229.379 3.40922 3.24253 3.57592
231.505 3.42877 3.26028 3.59725
233.631 3.44831 3.27799 3.61862
235.757 3.46785 3.29566 3.64003
237.884 3.48739 3.31329 3.66148
240.01 3.50693 3.33088 3.68297
242.136 3.52647 3.34843 3.7045
244.262 3.54601 3.36595 3.72607
246.388 3.56555 3.38343 3.74767
248.515 3.58509 3.40087 3.76931
250.641 3.60463 3.41828 3.79098
252.767 3.62417 3.43566 3.81268
254.893 3.64371 3.45301 3.83441
257.02 3.66325 3.47033 3.85617
259.146 3.68279 3.48761 3.87797
261.272 3.70233 3.50488 3.89979
263.398 3.72187 3.52211 3.92163
265.524 3.74141 3.53932 3.94351
267.651 3.76095 3.5565 3.96541
269.777 3.78049 3.57366 3.98733
271.903 3.80003 3.59079 4.00927
274.029 3.81957 3.6079 4.03124
276.155 3.83911 3.62499 4.05323
278.282 3.85865 3.64206 4.07525
280.408 3.87819 3.65911 4.09728
282.534 3.89774 3.67614 4.11933
284.66 3.91728 3.69315 4.1414
286.786 3.93682 3.71014 4.16349
288.913 3.95636 3.72711 4.1856
291.039 3.9759 3.74407 4.20773
293.165 3.99544 3.76101 4.22987
295.291 4.01498 3.77793 4.25203
297.417 4.03452 3.79483 4.2742
299.544 4.05406 3.81173 4.29639
301.67 4.0736 3.8286 4.31859
303.796 4.09314 3.84547 4.34081
305.922 4.11268 3.86232 4.36304
308.048 4.13222 3.87915 4.38529
310.175 4.15176 3.89598 4.40754
312.301 4.1713 3.91279 4.42981
314.427 4.19084 3.92959 4.4521
316.553 4.21038 3.94637 4.47439
318.679 4.22992 3.96315 4.4967
320.806 4.24946 3.97991 4.51901
322.932 4.269 3.99667 4.54134
325.058 4.28854 4.01341 4.56367
327.184 4.30808 4.03015 4.58602
329.31 4.32762 4.04687 4.60838
331.437 4.34716 4.06359 4.63074
333.563 4.36671 4.08029 4.65312
335.689 4.38625 4.09699 4.6755
337.815 4.40579 4.11368 4.6979
339.941 4.42533 4.13036 4.7203
342.068 4.44487 4.14703 4.74271
344.194 4.46441 4.16369 4.76512
346.32 4.48395 4.18035 4.78755
348.446 4.50349 4.197 4.80998
350.572 4.52303 4.21364 4.83242
352.699 4.54257 4.23027 4.85486
