# Data from DA_130524_E4.h5 stim 5
# Ratiometric estimator
# Ratiometric estimator:
#    Time    Ca (est)    Ca (se)
 2345.015 0.0756274317 0.00391837994
 2345.115 0.0739545842 0.00392691367
 2345.215 0.0720933761 0.00386411499
 2345.315 0.0686199786 0.00378991893
 2345.415 0.0710424195 0.0038343729
 2345.515 0.0780559574 0.00397251815
 2345.615 0.0751841507 0.00390050397
 2345.715 0.0714087284 0.00387063719
 2345.815 0.0781814212 0.00399594293
 2345.915 0.0704734706 0.00383611366
 2346.015 0.0702152627 0.00387209557
 2346.115 0.0822874492 0.00409034543
 2346.215 0.073334019 0.00387074923
 2346.315 0.0718232362 0.00386122967
 2346.415 0.0748397224 0.00393601733
 2346.515 0.0775170086 0.00400659967
 2346.615 0.0980682921 0.00451411299
 2346.715 0.115394786 0.00482833693
 2346.815 0.120975395 0.00500601535
 2346.915 0.156203092 0.00591956061
 2347.015 0.183034222 0.00676844477
 2347.115 0.205968156 0.00750740781
 2347.215 0.209684806 0.00751727909
 2347.315 0.197999574 0.00718787895
 2347.415 0.203924546 0.00724436327
 2347.515 0.211573258 0.00762075825
 2347.615 0.187800213 0.00701765182
 2347.715 0.202650574 0.00735048794
 2347.815 0.193379238 0.00699693214
 2347.915 0.184454699 0.00677108247
 2348.015 0.183505733 0.00669727106
 2348.115 0.198803303 0.00710842804
 2348.215 0.174484862 0.00640704489
 2348.315 0.179553355 0.00663825899
 2348.415 0.180699634 0.00675190799
 2348.515 0.181323321 0.00668522987
 2348.615 0.182545169 0.00667105085
 2348.715 0.16955198 0.006273445
 2348.815 0.17909868 0.00661197422
 2348.915 0.17116859 0.00636610132
 2349.015 0.162084029 0.00614230682
 2349.115 0.160099052 0.00611871036
 2349.215 0.160923204 0.00615406191
 2349.315 0.162474876 0.0060852894
 2349.415  0.147372 0.00575706395
 2349.515 0.158765551 0.00605538156
 2349.615 0.158375516 0.00609249408
 2349.715 0.144241267 0.00558548162
 2349.815 0.152392255 0.00576440803
 2349.915 0.146625992 0.00562504369
 2350.015 0.139786628 0.00547390739
 2350.115 0.140192173 0.00545743839
 2350.215 0.138930785 0.00542333574
 2350.315 0.13684226 0.00534879988
 2350.415 0.141236633 0.00557640233
 2350.515 0.136373972 0.00539471551
 2350.615 0.137719228 0.00543988116
 2350.715 0.124320084 0.00508242735
 2350.815 0.133827536 0.00528172305
 2350.915 0.131186158 0.00529199145
 2351.015 0.129915923 0.00535516197
 2351.115 0.123250488 0.00497965162
 2351.215 0.123036447 0.00509048795
 2351.315 0.130778831 0.00521903362
 2351.415 0.120945545 0.00499543978
 2351.515 0.118995592 0.00502914494
 2351.615 0.111426533 0.00483153503
 2351.715 0.114449529 0.00488124849
 2351.815 0.117930915 0.00489971431
 2351.915 0.127455469 0.00519188582
 2352.015 0.107866662 0.00476412405
 2352.115 0.113108437 0.00485902195
 2352.215 0.113214544 0.0048442548
 2352.315 0.11344324 0.00485668243
 2352.415 0.109040862 0.00478083677
 2352.515 0.112668358 0.00472038316
 2352.615 0.115920418 0.00489930725
 2352.715 0.110409094 0.00476554301
 2352.815 0.10921887 0.00470197731
 2352.915 0.107150784 0.00470291809
 2353.015 0.107538587 0.00470985359
 2353.115 0.113660378 0.00481802165
 2353.215 0.110573686 0.00479210306
 2353.315 0.105224957 0.00458512229
 2353.415 0.109784314 0.00472785446
 2353.515 0.107655902 0.0047366115
 2353.615 0.106722411 0.00470430613
 2353.715 0.10494818 0.00457393935
 2353.815 0.103466203 0.00460687936
 2353.915 0.100081589 0.00455558357
 2354.015 0.107954175 0.00467280645
 2354.115 0.0997194938 0.00448696294
 2354.215 0.0974104519 0.00443644294
 2354.315 0.0898722916 0.00425038978
 2354.415 0.0924152489 0.00423658845
 2354.515 0.0996781908 0.00450641373
 2354.615 0.0923725813 0.00425962908
 2354.715 0.100750443 0.00455002622
 2354.815 0.0964287164 0.00440301662
 2354.915 0.0905774212 0.00424552348
 2355.015 0.0909475853 0.00428575081
 2355.115 0.0968844513 0.00428738233
 2355.215 0.0905449813 0.00430091909
 2355.315 0.0891186078 0.004199013
 2355.415 0.0904853595 0.0043558194
 2355.515 0.0936280969 0.0043496636
 2355.615 0.0902593617 0.00426583677
 2355.715 0.0965476834 0.00448080327
 2355.815 0.090530211 0.00422676286
 2355.915 0.0981646477 0.00446558732
 2356.015 0.0916135054 0.00435328584
 2356.115 0.0907087752 0.00422890623
 2356.215 0.0950568709 0.00445379206
 2356.315 0.0910630723 0.00430820547
 2356.415 0.0851039768 0.00418603806
 2356.515 0.0831144444 0.00406546482
 2356.615 0.0958475689 0.00440212056
 2356.715 0.0869992177 0.00426439444
 2356.815 0.0947972276 0.00433306562
 2356.915 0.091384166 0.00433483472
 2357.015 0.0844505717 0.00411719642
 2357.115 0.0829447371 0.00418738128
 2357.215 0.0885090165 0.00425884567
 2357.315 0.0863605311 0.00414467892
 2357.415 0.088190528 0.0042216492
 2357.515 0.0814072005 0.00411784313
 2357.615 0.0874176825 0.00423818686
 2357.715 0.0819190846 0.0040620057
 2357.815 0.0893040556 0.00427414337
 2357.915 0.0845421014 0.0040284045
 2358.015 0.0725375279 0.00394584936
 2358.115 0.0858963511 0.00411755482
 2358.215 0.0804608895 0.00406747955
 2358.315 0.0823742629 0.00412292358
 2358.415 0.0757401815 0.00397334345
 2358.515 0.0906913433 0.00431361381
 2358.615 0.0857940991 0.00414312649
 2358.715 0.0788100804 0.00397219026
 2358.815 0.0773147171 0.00397564186
 2358.915 0.0838881454 0.00412524562
 2359.015 0.0793648613 0.00399809022
 2359.115 0.0758408071 0.00392798103
 2359.215 0.0819645867 0.00406790358
 2359.315 0.0806985456 0.00403351386
 2359.415 0.0773628579 0.00397019287
 2359.515 0.0816994888 0.00408748541
 2359.615 0.0733270173 0.00393414221
 2359.715 0.0793985434 0.00402650393
 2359.815 0.079440848 0.00404277575
 2359.915 0.0809562744 0.00417890307
 2360.015 0.0870233767 0.00421028611
 2360.115 0.0815351415 0.0040264088
 2360.215 0.0866063898 0.00413161007
 2360.315 0.0691545808 0.00380274166
 2360.415 0.0758082142 0.00397935353
 2360.515 0.0851425577 0.00408991537
 2360.615 0.0748967766 0.00394191093
 2360.715 0.0831018491 0.00407369943
 2360.815 0.0770435459 0.00400589647
 2360.915 0.0751796827 0.00392915505
 2361.015 0.0838004296 0.00418686138
 2361.115 0.0851451436 0.00407337509
 2361.215 0.0793665188 0.00398974554
 2361.315 0.0796147096 0.00402551542
 2361.415 0.0749598262 0.00392957322
 2361.515 0.0739316064 0.00399512537
 2361.615 0.072161451 0.00387557606
 2361.715 0.0796911386 0.00400556181
 2361.815 0.0714326149 0.00386689111
 2361.915 0.0733687591 0.00385535774
 2362.015 0.0786879381 0.00403028944
 2362.115 0.0780768079 0.00399293923
 2362.215 0.0818782369 0.00407876352
 2362.315 0.0781172161 0.00396146084
 2362.415 0.0700463902 0.00384211762
 2362.515 0.0722261783 0.00389213942
 2362.615 0.076742629 0.00394813571
 2362.715 0.085357848 0.00415424893
 2362.815 0.0743876841 0.00392772742
 2362.915 0.0822237108 0.0040325609
 2363.015 0.0751124433 0.00392789587
 2363.115 0.0690477003 0.00374894402
 2363.215 0.0710385625 0.00385322149
 2363.315 0.0693588573 0.00385097336
 2363.415 0.0834883157 0.00412388979
 2363.515 0.0758118184 0.00394395223
 2363.615 0.0713347493 0.00384396668
 2363.715 0.077537946 0.00394963273
 2363.815 0.0761443144 0.0039519925
 2363.915 0.0724316946 0.00384119121
 2364.015 0.0755920913 0.00397342154
 2364.115 0.0771011458 0.00398796613
 2364.215 0.0805706517 0.00402284983
 2364.315 0.0702985579 0.00385395721
 2364.415 0.0764953821 0.00395538998
 2364.515 0.0742610416 0.00394688863
 2364.615 0.071628135 0.00387972258
 2364.715 0.0703589962 0.00380900218
 2364.815 0.0712038588 0.00384567775
 2364.915 0.0726798149 0.0038991823


