# Cellular [Fura] for dataset DA_130524_E4.h5

# Loading curve with 137 elements
#    Time   AMPLITUDE
    0.021 2.97927488
   30.021  2.603878
   60.021 4.61313724
   90.021 3.8664642
  120.021 5.79413334
  150.021 5.4669488
  180.021 6.50165962
  210.021 8.63041951
  240.021 10.8007986
  270.021 10.9631547
  300.021 13.8134512
  330.021 14.3198868
  360.021 16.2743405
  390.021 20.1445134
  420.021 20.9183831
  450.021 21.2294969
  690.021 43.4479647
  720.021 43.9065999
  750.021 46.0757428
  780.021 50.3946612
  810.021 52.8370073
  840.021 54.1177246
  870.021 56.4702392
 1080.021 75.0052024
 1110.021 77.5171885
 1140.021 79.5841377
 1170.021 81.8258051
 1200.021 80.360892
 1230.021 81.8187999
 1260.021 82.7579102
 1290.021 88.2924387
 1320.021 91.2527583
 1530.021 103.211889
 1560.021 105.139146
 1590.021 105.932383
 1620.021 107.439328
 1650.021 115.170608
 1680.021 113.615451
 1710.021 114.965396
 1740.021 115.278158
 1770.021 116.366851
 1800.021 116.829606
 1920.021 129.41797
 1950.021 128.400978
 1980.021 129.060292
 2010.021 133.272072
 2040.021 132.020612
 2070.021 135.603571
 2100.021 138.087536
 2130.021 133.730295
 2160.021 139.212903
 2190.021 139.364545
 2400.021 142.061963
 2430.021 145.567041
 2460.021 145.902467
 2490.021 146.314538
 2520.021 143.636487
 2550.021 146.370992
 2580.021 149.833626
 2610.021 150.644582
 2640.021 149.291753
 2670.021 155.152641
 2700.021 152.548763
 2730.021 156.320451
 2760.021 157.295824
 2790.021 155.514028
 2820.021 163.387061
 2850.021 162.272408
 3000.021 167.274952
 3030.021 167.362312
 3060.021 167.901713
 3090.021 170.937853
 3120.021 172.13492
 3150.021 172.735308
 3180.021 171.712547
 3210.021 173.852433
 3240.021 173.759717
 3270.021 175.099773
 3300.021 174.934944
 3330.021 176.064431
 3360.021 178.800172
 3390.021 177.853645
 3420.021 177.748154
 3450.021 184.500765
 3480.021 179.583932
 3510.021 180.942943
 3540.021 180.197506
 3570.021 178.625454
 3600.021 184.289373
 3630.021 181.523139
 3660.021 184.626035
 3690.021 184.684137
 3720.021 186.434616
 3750.021 188.617357
 3780.021 188.640433
 3810.021 191.14459
 3840.021 189.571302
 3870.021 187.817939
 3900.021 190.896935
 3930.021 189.597674
 3960.021 192.18919
 3990.021 191.193626
 4020.021  190.5578
 4050.021 194.015078
 4080.021 195.082754
 4110.021 190.779082
 4140.021 190.18776
 4170.021 193.812751
 4200.021 193.913708
 4230.021 194.235124
 4260.021 197.683748
 4290.021 192.303746
 4320.021 196.957266
 4350.021 191.422326
 4380.021 192.082464
 4410.021 194.727137
 4440.021 193.938432
 4470.021 196.128179
 4500.021 190.269762
 4530.021 196.306194
 4560.021 190.516181
 4590.021 193.372659
 4620.021 193.111406
 4650.021 194.732082
 4680.021 189.729949
 4710.021 194.74774
 4740.021 193.079264
 4770.021 188.164491
 4800.021 191.250904
 4830.021 194.200922
 4860.021 190.196414
 4890.021 193.438178
 4920.021       200
 4950.021 191.275628
 4980.021 192.808945
 5010.021 192.976658
 5040.021 188.722435


# Stim 1 with 200 elements
#    Time   AMPLITUDE
  565.015 32.7015595
  565.115 34.8183693
  565.215 33.6934149
  565.315 30.9308895
  565.415 33.5178726
  565.515 30.3593467
  565.615 32.2899003
  565.715 33.3077162
  565.815 32.7304045
  565.915 31.0310228
  566.015 30.337919
  566.115 31.9206845
  566.215 32.7233993
  566.315 30.6601587
  566.415 31.1262112
  566.515 33.8640124
  566.615 32.4856342
  566.715 30.5971118
  566.815 31.2795017
  566.915 31.7311318
  567.015 31.5424032
  567.115 30.1154005
  567.215 32.4147579
  567.315 31.7080558
  567.415 31.8765929
  567.515 30.8826771
  567.615 29.776678
  567.715 29.1177761
  567.815 30.0535899
  567.915 33.277223
  568.015 32.9042985
  568.115 31.2840345
  568.215 32.4761565
  568.315 31.5213875
  568.415 33.5508383
  568.515 32.0352403
  568.615 31.8737084
  568.715 32.8173515
  568.815 31.8547531
  568.915 33.0501717
  569.015 32.1592738
  569.115 32.6084314
  569.215 31.1723632
  569.315 32.9895973
  569.415 33.6839373
  569.515 32.2111947
  569.615 31.778932
  569.715 33.5211691
  569.815 32.3092677
  569.915 30.8661943
  570.015 33.6365491
  570.115 31.1979116
  570.215 32.1382581
  570.315 31.7109403
  570.415 31.4913063
  570.515 31.6845677
  570.615 32.1790532
  570.715 30.8641339
  570.815 33.8924453
  570.915 30.4269264
  571.015 34.9197388
  571.115 32.6529351
  571.215 31.703523
  571.315 31.4505113
  571.415 32.7613098
  571.515 34.1495777
  571.615 32.6104917
  571.715 33.1070376
  571.815 31.1839012
  571.915 32.3739629
  572.015 30.8612494
  572.115 31.5811379
  572.215 33.2290106
  572.315 32.7551287
  572.415 34.0449116
  572.515 32.050899
  572.615 33.8022017
  572.715 33.1350584
  572.815 34.4928331
  572.915 33.404965
  573.015 33.5891609
  573.115 33.9740354
  573.215 33.7935482
  573.315 34.1326828
  573.415 33.2001657
  573.515 33.9237627
  573.615 31.6450089
  573.715 33.6851735
  573.815 33.8190966
  573.915 34.3576737
  574.015 34.4211327
  574.115 31.3841678
  574.215 33.9785682
  574.315 32.8684483
  574.415 34.272787
  574.515 34.5892577
  574.615 32.7732599
  574.715 32.6413971
  574.815 34.1747141
  574.915 31.9462329
  575.015 33.6682786
  575.115 32.9113037
  575.215 32.5552742
  575.315 33.3485113
  575.415 34.874411
  575.515 31.6219329
  575.615 32.5396155
  575.715 31.8172547
  575.815 34.3523168
  575.915 33.6250111
  576.015 34.4165999
  576.115 34.446269
  576.215 33.0641822
  576.315 33.3299681
  576.415 33.5018018
  576.515 33.0856099
  576.615 32.6718904
  576.715 34.5311557
  576.815 32.8968812
  576.915 33.6851735
  577.015 34.2884457
  577.115 30.9650914
  577.215 37.7716837
  577.315 33.248378
  577.415 33.7201995
  577.515 34.6621943
  577.615 31.8675273
  577.715 34.0300771
  577.815 35.1855248
  577.915 34.4046498
  578.015 33.8771987
  578.115 34.5183815
  578.215 35.5765803
  578.315 33.8743142
  578.415 33.0444027
  578.515 33.0963237
  578.615 33.983101
  578.715 32.964873
  578.815 33.9274713
  578.915 31.6775625
  579.015 32.4576133
  579.115 33.7420393
  579.215 33.9822768
  579.315 33.5149881
  579.415 35.5543285
  579.515 34.2558921
  579.615 35.3969173
  579.715 32.6838404
  579.815 33.4622429
  579.915 32.9121279
  580.015 33.6299559
  580.115 33.0913789
  580.215 35.6198478
  580.315 35.8794527
  580.415 33.329556
  580.515 33.1659637
  580.615 34.3238839
  580.715 33.4000202
  580.815 33.3983719
  580.915 34.1293862
  581.015 31.935107
  581.115 35.9478565
  581.215 34.3465478
  581.315 33.3810649
  581.415 34.4442086
  581.515 33.8767866
  581.615 35.6610549
  581.715 35.0079221
  581.815 35.1142364
  581.915 34.0193632
  582.015 34.2970992
  582.115 36.1505955
  582.215 35.7644848
  582.315 33.6509716
  582.415 33.4923241
  582.515 34.7928209
  582.615 34.6226355
  582.715 33.538064
  582.815 34.4652243
  582.915 32.2177879
  583.015 35.713388
  583.115 33.1161031
  583.215 32.4015716
  583.315 34.6576615
  583.415 35.9198357
  583.515 35.7554193
  583.615 33.676932
  583.715 32.0047471
  583.815 33.1630792
  583.915 30.7594679
  584.015 34.7833433
  584.115 34.0403789
  584.215 33.838464
  584.315 35.4838643
  584.415 32.4576133
  584.515 34.3745686
  584.615 32.7365855
  584.715 34.0424392
  584.815 34.1504019
  584.915 32.4044561


# Stim 2 with 200 elements
#    Time   AMPLITUDE
  990.015 70.1361689
  990.115 68.9930834
  990.215 69.3466405
  990.315 69.3326301
  990.415 67.8483496
  990.515 69.3132627
  990.615 69.4813878
  990.715 72.2163044
  990.815 69.7698376
  990.915 68.4784064
  991.015 67.9439501
  991.115 69.9120022
  991.215 70.159657
  991.315 69.0301698
  991.415 68.3247039
  991.515 68.6131537
  991.615 69.644568
  991.715 69.3338663
  991.815 68.4631598
  991.915 67.6798124
  992.015 67.1717286
  992.115 68.0115298
  992.215 67.3377933
  992.315 66.6063669
  992.415 67.2331272
  992.515 67.4428715
  992.615 68.1965497
  992.715 65.4294915
  992.815 67.4099058
  992.915 68.0267764
  993.015 68.5715345
  993.115 67.6653899
  993.215 66.1271281
  993.315 69.7735463
  993.415 67.6052275
  993.515 66.7056761
  993.615 69.2320847
  993.715 67.8289822
  993.815 67.4828424
  993.915 68.4367872
  994.015 68.5941984
  994.115 68.9840178
  994.215 68.678261
  994.315 65.6050339
  994.415 70.9607234
  994.515 69.2345571
  994.615 68.0222436
  994.715 68.1545185
  994.815 70.3644564
  994.915 69.0643717
  995.015 70.3030578
  995.115 67.6810486
  995.215 69.0553061
  995.315 68.9700074
  995.415 67.3493313
  995.515 70.1782002
  995.615 69.1282427
  995.715 67.6901142
  995.815 70.3933014
  995.915 68.4054698
  996.015 69.4554273
  996.115 69.5699831
  996.215 69.0326422
  996.315 69.3977373
  996.415 68.9473435
  996.515 67.7313213
  996.615 67.5973982
  996.715 68.6255159
  996.815 68.9465193
  996.915 72.3539362
  997.015 67.9929865
  997.115 68.8764672
  997.215 70.6240613
  997.315 70.7480947
  997.415 69.3528216
  997.515 70.946713
  997.615 69.0989857
  997.715 68.3692076
  997.815 69.7521186
  997.915 68.6201589
  998.015 67.9237586
  998.115 68.7759219
  998.215 69.3202679
  998.315 68.6316969
  998.415 70.2206435
  998.515 71.3443617
  998.615 71.6233339
  998.715 67.7090695
  998.815 69.4051546
  998.915 68.4281338
  999.015 70.4526396
  999.115 68.7590269
  999.215 69.0293457
  999.315 68.713287
  999.415 70.5659592
  999.515 68.6049123
  999.615 68.990611
  999.715 67.5895688
  999.815 67.2405445
  999.915 67.5273461
 1000.015 69.9915319
 1000.115 67.4408111
 1000.215 67.6031672
 1000.315 68.7437803
 1000.415 69.5530882
 1000.515 69.668056
 1000.615 67.7486283
 1000.715 67.8730738
 1000.815 66.4848059
 1000.915 69.6305576
 1001.015 65.698162
 1001.115 67.4082575
 1001.215 69.8460708
 1001.315 66.4539006
 1001.415 68.7433682
 1001.515 68.5171411
 1001.615 67.0571728
 1001.715 69.5815211
 1001.815 67.2541429
 1001.915 68.8031186
 1002.015 66.8618511
 1002.115 68.1260856
 1002.215 69.8143413
 1002.315 68.990611
 1002.415 67.9241707
 1002.515 69.3911442
 1002.615 68.1648202
 1002.715 68.3955801
 1002.815 67.8228011
 1002.915 68.8847087
 1003.015 67.0509918
 1003.115 67.9134568
 1003.215 68.5431016
 1003.315 69.419165
 1003.415 69.0561303
 1003.515 68.2806123
 1003.615 71.4589175
 1003.715 67.9315879
 1003.815 67.8825515
 1003.915 68.3329453
 1004.015 69.476855
 1004.115 66.2219045
 1004.215 68.2937985
 1004.315 69.9610387
 1004.415 69.0318181
 1004.515 69.0829149
 1004.615 68.0135901
 1004.715 67.8640083
 1004.815 69.6280851
 1004.915 67.9200499
 1005.015 70.4876657
 1005.115 70.0249097
 1005.215 67.3233708
 1005.315 67.9188137
 1005.415 69.7533548
 1005.515 69.5102328
 1005.615 71.1820057
 1005.715 69.0726131
 1005.815 67.3386175
 1005.915 70.4909622
 1006.015  68.49901
 1006.115 69.245271
 1006.215 66.4036279
 1006.315 70.4204981
 1006.415 68.2435258
 1006.515 71.820304
 1006.615 70.0212011
 1006.715 68.5187894
 1006.815 67.9266431
 1006.915 68.9840178
 1007.015 69.7434651
 1007.115 67.8079666
 1007.215 70.4147291
 1007.315 71.8071177
 1007.415 68.8443257
 1007.515 71.8277213
 1007.615 73.0272606
 1007.715 72.2430891
 1007.815 70.1979796
 1007.915 69.8279397
 1008.015 68.4479132
 1008.115 70.6158198
 1008.215 67.9348845
 1008.315 70.2086935
 1008.415 69.7405806
 1008.515 70.3426166
 1008.615 73.1875563
 1008.715 69.6190196
 1008.815 71.8920044
 1008.915 67.0130812
 1009.015 71.0575602
 1009.115 69.4517186
 1009.215 72.1845749
 1009.315 70.622825
 1009.415 71.3307634
 1009.515 69.7117356
 1009.615 70.356627
 1009.715 71.2949132
 1009.815 70.3743461
 1009.915 69.511469


# Stim 3 with 200 elements
#    Time   AMPLITUDE
 1465.015 101.029148
 1465.115 100.321622
 1465.215 99.9841353
 1465.315 100.726276
 1465.415 102.295855
 1465.515 98.4388682
 1465.615 99.3853958
 1465.715  99.46781
 1465.815 97.9711674
 1465.915 99.0520302
 1466.015 98.3366745
 1466.115 99.3087505
 1466.215 100.322034
 1466.315 99.3474852
 1466.415 103.296364
 1466.515 102.060562
 1466.615 99.0001092
 1466.715 96.7670953
 1466.815 95.0891413
 1466.915 97.2389168
 1467.015 95.9853962
 1467.115 97.3707796
 1467.215 95.9433649
 1467.315 96.7287727
 1467.415 98.8954431
 1467.515 97.4935768
 1467.615 97.4428921
 1467.715 98.6700402
 1467.815 99.421246
 1467.915 94.9576906
 1468.015 99.9870198
 1468.115 97.3155621
 1468.215 98.0230884
 1468.315 99.0001092
 1468.415 99.6042056
 1468.515 97.2825964
 1468.615 96.8585751
 1468.715 98.7034179
 1468.815 97.8487822
 1468.915 98.4932616
 1469.015 99.8176585
 1469.115 97.6765365
 1469.215 96.1934922
 1469.315 98.9753849
 1469.415 97.3823176
 1469.515 99.5440432
 1469.615 101.481602
 1469.715 99.843619
 1469.815 99.7208218
 1469.915 100.938904
 1470.015 95.8448799
 1470.115 99.5555812
 1470.215 99.056563
 1470.315 97.7985095
 1470.415 101.816616
 1470.515 100.008447
 1470.615 97.1400197
 1470.715 100.48439
 1470.815 100.192231
 1470.915 96.1959646
 1471.015 98.0506971
 1471.115 99.2411709
 1471.215 100.513647
 1471.315 99.3985821
 1471.415 99.919028
 1471.515 102.199842
 1471.615 101.395067
 1471.715 101.265677
 1471.815 102.216325
 1471.915 98.8822568
 1472.015 100.988765
 1472.115 99.3882803
 1472.215 100.254042
 1472.315 102.210144
 1472.415 98.2456068
 1472.515 100.655399
 1472.615 100.01092
 1472.715 101.722664
 1472.815 96.0789364
 1472.915 101.047279
 1473.015 102.753666
 1473.115 99.3965217
 1473.215 98.5113927
 1473.315 100.933547
 1473.415 98.0795421
 1473.515 99.9297419
 1473.615 100.045534
 1473.715 102.224566
 1473.815 100.281239
 1473.915 101.118155
 1474.015 99.4319598
 1474.115 100.957447
 1474.215 98.8167375
 1474.315 98.9086294
 1474.415 99.6524179
 1474.515 99.4950067
 1474.615 100.057484
 1474.715 101.615525
 1474.815 101.285456
 1474.915 100.71927
 1475.015 101.868125
 1475.115 99.6046177
 1475.215 100.24374
 1475.315 101.369519
 1475.415 102.351484
 1475.515 101.904387
 1475.615 101.044394
 1475.715 102.488704
 1475.815 100.292365
 1475.915 100.188935
 1476.015 102.700509
 1476.115 99.5456915
 1476.215 101.088486
 1476.315 104.076414
 1476.415 103.001321
 1476.515 99.2127379
 1476.615 101.188619
 1476.715 99.924797
 1476.815 102.484995
 1476.915 101.365398
 1477.015 100.358296
 1477.115 98.6255365
 1477.215 101.427209
 1477.315 100.594413
 1477.415 98.651909
 1477.515 98.4232095
 1477.615 100.547849
 1477.715 100.816107
 1477.815 101.165543
 1477.915 101.417731
 1478.015 98.7417405
 1478.115 100.173276
 1478.215 97.4181678
 1478.315 98.1528908
 1478.415 102.749133
 1478.515 98.2983519
 1478.615 98.2579689
 1478.715 99.4785239
 1478.815 99.2560054
 1478.915 99.2794935
 1479.015 102.538153
 1479.115 101.56278
 1479.215 101.090959
 1479.315 98.6696281
 1479.415 97.7630714
 1479.515 99.2547692
 1479.615 101.860708
 1479.715 101.743267
 1479.815 99.4150649
 1479.915 99.0095868
 1480.015 99.705163
 1480.115 102.20932
 1480.215 98.8002547
 1480.315 99.1694705
 1480.415 99.178536
 1480.515 99.4467944
 1480.615 98.8159134
 1480.715 98.4413406
 1480.815 98.7392681
 1480.915 99.0582112
 1481.015 102.62716
 1481.115 102.031305
 1481.215 99.3812751
 1481.315 100.455545
 1481.415 99.3998183
 1481.515 99.5069568
 1481.615 99.2531209
 1481.715 99.2172707
 1481.815 100.412277
 1481.915 100.621609
 1482.015 98.3074175
 1482.115 103.491273
 1482.215 98.8344566
 1482.315 100.153497
 1482.415 99.5588778
 1482.515 98.588038
 1482.615 102.127318
 1482.715 101.719367
 1482.815 100.412277
 1482.915 99.8893589
 1483.015 103.065604
 1483.115 102.354781
 1483.215 103.296364
 1483.315 99.6404679
 1483.415 103.004205
 1483.515 102.28102
 1483.615 102.069628
 1483.715 99.0545026
 1483.815 103.593055
 1483.915 97.9414982
 1484.015 100.837947
 1484.115 100.593177
 1484.215 100.853606
 1484.315 101.446576
 1484.415 98.3708765
 1484.515 102.297915
 1484.615 99.9993819
 1484.715 99.4051752
 1484.815 100.286183
 1484.915 101.838868


# Stim 4 with 200 elements
#    Time   AMPLITUDE
 1930.015 124.738901
 1930.115 125.715922
 1930.215 127.881769
 1930.315 126.861892
 1930.415 122.961226
 1930.515 126.424685
 1930.615 123.840586
 1930.715 124.645773
 1930.815 126.282108
 1930.915 126.583744
 1931.015 126.73415
 1931.115 128.812225
 1931.215 125.120891
 1931.315 129.853117
 1931.415 122.732527
 1931.515 123.342392
 1931.615 125.81688
 1931.715 123.093089
 1931.815 122.984302
 1931.915 122.976473
 1932.015 123.896628
 1932.115 121.052512
 1932.215 121.954536
 1932.315 124.554706
 1932.415 120.591817
 1932.515 124.699755
 1932.615 122.308505
 1932.715 122.564814
 1932.815 125.615789
 1932.915 123.386072
 1933.015 120.867904
 1933.115 121.062402
 1933.215 123.838938
 1933.315 123.369589
 1933.415 123.275636
 1933.515 124.220928
 1933.615 125.440659
 1933.715 121.076412
 1933.815 124.075879
 1933.915 122.688023
 1934.015 121.502494
 1934.115 123.534417
 1934.215 121.514032
 1934.315 124.529569
 1934.415 122.615498
 1934.515 122.590362
 1934.615 121.366098
 1934.715 125.85273
 1934.815 121.415959
 1934.915 121.806191
 1935.015 123.157784
 1935.115 126.150245
 1935.215 122.95793
 1935.315 122.146149
 1935.415 123.193222
 1935.515 123.757348
 1935.615 124.726951
 1935.715 123.672049
 1935.815 121.001415
 1935.915 125.994894
 1936.015 126.973564
 1936.115 123.993465
 1936.215  122.2059
 1936.315 124.960184
 1936.415 121.594798
 1936.515 120.883563
 1936.615 122.554924
 1936.715 123.85336
 1936.815 122.05673
 1936.915 122.949276
 1937.015 123.010675
 1937.115 122.540914
 1937.215 122.893234
 1937.315 123.940719
 1937.415 124.741374
 1937.515 125.563456
 1937.615 124.572013
 1937.715 123.888386
 1937.815 124.475176
 1937.915 124.082472
 1938.015 124.239059
 1938.115 126.541301
 1938.215 123.97657
 1938.315 129.055347
 1938.415 128.897112
 1938.515 125.984593
 1938.615 123.778363
 1938.715 125.193004
 1938.815 122.513717
 1938.915 124.805245
 1939.015 121.569662
 1939.115 123.696773
 1939.215 124.560887
 1939.315 127.147046
 1939.415 124.542755
 1939.515 125.978824
 1939.615 124.216395
 1939.715 124.512262
 1939.815  126.1453
 1939.915 124.368861
 1940.015 124.869528
 1940.115 124.063517
 1940.215 122.976473
 1940.315 123.624249
 1940.415 123.844707
 1940.515 124.653191
 1940.615 127.069576
 1940.715 125.375963
 1940.815 124.705524
 1940.915 124.86788
 1941.015 123.840174
 1941.115 124.467759
 1941.215 122.003985
 1941.315 123.810917
 1941.415 126.240901
 1941.515 127.504311
 1941.615 127.077818
 1941.715 125.87457
 1941.815 123.363408
 1941.915 129.433217
 1942.015 126.498858
 1942.115 124.46611
 1942.215 122.139556
 1942.315 125.113062
 1942.415 127.70499
 1942.515 128.982411
 1942.615 124.159117
 1942.715 124.858402
 1942.815 126.391307
 1942.915 122.609729
 1943.015  125.7015
 1943.115 126.208759
 1943.215 125.628563
 1943.315 126.390071
 1943.415 127.304869
 1943.515 124.750439
 1943.615 125.457966
 1943.715 124.725303
 1943.815 127.946052
 1943.915 126.382653
 1944.015 123.979042
 1944.115 127.881356
 1944.215 126.130054
 1944.315 124.307051
 1944.415 125.490519
 1944.515 122.054257
 1944.615 123.254209
 1944.715 126.922055
 1944.815 125.133254
 1944.915 125.082981
 1945.015 125.206602
 1945.115 128.290543
 1945.215 126.892386
 1945.315 125.908772
 1945.415 126.897742
 1945.515 123.660099
 1945.615 125.758778
 1945.715 127.151166
 1945.815 123.754051
 1945.915 127.841798
 1946.015 126.579211
 1946.115 126.364522
 1946.215 125.178993
 1946.315 125.274182
 1946.415 126.239665
 1946.515 123.405851
 1946.615 123.51299
 1946.715 126.130054
 1946.815 127.090592
 1946.915 125.509062
 1947.015 126.465068
 1947.115 125.68955
 1947.215 124.984496
 1947.315 125.119655
 1947.415 126.890737
 1947.515 127.254184
 1947.615 126.65256
 1947.715 124.495367
 1947.815 127.383162
 1947.915 125.258523
 1948.015 126.603936
 1948.115 124.39441
 1948.215 127.02466
 1948.315 126.711486
 1948.415 127.002409
 1948.515 126.528115
 1948.615 126.878375
 1948.715 128.403451
 1948.815 124.668437
 1948.915 123.82946
 1949.015 124.837798
 1949.115 125.867564
 1949.215 124.084532
 1949.315 124.968013
 1949.415 124.972546
 1949.515 128.587234
 1949.615 127.043616
 1949.715 127.222867
 1949.815 128.157856
 1949.915 127.135095


# Stim 5 with 200 elements
#    Time   AMPLITUDE
 2345.015 139.729228
 2345.115 141.895486
 2345.215 144.972422
 2345.315 140.710782
 2345.415 142.817702
 2345.515 141.124501
 2345.615 140.056413
 2345.715 141.260897
 2345.815 142.164981
 2345.915 140.185391
 2346.015 142.34382
 2346.115 138.685452
 2346.215 140.46972
 2346.315 138.453043
 2346.415 140.502274
 2346.515 139.537615
 2346.615 139.701207
 2346.715 141.961006
 2346.815 137.042936
 2346.915 138.451395
 2347.015 134.985052
 2347.115 138.705643
 2347.215 137.688651
 2347.315 139.187354
 2347.415 135.973199
 2347.515 139.097935
 2347.615 139.104116
 2347.715 135.452341
 2347.815 138.747674
 2347.915 137.401438
 2348.015 138.923217
 2348.115 137.388251
 2348.215 139.503413
 2348.315 137.42369
 2348.415 139.881694
 2348.515 136.955989
 2348.615 140.824925
 2348.715 138.930222
 2348.815 138.462109
 2348.915 138.945056
 2349.015 137.30048
 2349.115 138.728719
 2349.215 137.483852
 2349.315 141.850159
 2349.415 136.061382
 2349.515 138.95165
 2349.615 138.888603
 2349.715 141.785875
 2349.815 139.975647
 2349.915 138.526804
 2350.015 139.808346
 2350.115 137.155019
 2350.215 139.322102
 2350.315 138.310055
 2350.415 136.497766
 2350.515 141.802358
 2350.615 137.914466
 2350.715 139.412757
 2350.815 139.126368
 2350.915 141.185488
 2351.015 138.243299
 2351.115 140.516284
 2351.215 141.93999
 2351.315 138.902613
 2351.415 141.412539
 2351.515 140.248438
 2351.615 141.77681
 2351.715 142.427882
 2351.815 139.573877
 2351.915 139.111945
 2352.015 143.159309
 2352.115 139.96246
 2352.215 140.391014
 2352.315 138.983379
 2352.415 140.268629
 2352.515 140.151601
 2352.615 139.440366
 2352.715 140.986869
 2352.815 138.715121
 2352.915 140.799789
 2353.015 137.602941
 2353.115 141.284797
 2353.215 140.188275
 2353.315 141.143868
 2353.415 140.283052
 2353.515 142.332694
 2353.615 139.517423
 2353.715 142.894759
 2353.815 141.132743
 2353.915 138.992445
 2354.015 140.021386
 2354.115 137.678762
 2354.215 139.327459
 2354.315 143.472483
 2354.415 138.836682
 2354.515 141.240705
 2354.615 139.689257
 2354.715 142.007158
 2354.815 138.694929
 2354.915 141.177246
 2355.015 139.009752
 2355.115 141.271611
 2355.215 141.612806
 2355.315 141.387403
 2355.415 138.761273
 2355.515 141.549347
 2355.615 140.49156
 2355.715 139.891584
 2355.815 142.201243
 2355.915 140.240608
 2356.015 141.278616
 2356.115 137.28647
 2356.215 141.192081
 2356.315 138.282446
 2356.415 140.353516
 2356.515 138.95577
 2356.615 138.057867
 2356.715 141.939166
 2356.815 139.46097
 2356.915 139.601486
 2357.015 142.760836
 2357.115 138.261018
 2357.215 142.653697
 2357.315 142.434063
 2357.415 138.622817
 2357.515 140.316429
 2357.615 142.434476
 2357.715 141.461575
 2357.815 142.149322
 2357.915 141.12038
 2358.015 144.446207
 2358.115 139.453964
 2358.215 143.423446
 2358.315 140.911872
 2358.415 141.410066
 2358.515 139.344766
 2358.615 140.440463
 2358.715 138.676386
 2358.815 138.719654
 2358.915 139.514127
 2359.015 142.130367
 2359.115 140.51752
 2359.215 142.280773
 2359.315 140.060121
 2359.415 140.436342
 2359.515 139.697911
 2359.615 136.681549
 2359.715 141.450449
 2359.815 143.43004
 2359.915 138.195499
 2360.015  139.0831
 2360.115 144.493183
 2360.215 138.941348
 2360.315 143.268508
 2360.415 138.672677
 2360.515 139.317157
 2360.615 138.025726
 2360.715 140.911872
 2360.815 139.587063
 2360.915 142.875392
 2361.015 141.633409
 2361.115 137.358582
 2361.215 140.182506
 2361.315 141.079173
 2361.415 139.758897
 2361.515 141.567478
 2361.615 141.876119
 2361.715 142.781852
 2361.815 139.208782
 2361.915 142.105231
 2362.015 142.707267
 2362.115 141.410479
 2362.215 142.259345
 2362.315 141.182191
 2362.415 139.691317
 2362.515 142.010454
 2362.615 140.175501
 2362.715 139.172108
 2362.815 139.041481
 2362.915 138.70894
 2363.015 142.973465
 2363.115 137.88727
 2363.215 142.035591
 2363.315 137.110928
 2363.415 140.913933
 2363.515 141.74302
 2363.615 141.961418
 2363.715 141.419132
 2363.815 140.855419
 2363.915 143.056703
 2364.015 141.417484
 2364.115 139.820296
 2364.215 138.575841
 2364.315 138.753443
 2364.415 141.857576
 2364.515 142.477331
 2364.615 141.166532
 2364.715 142.190117
 2364.815 137.86543
 2364.915 139.348886


