# Data from DA_130524_E4.h5 stim 3
# Ratiometric estimator
# Ratiometric estimator:
#    Time    Ca (est)    Ca (se)
 1465.015 0.0888525725 0.00525356675
 1465.115 0.0960997821 0.00550801651
 1465.215 0.0895765455 0.0053490774
 1465.315 0.102388395 0.00569712042
 1465.415 0.0873117648 0.00528668993
 1465.515 0.0908132937 0.00534093588
 1465.615 0.099619713 0.00558083777
 1465.715 0.0954890077 0.00542489986
 1465.815 0.0897369504 0.00533895734
 1465.915 0.088106308 0.00527223882
 1466.015 0.0875050303 0.0053062322
 1466.115 0.0831412097 0.00511398067
 1466.215 0.0959540597 0.00552157114
 1466.315 0.0940229551 0.00548449221
 1466.415 0.0847156045 0.0051559299
 1466.515 0.097131143 0.00567640791
 1466.615 0.123661108 0.00639071791
 1466.715 0.160186381 0.00762492542
 1466.815 0.197293357 0.00894360333
 1466.915 0.235606441 0.0102056896
 1467.015 0.292457024 0.0128127494
 1467.115 0.27454174 0.0120945619
 1467.215 0.292110776 0.0127359626
 1467.315 0.290859987 0.0126040934
 1467.415 0.295778442 0.0126607958
 1467.515 0.260236221 0.011566201
 1467.615 0.275289776 0.012295301
 1467.715 0.272294619 0.0120856079
 1467.815 0.248971301 0.0109107128
 1467.915 0.229857843 0.0103043794
 1468.015 0.258444145 0.0113651917
 1468.115 0.251231709 0.0109716609
 1468.215 0.235102757 0.0103304595
 1468.315 0.245706248 0.010771661
 1468.415 0.209789588 0.00948749068
 1468.515 0.224087547 0.0100064083
 1468.615 0.216446895 0.00979992716
 1468.715 0.21388608 0.00941885353
 1468.815 0.197660851 0.00892831541
 1468.915 0.197445783 0.00897453503
 1469.015 0.207988456 0.00944464647
 1469.115 0.190566591 0.00864942794
 1469.215 0.195469665 0.00895728963
 1469.315 0.194673526 0.00878450348
 1469.415 0.182995809 0.00838363847
 1469.515 0.178052926 0.00834167734
 1469.615 0.170143581 0.0080221934
 1469.715 0.184444325 0.00824882751
 1469.815 0.174937966 0.00803085496
 1469.915 0.175673788 0.00797811812
 1470.015 0.169794107 0.00787875178
 1470.115 0.162735126 0.007592202
 1470.215 0.145996405 0.00710929856
 1470.315 0.163376922 0.00763141883
 1470.415 0.16047564 0.00764440552
 1470.515 0.155928507 0.00736598978
 1470.615 0.141301383 0.00700764581
 1470.715 0.145455327 0.00702115079
 1470.815 0.144668382 0.00693875743
 1470.915 0.148285379 0.00722969593
 1471.015 0.148704829 0.00717165583
 1471.115 0.143628892 0.00685474437
 1471.215 0.141963183 0.00698339913
 1471.315 0.142855665 0.00696110159
 1471.415 0.140638965 0.00680739939
 1471.515 0.130304115 0.00662846887
 1471.615 0.133990056 0.00668471366
 1471.715 0.133017451 0.00670544083
 1471.815 0.137144269 0.00674965822
 1471.915 0.148388409 0.00711689276
 1472.015 0.125654511 0.00645842877
 1472.115 0.136536591 0.00671657749
 1472.215 0.127909941 0.00652169752
 1472.315 0.128180837 0.00654126747
 1472.415 0.121496792 0.00630622667
 1472.515 0.123706122 0.00627134548
 1472.615 0.128296345 0.00646958866
 1472.715 0.115594771 0.00603430555
 1472.815 0.132168073 0.00650086496
 1472.915 0.116953378 0.00619986015
 1473.015 0.117882398 0.00620480209
 1473.115 0.119144161 0.00616086608
 1473.215 0.124521333 0.00638786524
 1473.315 0.115901388 0.00621395627
 1473.415 0.114699908 0.00599438026
 1473.515 0.112023352 0.00601938897
 1473.615 0.121060978 0.00624415208
 1473.715 0.12501236 0.00634457379
 1473.815 0.125098902 0.00634235918
 1473.915 0.106585499 0.00584356864
 1474.015 0.109652456 0.00589079237
 1474.115 0.100634308 0.00559087538
 1474.215 0.11161306 0.00593089745
 1474.315 0.116075566 0.00612530582
 1474.415 0.11749536 0.00601622788
 1474.515 0.10068084 0.00579000806
 1474.615 0.114305678 0.00601227551
 1474.715 0.11204346 0.00600000993
 1474.815 0.107601443 0.00593100878
 1474.915 0.109155745 0.00581921982
 1475.015 0.114119009 0.00604023423
 1475.115 0.110755966 0.00586565419
 1475.215 0.0946653828 0.00546929841
 1475.315 0.11334586 0.00592737762
 1475.415 0.103190955 0.00567721042
 1475.515 0.100378085 0.00562532657
 1475.615 0.101951125 0.00569788981
 1475.715 0.0995845035 0.00560986995
 1475.815 0.101999036 0.00565163377
 1475.915 0.0949348473 0.00555732714
 1476.015 0.0982612339 0.00559867761
 1476.115 0.115071391 0.00597922288
 1476.215 0.101846074 0.00578702002
 1476.315 0.104198747 0.00573262816
 1476.415 0.0988774088 0.00563440815
 1476.515 0.0942471789 0.00543135862
 1476.615 0.101650414 0.00568016874
 1476.715 0.101660638 0.00570759479
 1476.815 0.100160775 0.00559620418
 1476.915 0.103800707 0.00572608982
 1477.015 0.106543505 0.00574000827
 1477.115 0.0969241459 0.00558606381
 1477.215 0.106402962 0.0059119308
 1477.315 0.104434024 0.00571937736
 1477.415 0.104368537 0.00562503391
 1477.515 0.0994659068 0.0056475464
 1477.615 0.100088191 0.00567875151
 1477.715 0.102024752 0.00562690861
 1477.815 0.0923176456 0.0054175763
 1477.915 0.0992677492 0.00549823108
 1478.015 0.108391333 0.00598516346
 1478.115 0.0942886359 0.00540823699
 1478.215 0.0945203241 0.00552852812
 1478.315 0.0975131877 0.00561688356
 1478.415 0.0988991817 0.00570323786
 1478.515 0.0908437559 0.00545869518
 1478.615 0.0959865929 0.00554536025
 1478.715 0.101639857 0.0057224805
 1478.815 0.103965204 0.00565548455
 1478.915 0.0821170835 0.00509346234
 1479.015 0.0976926917 0.00564115694
 1479.115 0.101886886 0.0056781656
 1479.215 0.100256022 0.00562272768
 1479.315 0.0948878462 0.00542333389
 1479.415 0.0976067277 0.00554380996
 1479.515 0.0963869149 0.00548963455
 1479.615 0.099839782 0.00564131469
 1479.715 0.0975529074 0.00548099284
 1479.815 0.102065712 0.00570288207
 1479.915 0.101679552 0.00581739337
 1480.015 0.0967836951 0.00558778138
 1480.115 0.0959306117 0.00543340911
 1480.215 0.0920156446 0.00533477379
 1480.315 0.091152137 0.00534336519
 1480.415 0.0913178896 0.00536596892
 1480.515 0.0971840683 0.005465167
 1480.615 0.0966883656 0.00551711545
 1480.715 0.0984645595 0.00551278896
 1480.815 0.0935316065 0.00554199641
 1480.915 0.0950498647 0.00550407182
 1481.015 0.0930276592 0.00545682743
 1481.115 0.0932451286 0.00533754452
 1481.215 0.0969176179 0.00545304079
 1481.315 0.0904045206 0.00538052438
 1481.415 0.105986267 0.00572353811
 1481.515 0.0799671903 0.0051623405
 1481.615 0.0960274543 0.00549689211
 1481.715 0.101173246 0.00569251508
 1481.815 0.092640528 0.00540974705
 1481.915 0.0932272636 0.00538359038
 1482.015 0.0876555752 0.00532876154
 1482.115 0.0995415108 0.00563759935
 1482.215 0.0799608777 0.0051353526
 1482.315 0.0952759909 0.00546386519
 1482.415 0.0986696125 0.00570643157
 1482.515 0.0871298459 0.00530456485
 1482.615 0.0901915424 0.00532440576
 1482.715 0.0914486055 0.00534275581
 1482.815 0.0926365692 0.00534019407
 1482.915 0.0970932631 0.00550031977
 1483.015 0.0906041533 0.00532217575
 1483.115 0.100441564 0.00554249728
 1483.215 0.0952352286 0.00541714381
 1483.315 0.0986781961 0.00559539856
 1483.415 0.106916289 0.00574884232
 1483.515 0.0923208365 0.00536779003
 1483.615 0.0849033808 0.00514331684
 1483.715 0.0934705355 0.00540496342
 1483.815 0.0887626219 0.00527103635
 1483.915 0.0853664618 0.00519576469
 1484.015 0.0784491177 0.00507628996
 1484.115 0.0869518989 0.00527857649
 1484.215 0.0881966372 0.00523560987
 1484.315 0.0871020462 0.00530333781
 1484.415 0.0861707665 0.00519426581
 1484.515 0.0874162558 0.00516712509
 1484.615 0.0956366771 0.00553680998
 1484.715 0.0940629775 0.00535619966
 1484.815 0.0800754465 0.00505196026
 1484.915 0.0927644324 0.00541266692


