# Data from DA_130524_E4.h5 stim 4
# Ratiometric estimator
# Ratiometric estimator:
#    Time    Ca (est)    Ca (se)
 1930.015 0.078597381 0.00426836687
 1930.115 0.0713634335 0.00414465001
 1930.215 0.0770218998 0.00425223424
 1930.315 0.0750836547 0.0042385548
 1930.415 0.0744554751 0.00420421627
 1930.515 0.0663767356 0.00404255822
 1930.615 0.0679095909 0.00401004154
 1930.715 0.0680712194 0.00404510387
 1930.815 0.0657178666 0.00402134358
 1930.915 0.0763811786 0.00424618312
 1931.015 0.0776393084 0.00434958024
 1931.115 0.0744490493 0.0042315234
 1931.215 0.0718581904 0.00412622259
 1931.315 0.0881646633 0.00445674818
 1931.415 0.0743320739 0.00422555056
 1931.515 0.0716616858 0.00418340999
 1931.615 0.0814199804 0.00443765493
 1931.715 0.106319159 0.00498715805
 1931.815 0.13963646 0.00591980364
 1931.915 0.178178059 0.00693861521
 1932.015 0.199463095 0.00785657688
 1932.115 0.207169263 0.00811549497
 1932.215 0.20236544 0.00778488199
 1932.315 0.201097511 0.00785836998
 1932.415 0.189696035 0.00749620007
 1932.515 0.208403139 0.00815012039
 1932.615 0.19631092 0.00775497292
 1932.715 0.202883732 0.00783151454
 1932.815 0.191346188 0.00748489061
 1932.915 0.182637431 0.00722995618
 1933.015 0.183416192 0.00726739368
 1933.115 0.188801453 0.00740502248
 1933.215 0.164788307 0.00664270204
 1933.315 0.180578276 0.00710754282
 1933.415 0.179927313 0.00723492232
 1933.515 0.172469761 0.00681123694
 1933.615 0.164548951 0.00668330709
 1933.715 0.168321507 0.00681766414
 1933.815 0.161265369 0.00652433491
 1933.915 0.154118834 0.00643303888
 1934.015 0.145082134 0.0061477222
 1934.115 0.155104041 0.00633225273
 1934.215 0.152175348 0.00630030504
 1934.315 0.146017692 0.00608603123
 1934.415 0.151031752 0.00626923338
 1934.515 0.149382113 0.00628612031
 1934.615 0.154138678 0.00636092111
 1934.715 0.134442635 0.00577250455
 1934.815 0.137628187 0.00586863157
 1934.915 0.129671626 0.00560128174
 1935.015 0.137040497 0.00589663593
 1935.115 0.130108156 0.00562477147
 1935.215 0.135414315 0.00581175345
 1935.315 0.135836023 0.00575169117
 1935.415 0.12260697 0.00552240346
 1935.515 0.126958222 0.00555965016
 1935.615 0.117661332 0.00537559781
 1935.715 0.120707728 0.00548771353
 1935.815 0.125925776 0.00550962577
 1935.915 0.115489071 0.00529679403
 1936.015 0.111644009 0.00531810578
 1936.115 0.115489743 0.00526394833
 1936.215 0.124670592 0.00549101322
 1936.315 0.115618749 0.00526775377
 1936.415 0.11448831 0.0051886891
 1936.515 0.106918783 0.00511142434
 1936.615 0.114824007 0.00523270295
 1936.715 0.114781044 0.00526136953
 1936.815 0.10863613 0.00507548693
 1936.915 0.11040351 0.00511251461
 1937.015 0.108408955 0.00517210321
 1937.115 0.107321419 0.00508216825
 1937.215 0.107494476 0.005135249
 1937.315 0.10559384 0.00502342541
 1937.415 0.095079225 0.00476648727
 1937.515 0.103093242 0.00490758107
 1937.615 0.109352314 0.00508483396
 1937.715 0.104279703 0.00501780727
 1937.815 0.0979558561 0.00478335419
 1937.915 0.102423414 0.0049281127
 1938.015 0.10003612 0.00487390055
 1938.115 0.101389051 0.0049636887
 1938.215 0.102907119 0.00496508983
 1938.315 0.0979656949 0.00479598871
 1938.415 0.0992146389 0.00483819078
 1938.515 0.103250134 0.00495658874
 1938.615 0.0983298812 0.0048593058
 1938.715 0.0877331502 0.00458894943
 1938.815 0.0853313726 0.00450271397
 1938.915 0.102003521 0.0049802337
 1939.015 0.0939645376 0.00470833849
 1939.115 0.0968700036 0.0047105199
 1939.215 0.0978257443 0.00480460126
 1939.315 0.0979881023 0.00476136595
 1939.415 0.0883875814 0.00447170764
 1939.515 0.0844360626 0.00453279747
 1939.615 0.0961695604 0.00473934817
 1939.715 0.0906676276 0.0046177416
 1939.815 0.0868508849 0.00456653625
 1939.915 0.0981022555 0.0048077633
 1940.015 0.0839931385 0.00447031449
 1940.115 0.0903373455 0.00459058956
 1940.215 0.0936526202 0.00468654608
 1940.315 0.0866395224 0.00451537922
 1940.415 0.0978636064 0.00480047717
 1940.515 0.0882801146 0.00460612968
 1940.615 0.0905221698 0.00463361059
 1940.715 0.0892123902 0.00460725845
 1940.815 0.08314851 0.0043849128
 1940.915 0.0889249427 0.00468412731
 1941.015 0.0857588123 0.00451472254
 1941.115 0.0850952805 0.00450994318
 1941.215 0.0884773865 0.00468190547
 1941.315 0.082876304 0.00444243682
 1941.415 0.0839203126 0.00448875116
 1941.515 0.0902180794 0.00456576674
 1941.615 0.0871475312 0.0044903747
 1941.715 0.0825991516 0.00447311361
 1941.815 0.0850529113 0.00440752102
 1941.915 0.0792982936 0.00436216214
 1942.015 0.0846593149 0.00445345448
 1942.115 0.0847545856 0.0045071271
 1942.215 0.0813288463 0.00438105734
 1942.315 0.0825961735 0.00440163021
 1942.415 0.0840024298 0.00437858732
 1942.515 0.0829406043 0.00446638161
 1942.615 0.080768528 0.00444629731
 1942.715 0.088485232 0.00454218835
 1942.815 0.0883455606 0.00454753771
 1942.915 0.0820179464 0.00434345969
 1943.015 0.0860968555 0.00456160576
 1943.115 0.0813903447 0.00431417017
 1943.215 0.0826496566 0.00443065962
 1943.315 0.0901292075 0.00463441399
 1943.415 0.0761694819 0.00434066695
 1943.515 0.0761231936 0.00434354857
 1943.615 0.0860993224 0.00447226498
 1943.715 0.0777554613 0.00426421844
 1943.815 0.0864631621 0.0044266884
 1943.915 0.0755657851 0.0042969705
 1944.015 0.0736180459 0.004151433
 1944.115 0.0739581166 0.0042055628
 1944.215 0.0814084566 0.00439577865
 1944.315 0.0852302964 0.00443662111
 1944.415 0.0845560318 0.00443597771
 1944.515 0.0772683664 0.00427846891
 1944.615 0.0775404513 0.00432182834
 1944.715 0.0791000422 0.00427338079
 1944.815 0.0732669269 0.00422546611
 1944.915 0.0870711803 0.00465041326
 1945.015 0.0832780448 0.00440807674
 1945.115 0.0823685656 0.00436458841
 1945.215 0.0782996855 0.00424095667
 1945.315 0.081027452 0.00435775336
 1945.415 0.0725501659 0.00414233121
 1945.515 0.0778892987 0.00416137339
 1945.615 0.0771005365 0.00426976925
 1945.715 0.0783255215 0.00429708051
 1945.815 0.0709094598 0.00419905732
 1945.915 0.0812759802 0.00441938545
 1946.015 0.0785088348 0.00434274287
 1946.115 0.0813460371 0.00435943893
 1946.215 0.075692746 0.00413957496
 1946.315 0.0790198537 0.00433878116
 1946.415 0.0778334123 0.00423673829
 1946.515 0.0738866726 0.00425964571
 1946.615 0.0800983294 0.0042925665
 1946.715 0.0833143869 0.00446554109
 1946.815 0.0796654399 0.00434016216
 1946.915 0.0696523761 0.0041059222
 1947.015 0.0769984009 0.00429087465
 1947.115 0.0710485357 0.00416770002
 1947.215 0.0788574244 0.00432885318
 1947.315 0.0730530395 0.00419394017
 1947.415 0.0697571409 0.00410384245
 1947.515 0.0678149125 0.00403306281
 1947.615 0.0756120294 0.00426389692
 1947.715 0.0712663492 0.00417839971
 1947.815 0.0800490508 0.00437887281
 1947.915 0.0788750567 0.00426807969
 1948.015 0.0842469999 0.00437607161
 1948.115 0.0826120866 0.00434824834
 1948.215 0.0814022666 0.00430786947
 1948.315 0.0756745867 0.00431797397
 1948.415 0.0790776635 0.00426443216
 1948.515 0.0784921406 0.00423596987
 1948.615 0.0772278992 0.00424632785
 1948.715 0.0708386619 0.00408807291
 1948.815 0.07360898 0.00419424799
 1948.915 0.0756652181 0.00417502111
 1949.015 0.0761936113 0.00428773003
 1949.115 0.0754786058 0.0042603899
 1949.215 0.0783425981 0.00428198404
 1949.315 0.0740486095 0.00425166959
 1949.415 0.0722734707 0.00414912451
 1949.515 0.0727281863 0.00412869164
 1949.615 0.077359682 0.00429364359
 1949.715 0.0650882429 0.003968143
 1949.815 0.0698027605 0.00410004859
 1949.915 0.0722865329 0.00412382451


