# Data from DA_130524_E4.h5 stim 2
# Ratiometric estimator
# Ratiometric estimator:
#    Time    Ca (est)    Ca (se)
  990.015 0.0959788684 0.00703264697
  990.115 0.0917333239 0.00707442566
  990.215 0.10776561 0.00763445986
  990.315 0.0902833139 0.007034839
  990.415 0.10154126 0.00735250738
  990.515 0.101882829 0.00748874218
  990.615 0.104412211 0.00750390429
  990.715 0.0932690396 0.00712597267
  990.815 0.100294701 0.00724956012
  990.915 0.0979060825 0.00722138693
  991.015 0.100419632 0.0073479044
  991.115 0.104932156 0.00741075504
  991.215 0.0905293008 0.00697959389
  991.315 0.110119434 0.00765473824
  991.415 0.101918701 0.00730354078
  991.515 0.110112182 0.00777666513
  991.615 0.137431813 0.00881230901
  991.715 0.192865243 0.011249543
  991.815 0.244175253 0.0137424459
  991.915 0.296536038 0.0167433131
  992.015 0.316559287 0.0189210316
  992.115 0.345739789 0.0203568258
  992.215 0.317960506 0.0178324021
  992.315 0.34680586 0.0199465677
  992.415 0.317389312 0.018126467
  992.515 0.267255674 0.0150652087
  992.615 0.283599173 0.0165241821
  992.715 0.269808773 0.0154985978
  992.815 0.257543505 0.0144411985
  992.915 0.253540607 0.0143148569
  993.015 0.278798273 0.0160007504
  993.115 0.217541446 0.0126807042
  993.215 0.222825483 0.0128299782
  993.315 0.235088032 0.013516934
  993.415 0.239057443 0.0136569058
  993.515 0.210309198 0.0122176636
  993.615 0.206376951 0.0122057802
  993.715 0.208939125 0.0121970825
  993.815 0.192604352 0.0113258634
  993.915 0.200114747 0.0118673339
  994.015 0.183070406 0.0110442822
  994.115 0.179393349 0.0107083468
  994.215 0.185686579 0.0110271321
  994.315 0.180485522 0.0107084288
  994.415 0.200037174 0.0116935073
  994.515 0.176891516 0.0106323964
  994.615 0.181332427 0.0110050781
  994.715 0.172372467 0.0100496287
  994.815 0.168909824 0.0103156879
  994.915 0.154530783 0.00961162395
  995.015 0.172519149 0.0103815612
  995.115 0.17346424 0.0102132088
  995.215 0.139416376 0.00895182828
  995.315 0.148010561 0.00920437413
  995.415 0.141357689 0.00934383092
  995.515 0.150681048 0.00948763527
  995.615 0.14171999 0.00898476955
  995.715 0.141985953 0.00905678039
  995.815 0.139321934 0.00894961729
  995.915 0.156499546 0.00972877169
  996.015 0.128619794 0.00866860028
  996.115 0.154994669 0.00935719633
  996.215 0.141620349 0.00897394122
  996.315 0.128915444 0.00849029333
  996.415 0.159778956 0.00975701477
  996.515 0.130102678 0.00848114058
  996.615 0.136295219 0.00881445612
  996.715 0.120165093 0.00819754997
  996.815 0.127468691 0.00848898101
  996.915 0.13214533 0.00849919129
  997.015 0.120767307 0.00815120054
  997.115 0.126256145 0.00853246757
  997.215 0.135574046 0.00873767896
  997.315 0.107024422 0.00774938734
  997.415 0.12074785 0.00829396455
  997.515 0.121968139 0.0081796075
  997.615 0.127548208 0.00836692936
  997.715 0.124807757 0.00825431472
  997.815 0.126717353 0.00821709004
  997.915 0.128142797 0.00846032009
  998.015 0.104937622 0.00766959878
  998.115 0.121653843 0.00826305681
  998.215 0.114145165 0.00795149799
  998.315 0.112424113 0.0077779775
  998.415 0.135027753 0.00867215986
  998.515 0.117494386 0.00801598622
  998.615 0.122031661 0.00810705946
  998.715 0.103540138 0.00753412389
  998.815 0.131631183 0.00850310957
  998.915 0.122059592 0.00818746622
  999.015 0.12178482 0.00820784972
  999.115 0.109205592 0.00761694723
  999.215 0.109948394 0.00776982786
  999.315 0.112079896 0.00780784527
  999.415 0.110166661 0.00749094699
  999.515 0.117891602 0.00819396926
  999.615 0.0985101771 0.00721683315
  999.715 0.109097258 0.00777406774
  999.815 0.108035878 0.00773725342
  999.915 0.114419233 0.00806589176
 1000.015 0.113479622 0.00784148904
 1000.115 0.107037149 0.00754144496
 1000.215 0.121668186 0.00803851267
 1000.315 0.117241077 0.00786039701
 1000.415 0.0994177881 0.00737344495
 1000.515 0.0982492119 0.0073618202
 1000.615 0.108063028 0.00765747015
 1000.715 0.107558363 0.00768024641
 1000.815 0.104661379 0.00766018121
 1000.915 0.11988696 0.00795432978
 1001.015 0.104594503 0.00763383081
 1001.115 0.118695735 0.00798927422
 1001.215 0.104547443 0.00756308616
 1001.315 0.110341618 0.00787983451
 1001.415 0.101247051 0.00732075768
 1001.515 0.115739072 0.0078129658
 1001.615 0.090390889 0.00720003423
 1001.715 0.105914903 0.00775485102
 1001.815 0.0966916973 0.00717488994
 1001.915 0.106157668 0.00754699435
 1002.015 0.106035541 0.00755472745
 1002.115 0.112713634 0.00785310523
 1002.215 0.105045581 0.00753959766
 1002.315 0.107790859 0.00759449343
 1002.415 0.0934472156 0.00712055118
 1002.515 0.0904520533 0.00708854221
 1002.615 0.099797581 0.00758721625
 1002.715 0.111786706 0.0080290517
 1002.815 0.113416935 0.00791679965
 1002.915 0.107686361 0.00751562313
 1003.015 0.0977901088 0.00743884072
 1003.115 0.0981337474 0.00723492849
 1003.215 0.101720941 0.00744934725
 1003.315 0.102449752 0.00757098187
 1003.415 0.109893738 0.00790376812
 1003.515 0.11223695 0.00790356963
 1003.615 0.0942991162 0.007128072
 1003.715 0.117274808 0.00795641652
 1003.815 0.101400168 0.00755456026
 1003.915 0.098423485 0.00742185398
 1004.015 0.096404961 0.00726827771
 1004.115 0.0956959146 0.0072347256
 1004.215 0.08738622 0.00700848207
 1004.315 0.104527214 0.00748780667
 1004.415 0.109851674 0.0077832652
 1004.515 0.0960914216 0.00717596006
 1004.615 0.102403495 0.00754240871
 1004.715 0.102885789 0.00748290139
 1004.815 0.104438299 0.00760899155
 1004.915 0.102085938 0.00754045164
 1005.015 0.101834125 0.00734487161
 1005.115 0.0981185403 0.00732223186
 1005.215 0.103083667 0.00731266442
 1005.315 0.100164972 0.00733553253
 1005.415 0.109721012 0.00760218749
 1005.515 0.1102605 0.00753011236
 1005.615 0.101841576 0.00740211519
 1005.715 0.0900567957 0.00696949008
 1005.815 0.10372884 0.00767584346
 1005.915 0.103011227 0.00734219452
 1006.015 0.0969069367 0.00736338231
 1006.115 0.113199771 0.00782998937
 1006.215 0.0897662858 0.00690818203
 1006.315 0.0983353709 0.0074524837
 1006.415 0.108567652 0.0075910034
 1006.515 0.0954124227 0.00723360362
 1006.615 0.0859992905 0.00688184699
 1006.715 0.0978160977 0.00727208986
 1006.815 0.103311044 0.00737368414
 1006.915 0.0957340465 0.0070756006
 1007.015 0.104528732 0.00743235144
 1007.115 0.0978728136 0.00731137067
 1007.215 0.102436946 0.00735477873
 1007.315 0.100826461 0.00721650709
 1007.415 0.105315299 0.00750970544
 1007.515 0.103019514 0.00734506625
 1007.615 0.095476855 0.00712964901
 1007.715 0.109481047 0.00766483873
 1007.815 0.0995270939 0.00723025455
 1007.915 0.0938626126 0.00713624757
 1008.015 0.0952828995 0.00706631782
 1008.115 0.104828275 0.00749388731
 1008.215 0.100060257 0.0072443065
 1008.315 0.0970485928 0.0072684527
 1008.415 0.10438878 0.00742993477
 1008.515 0.0832992352 0.00656561636
 1008.615 0.097294365 0.00700989983
 1008.715 0.0992792863 0.00720624662
 1008.815 0.0948714367 0.00702810384
 1008.915 0.0898323635 0.00682856998
 1009.015 0.104481874 0.0072850873
 1009.115 0.100497619 0.00717886818
 1009.215 0.0991609936 0.00727361505
 1009.315 0.0969972908 0.00715171446
 1009.415 0.0954229234 0.00717052919
 1009.515 0.0966594188 0.00706200699
 1009.615 0.094582889 0.0070405626
 1009.715 0.0881400464 0.00672599595
 1009.815 0.107953736 0.00747057482
 1009.915 0.0981682988 0.00725259972


