# Data from DA_130524_E4.h5 stim 1
# Ratiometric estimator
# Ratiometric estimator:
#    Time    Ca (est)    Ca (se)
  565.015 0.0996562606 0.0134789452
  565.115 0.11587521 0.0142324711
  565.215 0.134263513 0.0164490011
  565.315 0.122302459 0.0147818365
  565.415 0.133213663 0.0159757444
  565.515 0.13728526 0.0157147546
  565.615 0.154576082 0.0169851309
  565.715 0.129803347 0.0155196413
  565.815 0.152988606 0.0166994857
  565.915 0.103794555 0.0141158392
  566.015 0.114457186 0.0144821982
  566.115 0.109372704 0.0137967761
  566.215 0.123455362 0.0148112156
  566.315 0.121123523 0.0147122907
  566.415 0.108411441 0.0143242808
  566.515 0.165124669 0.0186526347
  566.615 0.163014751 0.0186548267
  566.715 0.312107201 0.0322070328
  566.815 0.381065366 0.0409238042
  566.915 0.450032554 0.0469110878
  567.015 0.415383072 0.0446768944
  567.115 0.515802695 0.0624297706
  567.215 0.384926867 0.0407763609
  567.315 0.537973791 0.0622594661
  567.415 0.401941459 0.0423957351
  567.515 0.379159431 0.0414840474
  567.615 0.365533071 0.0370344935
  567.715 0.289436719 0.0302159461
  567.815 0.353565325 0.0345369191
  567.915 0.303017776 0.0324727429
  568.015 0.293371392 0.0294373487
  568.115 0.305264655 0.031655938
  568.215 0.282652106 0.0289735825
  568.315 0.274875129 0.0297433079
  568.415 0.220146384 0.0225188321
  568.515 0.272252383 0.0280342929
  568.615 0.302492756 0.0314447596
  568.715 0.266121863 0.0275522728
  568.815 0.237540561 0.0245411356
  568.915 0.269618665 0.0267538801
  569.015 0.232057547 0.0239089041
  569.115 0.188150364 0.0200051741
  569.215 0.209684994 0.022289468
  569.315 0.198115148 0.0200779834
  569.415 0.186437121 0.0211798626
  569.515 0.225043426 0.0246860786
  569.615 0.15665216 0.0180462898
  569.715 0.182965888 0.0193597058
  569.815 0.200344043 0.0204887854
  569.915 0.163100869 0.0181088315
  570.015 0.158987272 0.0187166474
  570.115 0.176517414 0.0191242058
  570.215 0.145206204 0.0170827678
  570.315 0.170311608 0.0186079358
  570.415 0.189964216 0.0195467046
  570.515 0.159652891 0.0178176262
  570.615 0.155181206 0.0187230941
  570.715 0.16206535 0.0177588552
  570.815 0.169296225 0.0174140764
  570.915 0.197564155 0.0212056275
  571.015 0.17335225 0.0190329574
  571.115 0.16716427 0.0180446631
  571.215 0.155705167 0.01696821
  571.315 0.131601347 0.0155866348
  571.415 0.14774863 0.0160092067
  571.515 0.155794587 0.0175184402
  571.615 0.131966761 0.0155377752
  571.715 0.177275152 0.0191981202
  571.815 0.15376997 0.01697481
  571.915 0.144079942 0.0162668264
  572.015 0.174546175 0.0185320132
  572.115 0.140625674 0.0162544359
  572.215 0.133474202 0.0154936758
  572.315 0.128959554 0.0154213288
  572.415 0.135873552 0.0158497933
  572.515 0.1363305 0.0157171458
  572.615 0.123039753 0.0145631518
  572.715 0.125156031 0.0152117242
  572.815 0.12996227 0.0152631477
  572.915 0.140878199 0.0158257497
  573.015 0.153322104 0.0166623563
  573.115 0.121528481 0.0148742276
  573.215 0.127867942 0.0148940503
  573.315 0.138854011 0.0156488549
  573.415 0.109702908 0.0141068043
  573.515 0.126313851 0.0155317157
  573.615 0.150455304 0.0163284905
  573.715 0.0997533889 0.0134314874
  573.815 0.153941423 0.0166562148
  573.915 0.134746473 0.0152920656
  574.015 0.114987556 0.0142909081
  574.115 0.128613436 0.0151288938
  574.215 0.129022559 0.0148598427
  574.315 0.150682024 0.0162149677
  574.415 0.141213544 0.0159257345
  574.515 0.124754164 0.0149469172
  574.615 0.140102964 0.015430016
  574.715 0.129180187 0.0150982285
  574.815 0.125026301 0.0148873293
  574.915 0.137278731 0.0161050111
  575.015 0.128554287 0.0145065571
  575.115 0.123730637 0.0142859118
  575.215 0.167222197 0.0174149547
  575.315 0.14985374 0.0160516828
  575.415 0.12964999 0.0152669457
  575.515 0.0959473214 0.0123873876
  575.615 0.148047561 0.0167717937
  575.715 0.119337143 0.0144961007
  575.815 0.106986852 0.0134627043
  575.915 0.12668593 0.0154748356
  576.015 0.123578511 0.0148459438
  576.115 0.114079624 0.0131041244
  576.215 0.0905449226 0.0128477101
  576.315 0.122532731 0.0141036048
  576.415 0.109250849 0.0133555054
  576.515 0.111502595 0.013326155
  576.615 0.115443464 0.0139087299
  576.715 0.11065751 0.0133145143
  576.815 0.109505255 0.0134608984
  576.915 0.120995312 0.0148105089
  577.015 0.110125912 0.0131598887
  577.115 0.130702519 0.0146768469
  577.215 0.141509033 0.0162422122
  577.315 0.156975224 0.0169650295
  577.415 0.122598495 0.014165364
  577.515 0.121542781 0.0144934778
  577.615 0.113936211 0.0139758069
  577.715 0.127309027 0.0142233689
  577.815 0.106616435 0.0129580761
  577.915 0.150061292 0.0159060504
  578.015 0.129135249 0.0157666623
  578.115 0.115276126 0.0143789904
  578.215 0.112699812 0.0137711542
  578.315 0.119088446 0.0141781457
  578.415 0.156254304 0.0172003153
  578.515 0.148681592 0.0168710884
  578.615 0.12061261 0.0146174799
  578.715 0.132719892 0.0151698912
  578.815 0.126027489 0.0144836481
  578.915 0.122488285 0.0144475388
  579.015 0.110856552 0.0141103304
  579.115 0.103555276 0.0130481569
  579.215 0.158203548 0.0169419613
  579.315 0.136398768 0.0151007575
  579.415 0.105565975 0.0129354106
  579.515 0.128722166 0.0143637818
  579.615 0.133516141 0.0150524387
  579.715 0.136852857 0.0150600517
  579.815 0.13545512 0.0151069655
  579.915 0.092129409 0.0127718544
  580.015 0.115948576 0.0137242098
  580.115 0.132787437 0.014711711
  580.215 0.124700933 0.01438155
  580.315 0.102591105 0.0130913101
  580.415 0.125511382 0.0144121963
  580.515 0.108083444 0.0132341035
  580.615 0.126076948 0.0144959656
  580.715 0.146109726 0.0162839346
  580.815 0.104129891 0.013334313
  580.915 0.115748471 0.0142341899
  581.015 0.134651808 0.0149940687
  581.115 0.0963310804 0.0125533341
  581.215 0.1330166 0.0146369443
  581.315 0.119708014 0.0138981471
  581.415 0.128842343 0.0150717786
  581.515 0.115609525 0.0138276899
  581.615 0.110700482 0.0141181911
  581.715 0.119892005 0.0143403873
  581.815 0.122557687 0.0142210055
  581.915 0.112647738 0.0131498361
  582.015 0.111575023 0.0132177861
  582.115 0.130383471 0.0144343182
  582.215 0.114212364 0.0136651183
  582.315 0.12018674 0.0143194675
  582.415 0.11691044 0.0145099632
  582.515 0.109834002 0.0133414023
  582.615 0.125619313 0.0140473281
  582.715 0.12999698 0.0143022262
  582.815 0.113717238 0.0142936602
  582.915 0.139506781 0.0152523447
  583.015 0.102536036 0.0133496494
  583.115 0.128058873 0.014491529
  583.215 0.121891007 0.0143268429
  583.315 0.142185801 0.0155479815
  583.415 0.12418182 0.0140284076
  583.515 0.126713156 0.0148448603
  583.615 0.120524843 0.0139937267
  583.715 0.11596482 0.0131335501
  583.815 0.129349467 0.0144025205
  583.915 0.10848535 0.0132593136
  584.015 0.116224302 0.0138022879
  584.115 0.116804386 0.0136928096
  584.215 0.116536685 0.0136332748
  584.315 0.101940874 0.0134041954
  584.415 0.130475486 0.0147969882
  584.515 0.122061076 0.0138213792
  584.615 0.114097154 0.0135469809
  584.715 0.126832018 0.0145608071
  584.815 0.113235437 0.0135017831
  584.915 0.110181382 0.0135434881


