# Data from DA_130524_E4.h5 stim 1
# Ratiometric estimator mono-exponential fit
# Fitted model Ca = baseline+delta*exp(-(t-t0)/tau)
# nobs = 180
# number of degrees of freedom = 177
# baseline length = 7
# fit started from point 27
# estimated baseline 0.120418 and standard error 0.00142964
# estimated delta 0.203002 and standard error 0.0122113
# estimated tau 1.86444 and standard error 0.136466
# residual sum of squares: 168.033
# RSS per degree of freedom: 0.949339
# Probability of observing a larger of equal RSS per DOF under the null hypothesis: 0.673391

# rss per degree of freedom: 0.949339

# Time    Ca  Prediction  Residual
565.015 0.0996563 0.120418 -1.54033
565.115 0.115875 0.120418 -0.319206
565.215 0.134264 0.120418 0.841705
565.315 0.122302 0.120418 0.127464
565.415 0.133214 0.120418 0.800924
565.515 0.137285 0.120418 1.07332
565.615 0.154576 0.120418 2.01104

567.715 0.289437 0.323421 -1.1247
567.815 0.353565 0.312819 1.17978
567.915 0.303018 0.302772 0.00757489
568.015 0.293371 0.293249 0.00416217
568.115 0.305265 0.284223 0.664691
568.215 0.282652 0.275669 0.241017
568.315 0.274875 0.267561 0.245895
568.415 0.220146 0.259877 -1.76434
568.515 0.272252 0.252594 0.701213
568.615 0.302493 0.245692 1.80637
568.715 0.266122 0.23915 0.978943
568.815 0.237541 0.232949 0.187084
568.915 0.269619 0.227073 1.59027
569.015 0.232058 0.221503 0.441451
569.115 0.18815 0.216224 -1.40332
569.215 0.209685 0.211221 -0.0689053
569.315 0.198115 0.206479 -0.416565
569.415 0.186437 0.201985 -0.734071
569.515 0.225043 0.197725 1.10663
569.615 0.156652 0.193688 -2.05226
569.715 0.182966 0.189862 -0.356189
569.815 0.200344 0.186235 0.688617
569.915 0.163101 0.182798 -1.08771
570.015 0.158987 0.17954 -1.09812
570.115 0.176517 0.176453 0.00337372
570.215 0.145206 0.173527 -1.65784
570.315 0.170312 0.170753 -0.023731
570.415 0.189964 0.168125 1.1173
570.515 0.159653 0.165633 -0.335643
570.615 0.155181 0.163272 -0.43213
570.715 0.162065 0.161034 0.0580697
570.815 0.169296 0.158913 0.596252
570.915 0.197564 0.156903 1.91748
571.015 0.173352 0.154997 0.964369
571.115 0.167164 0.153192 0.774335
571.215 0.155705 0.15148 0.248996
571.315 0.131601 0.149858 -1.1713
571.415 0.147749 0.148321 -0.0357285
571.515 0.155795 0.146863 0.509811
571.615 0.131967 0.145482 -0.869861
571.715 0.177275 0.144174 1.72421
571.815 0.15377 0.142933 0.638415
571.915 0.14408 0.141757 0.142788
572.015 0.174546 0.140643 1.82945
572.115 0.140626 0.139587 0.0639204
572.215 0.133474 0.138586 -0.329907
572.315 0.12896 0.137637 -0.562686
572.415 0.135874 0.136738 -0.0545228
572.515 0.13633 0.135885 0.0283138
572.615 0.12304 0.135078 -0.826607
572.715 0.125156 0.134312 -0.601916
572.815 0.129962 0.133587 -0.237458
572.915 0.140878 0.132899 0.504194
573.015 0.153322 0.132247 1.26482
573.115 0.121528 0.131629 -0.679092
573.215 0.127868 0.131044 -0.213242
573.315 0.138854 0.130489 0.534539
573.415 0.109703 0.129963 -1.4362
573.515 0.126314 0.129465 -0.202866
573.615 0.150455 0.128992 1.31445
573.715 0.0997534 0.128545 -2.14356
573.815 0.153941 0.12812 1.55025
573.915 0.134746 0.127718 0.459619
574.015 0.114988 0.127337 -0.864129
574.115 0.128613 0.126975 0.108269
574.215 0.129023 0.126633 0.160805
574.315 0.150682 0.126308 1.50315
574.415 0.141214 0.126001 0.955226
574.515 0.124754 0.125709 -0.0639044
574.615 0.140103 0.125433 0.95074
574.715 0.12918 0.125171 0.26553
574.815 0.125026 0.124923 0.00694268
574.915 0.137279 0.124688 0.781808
575.015 0.128554 0.124465 0.28191
575.115 0.123731 0.124253 -0.0365949
575.215 0.167222 0.124053 2.47885
575.315 0.149854 0.123863 1.61917
575.415 0.12965 0.123683 0.390816
575.515 0.0959473 0.123513 -2.22529
575.615 0.148048 0.123351 1.47249
575.715 0.119337 0.123198 -0.266347
575.815 0.106987 0.123053 -1.19338
575.915 0.126686 0.122915 0.243657
576.015 0.123579 0.122785 0.0534514
576.115 0.11408 0.122661 -0.65489
576.215 0.0905449 0.122544 -2.49066
576.315 0.122533 0.122433 0.00705563
576.415 0.109251 0.122328 -0.979158
576.515 0.111503 0.122228 -0.804859
576.615 0.115443 0.122134 -0.481013
576.715 0.110658 0.122044 -0.855206
576.815 0.109505 0.121959 -0.925199
576.915 0.120995 0.121879 -0.0596519
577.015 0.110126 0.121803 -0.887287
577.115 0.130703 0.12173 0.611323
577.215 0.141509 0.121662 1.22196
577.315 0.156975 0.121597 2.08537
577.415 0.122598 0.121535 0.0750601
577.515 0.121543 0.121477 0.00454469
577.615 0.113936 0.121422 -0.535598
577.715 0.127309 0.121369 0.417608
577.815 0.106616 0.12132 -1.13467
577.915 0.150061 0.121273 1.80993
578.015 0.129135 0.121228 0.501523
578.115 0.115276 0.121186 -0.410981
578.215 0.1127 0.121146 -0.613292
578.315 0.119088 0.121108 -0.142411
578.415 0.156254 0.121072 2.04547
578.515 0.148682 0.121037 1.63855
578.615 0.120613 0.121005 -0.0268526
578.715 0.13272 0.120974 0.774258
578.815 0.126027 0.120945 0.350882
578.915 0.122488 0.120918 0.108695
579.015 0.110857 0.120892 -0.7112
579.115 0.103555 0.120867 -1.32676
579.215 0.158204 0.120844 2.20517
579.315 0.136399 0.120821 1.03156
579.415 0.105566 0.1208 -1.17773
579.515 0.128722 0.12078 0.5529
579.615 0.133516 0.120762 0.847345
579.715 0.136853 0.120744 1.06967
579.815 0.135455 0.120727 0.974948
579.915 0.0921294 0.120711 -2.23782
580.015 0.115949 0.120695 -0.345862
580.115 0.132787 0.120681 0.822926
580.215 0.124701 0.120667 0.280488
580.315 0.102591 0.120654 -1.37977
580.415 0.125511 0.120642 0.337881
580.515 0.108083 0.12063 -0.948055
580.615 0.126077 0.120619 0.376512
580.715 0.14611 0.120609 1.56603
580.815 0.10413 0.120599 -1.23506
580.915 0.115748 0.120589 -0.340078
581.015 0.134652 0.12058 0.938473
581.115 0.0963311 0.120572 -1.93102
581.215 0.133017 0.120564 0.850778
581.315 0.119708 0.120556 -0.0610295
581.415 0.128842 0.120549 0.550256
581.515 0.11561 0.120542 -0.356723
581.615 0.1107 0.120536 -0.696636
581.715 0.119892 0.12053 -0.0444604
581.815 0.122558 0.120524 0.143022
581.915 0.112648 0.120518 -0.598527
582.015 0.111575 0.120513 -0.676212
582.115 0.130383 0.120508 0.684159
582.215 0.114212 0.120503 -0.460372
582.315 0.120187 0.120499 -0.0218042
582.415 0.11691 0.120495 -0.247024
582.515 0.109834 0.120491 -0.798773
582.615 0.125619 0.120487 0.36536
582.715 0.129997 0.120483 0.665182
582.815 0.113717 0.12048 -0.47313
582.915 0.139507 0.120477 1.24768
583.015 0.102536 0.120474 -1.34368
583.115 0.128059 0.120471 0.52362
583.215 0.121891 0.120468 0.0993189
583.315 0.142186 0.120465 1.39699
583.415 0.124182 0.120463 0.265091
583.515 0.126713 0.120461 0.421188
583.615 0.120525 0.120458 0.00474307
583.715 0.115965 0.120456 -0.341991
583.815 0.129349 0.120454 0.617606
583.915 0.108485 0.120453 -0.902547
584.015 0.116224 0.120451 -0.306211
584.115 0.116804 0.120449 -0.266172
584.215 0.116537 0.120447 -0.286852
584.315 0.101941 0.120446 -1.38054
584.415 0.130475 0.120444 0.67791
584.515 0.122061 0.120443 0.117064
584.615 0.114097 0.120442 -0.468344
584.715 0.126832 0.120441 0.438949
584.815 0.113235 0.120439 -0.533557
584.915 0.110181 0.120438 -0.757333
