# τ vs min κ linear regression for data set DA_130524_E4.h5
# Using stimulation: 1, 2, 3, 4, 5
# Best fit: tau = 1.36226 + 0.0092821 kappa_Fura
# Covariance matrix:
# [ +2.14730e-02, -1.00892e-04  
#   -1.00892e-04, +6.22189e-07  ]
# Total sum of squares (TSS) = 138.961
# chisq (Residual sum of squares, RSS) = 0.486637
# Probability of observing a larger of equal RSS per DOF under the null hypothesis: 0.921817
# R squared (1-RSS/TSS) = 0.996498
# Estimated gamma/v with standard error: 107.734 +/- 9.15522
# Estimates kappa_S with standard error (using error propagation): 145.762 +/- 20.119
# kappa_S confidence intervals based on parametric bootstrap
# 0.95 CI for kappa_S: [99.0749,210.066]
# 0.99 CI for kappa_S: [85.2491,236.73]


# The data
# κ_Fura  τ   τ_SE
52.9737 1.86444 0.136466
134.423 2.63523 0.129955
205.127 3.17859 0.149099
288.468 4.09915 0.239297
328.476 4.45326 0.222276


# The fitted data
# Preticted values with lower and upper bounds of 0.95 CI
# κ_Fura  τ   τ_lwr  τ_upr
-183.202 -0.338244 -0.890266 0.213777
-181.09 -0.318637 -0.8675 0.230227
-178.978 -0.299029 -0.844735 0.246677
-176.865 -0.279421 -0.821972 0.263129
-174.753 -0.259814 -0.79921 0.279582
-172.64 -0.240206 -0.776449 0.296037
-170.528 -0.220599 -0.75369 0.312493
-168.416 -0.200991 -0.730932 0.32895
-166.303 -0.181383 -0.708176 0.345409
-164.191 -0.161776 -0.685421 0.361869
-162.078 -0.142168 -0.662667 0.378331
-159.966 -0.122561 -0.639915 0.394794
-157.854 -0.102953 -0.617165 0.411258
-155.741 -0.0833455 -0.594416 0.427725
-153.629 -0.0637379 -0.571668 0.444192
-151.516 -0.0441303 -0.548922 0.460662
-149.404 -0.0245227 -0.526178 0.477133
-147.291 -0.00491508 -0.503435 0.493605
-145.179 0.0146925 -0.480695 0.51008
-143.067 0.0343001 -0.457955 0.526556
-140.954 0.0539077 -0.435218 0.543033
-138.842 0.0735153 -0.412482 0.559513
-136.729 0.0931229 -0.389749 0.575994
-134.617 0.11273 -0.367017 0.592478
-132.505 0.132338 -0.344287 0.608963
-130.392 0.151946 -0.321558 0.62545
-128.28 0.171553 -0.298832 0.641939
-126.167 0.191161 -0.276108 0.65843
-124.055 0.210768 -0.253386 0.674923
-121.943 0.230376 -0.230666 0.691418
-119.83 0.249984 -0.207948 0.707916
-117.718 0.269591 -0.185233 0.724415
-115.605 0.289199 -0.162519 0.740917
-113.493 0.308806 -0.139808 0.757421
-111.381 0.328414 -0.117099 0.773927
-109.268 0.348022 -0.0943929 0.790436
-107.156 0.367629 -0.0716889 0.806947
-105.043 0.387237 -0.0489873 0.823461
-102.931 0.406844 -0.0262883 0.839977
-100.818 0.426452 -0.00359179 0.856496
-98.706 0.44606 0.019102 0.873017
-96.5936 0.465667 0.0417932 0.889541
-94.4812 0.485275 0.0644816 0.906068
-92.3688 0.504882 0.0871671 0.922598
-90.2564 0.52449 0.10985 0.93913
-88.144 0.544098 0.13253 0.955666
-86.0316 0.563705 0.155206 0.972204
-83.9192 0.583313 0.17788 0.988746
-81.8068 0.60292 0.200551 1.00529
-79.6944 0.622528 0.223218 1.02184
-77.582 0.642136 0.245882 1.03839
-75.4695 0.661743 0.268543 1.05494
-73.3571 0.681351 0.2912 1.0715
-71.2447 0.700958 0.313854 1.08806
-69.1323 0.720566 0.336504 1.10463
-67.0199 0.740174 0.35915 1.1212
-64.9075 0.759781 0.381793 1.13777
-62.7951 0.779389 0.404431 1.15435
-60.6827 0.798996 0.427066 1.17093
-58.5703 0.818604 0.449697 1.18751
-56.4579 0.838212 0.472323 1.2041
-54.3454 0.857819 0.494945 1.22069
-52.233 0.877427 0.517563 1.23729
-50.1206 0.897034 0.540177 1.25389
-48.0082 0.916642 0.562785 1.2705
-45.8958 0.93625 0.585389 1.28711
-43.7834 0.955857 0.607989 1.30373
-41.671 0.975465 0.630583 1.32035
-39.5586 0.995072 0.653172 1.33697
-37.4462 1.01468 0.675756 1.3536
-35.3338 1.03429 0.698334 1.37024
-33.2213 1.0539 0.720907 1.38688
-31.1089 1.0735 0.743474 1.40353
-28.9965 1.09311 0.766036 1.42018
-26.8841 1.11272 0.788591 1.43684
-24.7717 1.13233 0.81114 1.45351
-22.6593 1.15193 0.833683 1.47018
-20.5469 1.17154 0.85622 1.48686
-18.4345 1.19115 0.87875 1.50355
-16.3221 1.21076 0.901273 1.52024
-14.2097 1.23036 0.923788 1.53694
-12.0973 1.24997 0.946297 1.55365
-9.98484 1.26958 0.968798 1.57036
-7.87243 1.28919 0.991291 1.58708
-5.76002 1.30879 1.01378 1.60381
-3.64761 1.3284 1.03625 1.62055
-1.5352 1.34801 1.05872 1.6373
0.577205 1.36762 1.08118 1.65405
2.68961 1.38722 1.10363 1.67081
4.80202 1.40683 1.12608 1.68759
6.91443 1.42644 1.14851 1.70437
9.02684 1.44605 1.17093 1.72116
11.1393 1.46565 1.19335 1.73796
13.2517 1.48526 1.21575 1.75478
15.3641 1.50487 1.23814 1.7716
17.4765 1.52448 1.26052 1.78843
19.5889 1.54409 1.28289 1.80528
21.7013 1.56369 1.30525 1.82214
23.8137 1.5833 1.32759 1.83901
25.9261 1.60291 1.34993 1.85589
28.0385 1.62252 1.37225 1.87279
30.1509 1.64212 1.39455 1.88969
32.2633 1.66173 1.41685 1.90662
34.3758 1.68134 1.43912 1.92355
36.4882 1.70095 1.46139 1.9405
38.6006 1.72055 1.48364 1.95747
40.713 1.74016 1.50587 1.97445
42.8254 1.75977 1.52809 1.99145
44.9378 1.77938 1.55029 2.00847
47.0502 1.79898 1.57247 2.0255
49.1626 1.81859 1.59463 2.04255
51.275 1.8382 1.61678 2.05962
53.3874 1.85781 1.6389 2.07671
55.4999 1.87741 1.66101 2.09382
57.6123 1.89702 1.6831 2.11095
59.7247 1.91663 1.70516 2.1281
61.8371 1.93624 1.7272 2.14527
63.9495 1.95584 1.74922 2.16247
66.0619 1.97545 1.77122 2.17969
68.1743 1.99506 1.79319 2.19693
70.2867 2.01467 1.81513 2.2142
72.3991 2.03427 1.83705 2.2315
74.5115 2.05388 1.85894 2.24882
76.624 2.07349 1.88081 2.26617
78.7364 2.0931 1.90264 2.28355
80.8488 2.11271 1.92444 2.30097
82.9612 2.13231 1.94622 2.31841
85.0736 2.15192 1.96796 2.33588
87.186 2.17153 1.98966 2.35339
89.2984 2.19114 2.01133 2.37094
91.4108 2.21074 2.03297 2.38852
93.5232 2.23035 2.05457 2.40613
95.6356 2.24996 2.07613 2.42379
97.748 2.26957 2.09765 2.44149
99.8605 2.28917 2.11913 2.45922
101.973 2.30878 2.14056 2.477
104.085 2.32839 2.16195 2.49483
106.198 2.348 2.1833 2.51269
108.31 2.3676 2.2046 2.53061
110.423 2.38721 2.22585 2.54857
112.535 2.40682 2.24705 2.56659
114.647 2.42643 2.2682 2.58465
116.76 2.44603 2.2893 2.60277
118.872 2.46564 2.31034 2.62094
120.985 2.48525 2.33133 2.63917
123.097 2.50486 2.35226 2.65746
125.209 2.52446 2.37313 2.6758
127.322 2.54407 2.39394 2.69421
129.434 2.56368 2.41468 2.71268
131.547 2.58329 2.43537 2.73121
133.659 2.6029 2.45599 2.7498
135.771 2.6225 2.47654 2.76846
137.884 2.64211 2.49703 2.78719
139.996 2.66172 2.51745 2.80599
142.109 2.68133 2.53779 2.82486
144.221 2.70093 2.55807 2.84379
146.333 2.72054 2.57828 2.8628
148.446 2.74015 2.59841 2.88189
150.558 2.75976 2.61847 2.90104
152.671 2.77936 2.63845 2.92027
154.783 2.79897 2.65836 2.93958
156.896 2.81858 2.6782 2.95896
159.008 2.83819 2.69796 2.97842
161.12 2.85779 2.71764 2.99795
163.233 2.8774 2.73725 3.01756
165.345 2.89701 2.75678 3.03724
167.458 2.91662 2.77623 3.057
169.57 2.93622 2.79561 3.07684
171.682 2.95583 2.81492 3.09675
173.795 2.97544 2.83415 3.11673
175.907 2.99505 2.8533 3.13679
178.02 3.01465 2.87238 3.15693
180.132 3.03426 2.89139 3.17714
182.244 3.05387 2.91033 3.19741
184.357 3.07348 2.92919 3.21776
186.469 3.09309 2.94799 3.23818
188.582 3.11269 2.96672 3.25867
190.694 3.1323 2.98538 3.27923
192.806 3.15191 3.00397 3.29985
194.919 3.17152 3.0225 3.32053
197.031 3.19112 3.04097 3.34128
199.144 3.21073 3.05937 3.36209
201.256 3.23034 3.07771 3.38296
203.369 3.24995 3.096 3.40389
205.481 3.26955 3.11423 3.42488
207.593 3.28916 3.1324 3.44592
209.706 3.30877 3.15051 3.46702
211.818 3.32838 3.16858 3.48817
213.931 3.34798 3.18659 3.50938
216.043 3.36759 3.20456 3.53063
218.155 3.3872 3.22247 3.55193
220.268 3.40681 3.24034 3.57328
222.38 3.42641 3.25816 3.59467
224.493 3.44602 3.27594 3.6161
226.605 3.46563 3.29368 3.63758
228.717 3.48524 3.31137 3.6591
230.83 3.50484 3.32903 3.68066
232.942 3.52445 3.34664 3.70226
235.055 3.54406 3.36422 3.7239
237.167 3.56367 3.38176 3.74557
239.279 3.58328 3.39927 3.76728
241.392 3.60288 3.41675 3.78902
243.504 3.62249 3.43419 3.81079
245.617 3.6421 3.4516 3.8326
247.729 3.66171 3.46898 3.85443
249.842 3.68131 3.48633 3.87629
251.954 3.70092 3.50366 3.89819
254.066 3.72053 3.52095 3.92011
256.179 3.74014 3.53822 3.94205
258.291 3.75974 3.55546 3.96402
260.404 3.77935 3.57268 3.98602
262.516 3.79896 3.58988 4.00804
264.628 3.81857 3.60705 4.03008
266.741 3.83817 3.6242 4.05215
268.853 3.85778 3.64133 4.07423
270.966 3.87739 3.65844 4.09634
273.078 3.897 3.67553 4.11846
275.19 3.9166 3.6926 4.14061
277.303 3.93621 3.70965 4.16278
279.415 3.95582 3.72668 4.18496
281.528 3.97543 3.7437 4.20716
283.64 3.99503 3.76069 4.22937
285.753 4.01464 3.77768 4.25161
287.865 4.03425 3.79464 4.27386
289.977 4.05386 3.81159 4.29612
292.09 4.07346 3.82853 4.3184
294.202 4.09307 3.84545 4.34069
296.315 4.11268 3.86236 4.363
298.427 4.13229 3.87926 4.38532
300.539 4.1519 3.89614 4.40765
302.652 4.1715 3.91301 4.43
304.764 4.19111 3.92986 4.45236
306.877 4.21072 3.94671 4.47473
308.989 4.23033 3.96354 4.49711
311.101 4.24993 3.98037 4.5195
313.214 4.26954 3.99718 4.5419
315.326 4.28915 4.01398 4.56431
317.439 4.30876 4.03077 4.58674
319.551 4.32836 4.04756 4.60917
321.663 4.34797 4.06433 4.63161
323.776 4.36758 4.08109 4.65406
325.888 4.38719 4.09785 4.67652
328.001 4.40679 4.11459 4.69899
330.113 4.4264 4.13133 4.72147
332.226 4.44601 4.14806 4.74396
334.338 4.46562 4.16478 4.76645
336.45 4.48522 4.1815 4.78895
338.563 4.50483 4.1982 4.81146
340.675 4.52444 4.2149 4.83398
342.788 4.54405 4.2316 4.8565
