# Data from DA_130523_E1.h5 stim 1
# Ratiometric estimator mono-exponential fit
# Fitted model Ca = baseline+delta*exp(-(t-t0)/tau)
# nobs = 180
# number of degrees of freedom = 177
# baseline length = 7
# fit started from point 27
# estimated baseline 0.151297 and standard error 0.00121249
# estimated delta 0.0898766 and standard error 0.00708778
# estimated tau 1.96137 and standard error 0.225125
# residual sum of squares: 185.595
# RSS per degree of freedom: 1.04856
# Probability of observing a larger of equal RSS per DOF under the null hypothesis: 0.313867

# rss per degree of freedom: 1.04856

# Time    Ca  Prediction  Residual
2245.01 0.172886 0.151297 1.6181
2245.11 0.188361 0.151297 2.62808
2245.21 0.1681 0.151297 1.27038
2245.31 0.171549 0.151297 1.52296
2245.41 0.144183 0.151297 -0.595515
2245.51 0.162349 0.151297 0.857729
2245.61 0.146057 0.151297 -0.448755

2247.71 0.261449 0.241173 1.0346
2247.81 0.241521 0.236706 0.264426
2247.91 0.22548 0.23246 -0.41186
2248.01 0.251299 0.228426 1.22878
2248.11 0.210223 0.224592 -0.909073
2248.21 0.225241 0.220949 0.256729
2248.31 0.198175 0.217487 -1.30315
2248.41 0.209808 0.214197 -0.280115
2248.51 0.19584 0.21107 -1.036
2248.61 0.208136 0.208099 0.0023509
2248.71 0.206064 0.205276 0.05004
2248.81 0.226415 0.202592 1.44882
2248.91 0.200134 0.200043 0.00614659
2249.01 0.207667 0.19762 0.650203
2249.11 0.180728 0.195317 -1.04068
2249.21 0.179356 0.193129 -0.978501
2249.31 0.191503 0.19105 0.0320789
2249.41 0.188877 0.189074 -0.013909
2249.51 0.191863 0.187196 0.322747
2249.61 0.190669 0.185411 0.368015
2249.71 0.196429 0.183716 0.903862
2249.81 0.193436 0.182104 0.798451
2249.91 0.173046 0.180573 -0.559983
2250.01 0.17297 0.179118 -0.449449
2250.11 0.187851 0.177735 0.723694
2250.21 0.181985 0.176421 0.399663
2250.31 0.176598 0.175172 0.10363
2250.41 0.190956 0.173985 1.15963
2250.51 0.181878 0.172857 0.661842
2250.61 0.159196 0.171786 -1.01074
2250.71 0.151318 0.170767 -1.6366
2250.81 0.170469 0.169799 0.0518887
2250.91 0.149281 0.16888 -1.63333
2251.01 0.184305 0.168006 1.1549
2251.11 0.152962 0.167175 -1.16848
2251.21 0.156298 0.166386 -0.812441
2251.31 0.176828 0.165636 0.843624
2251.41 0.157493 0.164923 -0.610861
2251.51 0.200064 0.164246 2.43948
2251.61 0.166308 0.163602 0.211627
2251.71 0.175655 0.16299 0.974141
2251.81 0.164902 0.162409 0.192
2251.91 0.166187 0.161857 0.340546
2252.01 0.158706 0.161332 -0.214262
2252.11 0.167363 0.160833 0.52035
2252.21 0.154809 0.160359 -0.448326
2252.31 0.15161 0.159909 -0.666797
2252.41 0.146172 0.159481 -1.09793
2252.51 0.171123 0.159074 0.904829
2252.61 0.159837 0.158687 0.0947019
2252.71 0.181614 0.15832 1.7271
2252.81 0.145263 0.157971 -1.07589
2252.91 0.162369 0.157639 0.372506
2253.01 0.177854 0.157324 1.49957
2253.11 0.179576 0.157024 1.62692
2253.21 0.142472 0.15674 -1.20563
2253.31 0.13251 0.156469 -2.14442
2253.41 0.17135 0.156212 1.15522
2253.51 0.166464 0.155968 0.832094
2253.61 0.146647 0.155735 -0.74851
2253.71 0.148944 0.155515 -0.559717
2253.81 0.180789 0.155305 1.90073
2253.91 0.146646 0.155106 -0.704926
2254.01 0.166402 0.154917 0.884752
2254.11 0.175075 0.154737 1.53124
2254.21 0.15408 0.154566 -0.0399928
2254.31 0.152836 0.154403 -0.12795
2254.41 0.159949 0.154249 0.458138
2254.51 0.156214 0.154102 0.171663
2254.61 0.141816 0.153963 -1.02611
2254.71 0.1629 0.15383 0.746689
2254.81 0.139099 0.153704 -1.26322
2254.91 0.158657 0.153584 0.410858
2255.01 0.157994 0.153471 0.364188
2255.11 0.159963 0.153363 0.528893
2255.21 0.164383 0.15326 0.849076
2255.31 0.162642 0.153162 0.757051
2255.41 0.136435 0.15307 -1.44117
2255.51 0.164646 0.152982 0.918513
2255.61 0.146771 0.152898 -0.526632
2255.71 0.148294 0.152818 -0.378351
2255.81 0.153089 0.152743 0.0284329
2255.91 0.173307 0.152671 1.53597
2256.01 0.144195 0.152602 -0.731701
2256.11 0.145974 0.152538 -0.567537
2256.21 0.158219 0.152476 0.43886
2256.31 0.138695 0.152417 -1.20713
2256.41 0.150997 0.152362 -0.113026
2256.51 0.141107 0.152309 -0.978816
2256.61 0.1246 0.152258 -2.54886
2256.71 0.153559 0.152211 0.108889
2256.81 0.171892 0.152165 1.49293
2256.91 0.132202 0.152122 -1.76332
2257.01 0.157361 0.152081 0.429362
2257.11 0.136427 0.152042 -1.37672
2257.21 0.143804 0.152005 -0.680974
2257.31 0.143261 0.15197 -0.738151
2257.41 0.144533 0.151936 -0.637268
2257.51 0.132743 0.151905 -1.7483
2257.61 0.166724 0.151874 1.12985
2257.71 0.145311 0.151846 -0.567555
2257.81 0.14172 0.151818 -0.90028
2257.91 0.150681 0.151792 -0.0934404
2258.01 0.143399 0.151768 -0.700367
2258.11 0.157612 0.151744 0.473829
2258.21 0.145366 0.151722 -0.544534
2258.31 0.15282 0.151701 0.0924684
2258.41 0.159741 0.151681 0.638654
2258.51 0.152869 0.151662 0.100242
2258.61 0.14379 0.151644 -0.697419
2258.71 0.163145 0.151626 0.921646
2258.81 0.159725 0.15161 0.66197
2258.91 0.128276 0.151594 -2.15798
2259.01 0.151983 0.15158 0.0336572
2259.11 0.161409 0.151566 0.825331
2259.21 0.150544 0.151552 -0.0814582
2259.31 0.145456 0.15154 -0.5261
2259.41 0.142314 0.151527 -0.77834
2259.51 0.169865 0.151516 1.43884
2259.61 0.171148 0.151505 1.52231
2259.71 0.137584 0.151495 -1.26342
2259.81 0.155916 0.151485 0.367693
2259.91 0.138512 0.151476 -1.1027
2260.01 0.167564 0.151467 1.25755
2260.11 0.152256 0.151458 0.0654902
2260.21 0.164343 0.15145 1.02566
2260.31 0.153681 0.151443 0.187625
2260.41 0.156582 0.151435 0.410656
2260.51 0.157111 0.151428 0.475374
2260.61 0.149563 0.151422 -0.156482
2260.71 0.156239 0.151416 0.387552
2260.81 0.14326 0.15141 -0.696536
2260.91 0.135171 0.151404 -1.45663
2261.01 0.153437 0.151399 0.170343
2261.11 0.156697 0.151394 0.435428
2261.21 0.162119 0.151389 0.838364
2261.31 0.146926 0.151384 -0.38226
2261.41 0.134247 0.15138 -1.55055
2261.51 0.137367 0.151376 -1.23949
2261.61 0.131708 0.151372 -1.79406
2261.71 0.148032 0.151368 -0.286797
2261.81 0.142854 0.151365 -0.74029
2261.91 0.158094 0.151361 0.542187
2262.01 0.171836 0.151358 1.5756
2262.11 0.153306 0.151355 0.161362
2262.21 0.153013 0.151352 0.140547
2262.31 0.165261 0.151349 1.09189
2262.41 0.154933 0.151347 0.290398
2262.51 0.17554 0.151344 1.80692
2262.61 0.134385 0.151342 -1.52149
2262.71 0.160886 0.15134 0.773077
2262.81 0.160305 0.151338 0.729837
2262.91 0.145088 0.151336 -0.535123
2263.01 0.177919 0.151334 1.9862
2263.11 0.145048 0.151332 -0.54746
2263.21 0.13084 0.15133 -1.86938
2263.31 0.171137 0.151328 1.46984
2263.41 0.154123 0.151327 0.226039
2263.51 0.128236 0.151325 -2.11096
2263.61 0.171831 0.151324 1.56513
2263.71 0.139708 0.151323 -1.01639
2263.81 0.158629 0.151321 0.5959
2263.91 0.166861 0.15132 1.22692
2264.01 0.158067 0.151319 0.553745
2264.11 0.138883 0.151318 -1.09626
2264.21 0.165962 0.151317 1.12792
2264.31 0.174521 0.151316 1.75706
2264.41 0.160429 0.151315 0.721716
2264.51 0.147642 0.151314 -0.312219
2264.61 0.154636 0.151313 0.270284
2264.71 0.160591 0.151312 0.756967
2264.81 0.15574 0.151312 0.358959
2264.91 0.129978 0.151311 -1.95858
