# τ vs max κ linear regression for data set DA_130523_E1.h5
# Using stimulation: 1, 3, 4, 5
# Best fit: tau = 1.33316 + 0.010384 kappa_Fura
# Covariance matrix:
# [ +8.06431e-02, -6.79571e-04  
#   -6.79571e-04, +6.20513e-06  ]
# Total sum of squares (TSS) = 23.9552
# chisq (Residual sum of squares, RSS) = 6.57819
# Probability of observing a larger of equal RSS per DOF under the null hypothesis: 0.0372875
# R squared (1-RSS/TSS) = 0.725396
# Estimated gamma/v with standard error: 96.3023 +/- 23.102
# Estimates kappa_S with standard error (using error propagation): 127.386 +/- 41.1879
# kappa_S confidence intervals based on parametric bootstrap
# 0.95 CI for kappa_S: [50.085,330.252]
# 0.99 CI for kappa_S: [34.3743,494.256]


# The data
# κ_Fura  τ   τ_SE
41.7306 1.96137 0.225125
98.6177 2.30649 0.125881
126.853 2.44051 0.141435
150.916 3.25206 0.189013


# The fitted data
# Preticted values with lower and upper bounds of 0.95 CI
# κ_Fura  τ   τ_lwr  τ_upr
-160.233 -0.330694 -1.65675 0.995368
-158.958 -0.317456 -1.63734 1.00242
-157.683 -0.304219 -1.61792 1.00948
-156.408 -0.290982 -1.5985 1.01654
-155.134 -0.277745 -1.57908 1.02359
-153.859 -0.264507 -1.55967 1.03065
-152.584 -0.25127 -1.54025 1.03771
-151.309 -0.238033 -1.52083 1.04477
-150.035 -0.224796 -1.50142 1.05183
-148.76 -0.211558 -1.482 1.05889
-147.485 -0.198321 -1.46259 1.06595
-146.21 -0.185084 -1.44317 1.07301
-144.935 -0.171847 -1.42376 1.08007
-143.661 -0.15861 -1.40435 1.08713
-142.386 -0.145372 -1.38493 1.09419
-141.111 -0.132135 -1.36552 1.10125
-139.836 -0.118898 -1.34611 1.10831
-138.562 -0.105661 -1.3267 1.11538
-137.287 -0.0924233 -1.30729 1.12244
-136.012 -0.0791861 -1.28788 1.1295
-134.737 -0.0659489 -1.26847 1.13657
-133.462 -0.0527116 -1.24906 1.14363
-132.188 -0.0394744 -1.22965 1.1507
-130.913 -0.0262371 -1.21024 1.15777
-129.638 -0.0129999 -1.19083 1.16483
-128.363 0.000237325 -1.17143 1.1719
-127.089 0.0134746 -1.15202 1.17897
-125.814 0.0267118 -1.13261 1.18604
-124.539 0.039949 -1.11321 1.19311
-123.264 0.0531863 -1.0938 1.20018
-121.989 0.0664235 -1.0744 1.20725
-120.715 0.0796607 -1.055 1.21432
-119.44 0.092898 -1.03559 1.22139
-118.165 0.106135 -1.01619 1.22846
-116.89 0.119372 -0.99679 1.23553
-115.616 0.13261 -0.977389 1.24261
-114.341 0.145847 -0.957988 1.24968
-113.066 0.159084 -0.938589 1.25676
-111.791 0.172321 -0.91919 1.26383
-110.516 0.185559 -0.899792 1.27091
-109.242 0.198796 -0.880395 1.27799
-107.967 0.212033 -0.860998 1.28506
-106.692 0.22527 -0.841602 1.29214
-105.417 0.238508 -0.822207 1.29922
-104.143 0.251745 -0.802813 1.3063
-102.868 0.264982 -0.783419 1.31338
-101.593 0.278219 -0.764026 1.32046
-100.318 0.291457 -0.744634 1.32755
-99.0435 0.304694 -0.725243 1.33463
-97.7687 0.317931 -0.705853 1.34171
-96.4939 0.331168 -0.686464 1.3488
-95.2192 0.344405 -0.667075 1.35589
-93.9444 0.357643 -0.647687 1.36297
-92.6696 0.37088 -0.628301 1.37006
-91.3948 0.384117 -0.608915 1.37715
-90.1201 0.397354 -0.58953 1.38424
-88.8453 0.410592 -0.570146 1.39133
-87.5705 0.423829 -0.550763 1.39842
-86.2957 0.437066 -0.531381 1.40551
-85.021 0.450303 -0.512 1.41261
-83.7462 0.463541 -0.49262 1.4197
-82.4714 0.476778 -0.473242 1.4268
-81.1966 0.490015 -0.453864 1.43389
-79.9218 0.503252 -0.434487 1.44099
-78.6471 0.51649 -0.415112 1.44809
-77.3723 0.529727 -0.395738 1.45519
-76.0975 0.542964 -0.376364 1.46229
-74.8227 0.556201 -0.356992 1.46939
-73.548 0.569438 -0.337622 1.4765
-72.2732 0.582676 -0.318252 1.4836
-70.9984 0.595913 -0.298884 1.49071
-69.7236 0.60915 -0.279517 1.49782
-68.4489 0.622387 -0.260151 1.50493
-67.1741 0.635625 -0.240787 1.51204
-65.8993 0.648862 -0.221424 1.51915
-64.6245 0.662099 -0.202062 1.52626
-63.3498 0.675336 -0.182702 1.53337
-62.075 0.688574 -0.163344 1.54049
-60.8002 0.701811 -0.143986 1.54761
-59.5254 0.715048 -0.124631 1.55473
-58.2507 0.728285 -0.105277 1.56185
-56.9759 0.741523 -0.0859244 1.56897
-55.7011 0.75476 -0.0665735 1.57609
-54.4263 0.767997 -0.0472244 1.58322
-53.1515 0.781234 -0.027877 1.59035
-51.8768 0.794471 -0.00853126 1.59747
-50.602 0.807709 0.0108126 1.6046
-49.3272 0.820946 0.0301547 1.61174
-48.0524 0.834183 0.0494949 1.61887
-46.7777 0.84742 0.0688332 1.62601
-45.5029 0.860658 0.0881695 1.63315
-44.2281 0.873895 0.107504 1.64029
-42.9533 0.887132 0.126836 1.64743
-41.6786 0.900369 0.146166 1.65457
-40.4038 0.913607 0.165494 1.66172
-39.129 0.926844 0.18482 1.66887
-37.8542 0.940081 0.204144 1.67602
-36.5795 0.953318 0.223465 1.68317
-35.3047 0.966556 0.242784 1.69033
-34.0299 0.979793 0.2621 1.69749
-32.7551 0.99303 0.281414 1.70465
-31.4804 1.00627 0.300725 1.71181
-30.2056 1.0195 0.320034 1.71898
-28.9308 1.03274 0.33934 1.72614
-27.656 1.04598 0.358643 1.73331
-26.3812 1.05922 0.377943 1.74049
-25.1065 1.07245 0.397241 1.74767
-23.8317 1.08569 0.416535 1.75485
-22.5569 1.09893 0.435827 1.76203
-21.2821 1.11217 0.455115 1.76922
-20.0074 1.1254 0.4744 1.77641
-18.7326 1.13864 0.493681 1.7836
-17.4578 1.15188 0.512959 1.79079
-16.183 1.16511 0.532234 1.79799
-14.9083 1.17835 0.551505 1.8052
-13.6335 1.19159 0.570772 1.81241
-12.3587 1.20483 0.590035 1.81962
-11.0839 1.21806 0.609294 1.82683
-9.80916 1.2313 0.62855 1.83405
-8.53438 1.24454 0.6478 1.84127
-7.25961 1.25777 0.667047 1.8485
-5.98483 1.27101 0.686289 1.85573
-4.71005 1.28425 0.705527 1.86297
-3.43528 1.29749 0.724759 1.87021
-2.1605 1.31072 0.743987 1.87746
-0.885725 1.32396 0.76321 1.88471
0.389051 1.3372 0.782427 1.89197
1.66383 1.35044 0.801639 1.89923
2.9386 1.36367 0.820846 1.9065
4.21338 1.37691 0.840046 1.91377
5.48816 1.39015 0.859241 1.92105
6.76293 1.40338 0.878429 1.92834
8.03771 1.41662 0.897612 1.93563
9.31248 1.42986 0.916787 1.94293
10.5873 1.4431 0.935956 1.95024
11.862 1.45633 0.955117 1.95755
13.1368 1.46957 0.974271 1.96487
14.4116 1.48281 0.993418 1.9722
15.6864 1.49604 1.01256 1.97953
16.9611 1.50928 1.03169 1.98688
18.2359 1.52252 1.05081 1.99423
19.5107 1.53576 1.06992 2.00159
20.7855 1.54899 1.08903 2.00896
22.0602 1.56223 1.10812 2.01634
23.335 1.57547 1.12721 2.02373
24.6098 1.58871 1.14628 2.03113
25.8846 1.60194 1.16534 2.03854
27.1593 1.61518 1.1844 2.04596
28.4341 1.62842 1.20344 2.0534
29.7089 1.64165 1.22247 2.06084
30.9837 1.65489 1.24148 2.0683
32.2585 1.66813 1.26048 2.07577
33.5332 1.68137 1.27947 2.08326
34.808 1.6946 1.29845 2.09076
36.0828 1.70784 1.31741 2.09827
37.3576 1.72108 1.33636 2.1058
38.6323 1.73432 1.35528 2.11335
39.9071 1.74755 1.3742 2.12091
41.1819 1.76079 1.39309 2.12849
42.4567 1.77403 1.41196 2.13609
43.7314 1.78726 1.43082 2.14371
45.0062 1.8005 1.44966 2.15135
46.281 1.81374 1.46847 2.15901
47.5558 1.82698 1.48726 2.16669
48.8305 1.84021 1.50603 2.1744
50.1053 1.85345 1.52477 2.18213
51.3801 1.86669 1.54349 2.18989
52.6549 1.87992 1.56218 2.19767
53.9296 1.89316 1.58084 2.20549
55.2044 1.9064 1.59947 2.21333
56.4792 1.91964 1.61807 2.22121
57.754 1.93287 1.63663 2.22912
59.0288 1.94611 1.65516 2.23706
60.3035 1.95935 1.67365 2.24505
61.5783 1.97259 1.6921 2.25307
62.8531 1.98582 1.71051 2.26113
64.1279 1.99906 1.72888 2.26924
65.4026 2.0123 1.7472 2.2774
66.6774 2.02553 1.76546 2.2856
67.9522 2.03877 1.78368 2.29386
69.227 2.05201 1.80184 2.30218
70.5017 2.06525 1.81994 2.31055
71.7765 2.07848 1.83798 2.31899
73.0513 2.09172 1.85595 2.32749
74.3261 2.10496 1.87385 2.33606
75.6008 2.1182 1.89168 2.34471
76.8756 2.13143 1.90943 2.35344
78.1504 2.14467 1.92709 2.36225
79.4252 2.15791 1.94466 2.37115
80.6999 2.17114 1.96214 2.38015
81.9747 2.18438 1.97951 2.38925
83.2495 2.19762 1.99678 2.39846
84.5243 2.21086 2.01393 2.40778
85.7991 2.22409 2.03097 2.41722
87.0738 2.23733 2.04787 2.42679
88.3486 2.25057 2.06464 2.4365
89.6234 2.2638 2.08126 2.44635
90.8982 2.27704 2.09773 2.45635
92.1729 2.29028 2.11404 2.46651
93.4477 2.30352 2.13019 2.47685
94.7225 2.31675 2.14615 2.48736
95.9973 2.32999 2.16193 2.49805
97.272 2.34323 2.17751 2.50895
98.5468 2.35647 2.19289 2.52004
99.8216 2.3697 2.20806 2.53135
101.096 2.38294 2.22301 2.54287
102.371 2.39618 2.23773 2.55462
103.646 2.40941 2.25222 2.56661
104.921 2.42265 2.26647 2.57883
106.195 2.43589 2.28048 2.59129
107.47 2.44913 2.29425 2.604
108.745 2.46236 2.30776 2.61697
110.02 2.4756 2.32102 2.63018
111.295 2.48884 2.33404 2.64364
112.569 2.50207 2.3468 2.65735
113.844 2.51531 2.35932 2.67131
115.119 2.52855 2.37159 2.68551
116.394 2.54179 2.38363 2.69995
117.668 2.55502 2.39543 2.71462
118.943 2.56826 2.407 2.72952
120.218 2.5815 2.41835 2.74465
121.493 2.59474 2.42949 2.75998
122.768 2.60797 2.44042 2.77552
124.042 2.62121 2.45116 2.79126
125.317 2.63445 2.46171 2.80718
126.592 2.64768 2.47208 2.82329
127.867 2.66092 2.48228 2.83957
129.141 2.67416 2.49231 2.856
130.416 2.6874 2.5022 2.8726
131.691 2.70063 2.51193 2.88933
132.966 2.71387 2.52153 2.90621
134.241 2.72711 2.531 2.92321
135.515 2.74035 2.54035 2.94034
136.79 2.75358 2.54958 2.95759
138.065 2.76682 2.5587 2.97494
139.34 2.78006 2.56772 2.9924
140.614 2.79329 2.57664 3.00995
141.889 2.80653 2.58547 3.02759
143.164 2.81977 2.59422 3.04532
144.439 2.83301 2.60288 3.06313
145.714 2.84624 2.61147 3.08102
146.988 2.85948 2.61999 3.09897
148.263 2.87272 2.62844 3.117
149.538 2.88595 2.63682 3.13509
150.813 2.89919 2.64515 3.15323
152.087 2.91243 2.65342 3.17144
153.362 2.92567 2.66164 3.1897
154.637 2.9389 2.6698 3.208
155.912 2.95214 2.67792 3.22636
157.187 2.96538 2.686 3.24476
