# τ vs mean κ linear regression for data set DA_130523_E1.h5
# Using stimulation: 1, 3, 4, 5
# Best fit: tau = 1.34211 + 0.0107074 kappa_Fura
# Covariance matrix:
# [ +7.82499e-02, -6.83584e-04  
#   -6.83584e-04, +6.48723e-06  ]
# Total sum of squares (TSS) = 23.9552
# chisq (Residual sum of squares, RSS) = 6.28234
# Probability of observing a larger of equal RSS per DOF under the null hypothesis: 0.0432322
# R squared (1-RSS/TSS) = 0.737747
# Estimated gamma/v with standard error: 93.3935 +/- 22.2158
# Estimates kappa_S with standard error (using error propagation): 124.344 +/- 39.6424
# kappa_S confidence intervals based on parametric bootstrap
# 0.95 CI for kappa_S: [49.6866,327.22]
# 0.99 CI for kappa_S: [36.3801,522.358]


# The data
# κ_Fura  τ   τ_SE
39.1099 1.96137 0.225125
94.9673 2.30649 0.125881
121.592 2.44051 0.141435
146.58 3.25206 0.189013


# The fitted data
# Preticted values with lower and upper bounds of 0.95 CI
# κ_Fura  τ   τ_lwr  τ_upr
-156.43 -0.33285 -1.64892 0.983215
-155.189 -0.319558 -1.62947 0.990353
-153.947 -0.306267 -1.61002 0.997491
-152.706 -0.292975 -1.59058 1.00463
-151.465 -0.279683 -1.57114 1.01177
-150.223 -0.266392 -1.55169 1.01891
-148.982 -0.2531 -1.53225 1.02605
-147.741 -0.239808 -1.5128 1.03319
-146.499 -0.226516 -1.49336 1.04033
-145.258 -0.213225 -1.47392 1.04747
-144.017 -0.199933 -1.45448 1.05461
-142.775 -0.186641 -1.43504 1.06175
-141.534 -0.17335 -1.4156 1.0689
-140.292 -0.160058 -1.39616 1.07604
-139.051 -0.146766 -1.37672 1.08318
-137.81 -0.133475 -1.35728 1.09033
-136.568 -0.120183 -1.33784 1.09747
-135.327 -0.106891 -1.3184 1.10462
-134.086 -0.0935994 -1.29896 1.11176
-132.844 -0.0803077 -1.27952 1.11891
-131.603 -0.067016 -1.26009 1.12606
-130.362 -0.0537243 -1.24065 1.1332
-129.12 -0.0404325 -1.22122 1.14035
-127.879 -0.0271408 -1.20178 1.1475
-126.638 -0.0138491 -1.18235 1.15465
-125.396 -0.000557423 -1.16291 1.1618
-124.155 0.0127343 -1.14348 1.16895
-122.913 0.026026 -1.12405 1.1761
-121.672 0.0393177 -1.10461 1.18325
-120.431 0.0526094 -1.08518 1.1904
-119.189 0.0659011 -1.06575 1.19755
-117.948 0.0791928 -1.04632 1.20471
-116.707 0.0924845 -1.02689 1.21186
-115.465 0.105776 -1.00746 1.21901
-114.224 0.119068 -0.988033 1.22617
-112.983 0.13236 -0.968606 1.23332
-111.741 0.145651 -0.949179 1.24048
-110.5 0.158943 -0.929752 1.24764
-109.258 0.172235 -0.910327 1.2548
-108.017 0.185526 -0.890902 1.26195
-106.776 0.198818 -0.871478 1.26911
-105.534 0.21211 -0.852054 1.27627
-104.293 0.225402 -0.832632 1.28343
-103.052 0.238693 -0.81321 1.2906
-101.81 0.251985 -0.793789 1.29776
-100.569 0.265277 -0.774368 1.30492
-99.3276 0.278568 -0.754949 1.31209
-98.0863 0.29186 -0.73553 1.31925
-96.8449 0.305152 -0.716112 1.32642
-95.6035 0.318444 -0.696696 1.33358
-94.3622 0.331735 -0.677279 1.34075
-93.1208 0.345027 -0.657864 1.34792
-91.8795 0.358319 -0.63845 1.35509
-90.6381 0.37161 -0.619037 1.36226
-89.3968 0.384902 -0.599624 1.36943
-88.1554 0.398194 -0.580213 1.3766
-86.914 0.411486 -0.560803 1.38377
-85.6727 0.424777 -0.541393 1.39095
-84.4313 0.438069 -0.521985 1.39812
-83.19 0.451361 -0.502577 1.4053
-81.9486 0.464652 -0.483171 1.41248
-80.7072 0.477944 -0.463766 1.41965
-79.4659 0.491236 -0.444362 1.42683
-78.2245 0.504528 -0.424959 1.43401
-76.9832 0.517819 -0.405557 1.4412
-75.7418 0.531111 -0.386156 1.44838
-74.5005 0.544403 -0.366756 1.45556
-73.2591 0.557694 -0.347358 1.46275
-72.0177 0.570986 -0.327961 1.46993
-70.7764 0.584278 -0.308565 1.47712
-69.535 0.597569 -0.289171 1.48431
-68.2937 0.610861 -0.269777 1.4915
-67.0523 0.624153 -0.250386 1.49869
-65.8109 0.637445 -0.230995 1.50588
-64.5696 0.650736 -0.211606 1.51308
-63.3282 0.664028 -0.192218 1.52027
-62.0869 0.67732 -0.172832 1.52747
-60.8455 0.690611 -0.153447 1.53467
-59.6042 0.703903 -0.134064 1.54187
-58.3628 0.717195 -0.114683 1.54907
-57.1214 0.730487 -0.0953026 1.55628
-55.8801 0.743778 -0.0759242 1.56348
-54.6387 0.75707 -0.0565475 1.57069
-53.3974 0.770362 -0.0371724 1.5779
-52.156 0.783653 -0.0177991 1.58511
-50.9146 0.796945 0.00157237 1.59232
-49.6733 0.810237 0.0209421 1.59953
-48.4319 0.823529 0.0403099 1.60675
-47.1906 0.83682 0.0596758 1.61396
-45.9492 0.850112 0.0790397 1.62118
-44.7078 0.863404 0.0984017 1.62841
-43.4665 0.876695 0.117762 1.63563
-42.2251 0.889987 0.137119 1.64285
-40.9838 0.903279 0.156475 1.65008
-39.7424 0.91657 0.175829 1.65731
-38.5011 0.929862 0.19518 1.66454
-37.2597 0.943154 0.214529 1.67178
-36.0183 0.956446 0.233875 1.67902
-34.777 0.969737 0.253219 1.68626
-33.5356 0.983029 0.272561 1.6935
-32.2943 0.996321 0.2919 1.70074
-31.0529 1.00961 0.311236 1.70799
-29.8115 1.0229 0.33057 1.71524
-28.5702 1.0362 0.349901 1.72249
-27.3288 1.04949 0.369229 1.72975
-26.0875 1.06278 0.388554 1.737
-24.8461 1.07607 0.407876 1.74427
-23.6048 1.08936 0.427196 1.75153
-22.3634 1.10265 0.446511 1.7588
-21.122 1.11595 0.465824 1.76607
-19.8807 1.12924 0.485134 1.77334
-18.6393 1.14253 0.50444 1.78062
-17.398 1.15582 0.523742 1.7879
-16.1566 1.16911 0.543041 1.79519
-14.9152 1.1824 0.562336 1.80247
-13.6739 1.1957 0.581627 1.80977
-12.4325 1.20899 0.600914 1.81706
-11.1912 1.22228 0.620197 1.82436
-9.94981 1.23557 0.639476 1.83167
-8.70845 1.24886 0.658751 1.83898
-7.46709 1.26215 0.678021 1.84629
-6.22573 1.27545 0.697287 1.85361
-4.98437 1.28874 0.716547 1.86093
-3.74302 1.30203 0.735803 1.86826
-2.50166 1.31532 0.755054 1.87559
-1.2603 1.32861 0.7743 1.88293
-0.0189396 1.34191 0.79354 1.89027
1.22242 1.3552 0.812775 1.89762
2.46378 1.36849 0.832004 1.90497
3.70514 1.38178 0.851227 1.91233
4.94649 1.39507 0.870444 1.9197
6.18785 1.40836 0.889654 1.92707
7.42921 1.42166 0.908858 1.93445
8.67057 1.43495 0.928055 1.94184
9.91193 1.44824 0.947245 1.94923
11.1533 1.46153 0.966428 1.95663
12.3946 1.47482 0.985603 1.96404
13.636 1.48811 1.00477 1.97146
14.8774 1.50141 1.02393 1.97888
16.1187 1.5147 1.04308 1.98631
17.3601 1.52799 1.06222 1.99376
18.6014 1.54128 1.08136 2.00121
19.8428 1.55457 1.10048 2.00867
21.0842 1.56786 1.11959 2.01614
22.3255 1.58116 1.1387 2.02362
23.5669 1.59445 1.15779 2.03111
24.8082 1.60774 1.17687 2.03861
26.0496 1.62103 1.19594 2.04612
27.2909 1.63432 1.215 2.05364
28.5323 1.64761 1.23405 2.06118
29.7737 1.66091 1.25308 2.06873
31.015 1.6742 1.2721 2.0763
32.2564 1.68749 1.29111 2.08387
33.4977 1.70078 1.3101 2.09147
34.7391 1.71407 1.32907 2.09907
35.9805 1.72736 1.34803 2.1067
37.2218 1.74066 1.36697 2.11434
38.4632 1.75395 1.3859 2.122
39.7045 1.76724 1.4048 2.12968
40.9459 1.78053 1.42369 2.13737
42.1873 1.79382 1.44256 2.14509
43.4286 1.80711 1.4614 2.15283
44.67 1.82041 1.48023 2.16059
45.9113 1.8337 1.49903 2.16837
47.1527 1.84699 1.5178 2.17618
48.394 1.86028 1.53655 2.18401
49.6354 1.87357 1.55528 2.19187
50.8768 1.88687 1.57397 2.19976
52.1181 1.90016 1.59264 2.20768
53.3595 1.91345 1.61127 2.21563
54.6008 1.92674 1.62987 2.22361
55.8422 1.94003 1.64843 2.23163
57.0836 1.95332 1.66696 2.23968
58.3249 1.96662 1.68545 2.24778
59.5663 1.97991 1.7039 2.25592
60.8076 1.9932 1.7223 2.2641
62.049 2.00649 1.74066 2.27232
63.2903 2.01978 1.75897 2.2806
64.5317 2.03307 1.77723 2.28892
65.7731 2.04637 1.79543 2.2973
67.0144 2.05966 1.81357 2.30574
68.2558 2.07295 1.83166 2.31424
69.4971 2.08624 1.84967 2.32281
70.7385 2.09953 1.86762 2.33144
71.9799 2.11282 1.88549 2.34015
73.2212 2.12612 1.90329 2.34894
74.4626 2.13941 1.921 2.35781
75.7039 2.1527 1.93863 2.36677
76.9453 2.16599 1.95616 2.37582
78.1866 2.17928 1.97359 2.38497
79.428 2.19257 1.99092 2.39423
80.6694 2.20587 2.00814 2.4036
81.9107 2.21916 2.02523 2.41308
83.1521 2.23245 2.0422 2.4227
84.3934 2.24574 2.05904 2.43244
85.6348 2.25903 2.07574 2.44233
86.8762 2.27232 2.09228 2.45237
88.1175 2.28562 2.10867 2.46256
89.3589 2.29891 2.1249 2.47292
90.6002 2.3122 2.14095 2.48345
91.8416 2.32549 2.15682 2.49417
93.083 2.33878 2.17249 2.50507
94.3243 2.35208 2.18797 2.51618
95.5657 2.36537 2.20324 2.52749
96.807 2.37866 2.21829 2.53902
98.0484 2.39195 2.23313 2.55077
99.2897 2.40524 2.24773 2.56275
100.531 2.41853 2.2621 2.57497
101.772 2.43183 2.27623 2.58742
103.014 2.44512 2.29011 2.60012
104.255 2.45841 2.30375 2.61307
105.497 2.4717 2.31714 2.62626
106.738 2.48499 2.33029 2.6397
107.979 2.49828 2.34318 2.65339
109.221 2.51158 2.35583 2.66732
110.462 2.52487 2.36824 2.6815
111.703 2.53816 2.38041 2.69591
112.945 2.55145 2.39234 2.71056
114.186 2.56474 2.40405 2.72544
115.427 2.57803 2.41553 2.74054
116.669 2.59133 2.42681 2.75585
117.91 2.60462 2.43787 2.77136
119.151 2.61791 2.44874 2.78708
120.393 2.6312 2.45942 2.80298
121.634 2.64449 2.46992 2.81907
122.876 2.65778 2.48024 2.83533
124.117 2.67108 2.4904 2.85175
125.358 2.68437 2.50041 2.86833
126.6 2.69766 2.51027 2.88505
127.841 2.71095 2.51999 2.90192
129.082 2.72424 2.52957 2.91891
130.324 2.73753 2.53904 2.93603
131.565 2.75083 2.54838 2.95327
132.806 2.76412 2.55762 2.97062
134.048 2.77741 2.56675 2.98807
135.289 2.7907 2.57578 3.00562
136.531 2.80399 2.58472 3.02326
137.772 2.81728 2.59358 3.04099
139.013 2.83058 2.60235 3.05881
140.255 2.84387 2.61104 3.0767
141.496 2.85716 2.61966 3.09466
142.737 2.87045 2.62821 3.11269
143.979 2.88374 2.6367 3.13078
145.22 2.89704 2.64513 3.14894
146.461 2.91033 2.6535 3.16715
147.703 2.92362 2.66182 3.18542
148.944 2.93691 2.67008 3.20374
150.185 2.9502 2.6783 3.22211
151.427 2.96349 2.68647 3.24052
152.668 2.97679 2.6946 3.25897
