# Data from DA_130523_E1.h5 stim 3
# Ratiometric estimator
# Ratiometric estimator:
#    Time    Ca (est)    Ca (se)
 3300.015 0.116207366 0.00571171635
 3300.115 0.112566502 0.00562177856
 3300.215 0.129363714 0.00592909149
 3300.315 0.118314738 0.00583358925
 3300.415 0.113498762 0.00561958779
 3300.515 0.123208426 0.00586492008
 3300.615 0.113341794 0.00561347752
 3300.715 0.121477336 0.00584419428
 3300.815 0.114142455 0.00561048283
 3300.915 0.12547351 0.00584655438
 3301.015 0.118007241 0.00589188722
 3301.115 0.114101487 0.00569188316
 3301.215 0.112775259 0.00561022052
 3301.315 0.121089799 0.00578505038
 3301.415 0.113197107 0.00561177011
 3301.515 0.121960733 0.00593392141
 3301.615 0.182919643 0.0077888987
 3301.715 0.185975809 0.00781984391
 3301.815 0.210261941 0.00882158529
 3301.915 0.264534554 0.010665076
 3302.015 0.258403516 0.0108412658
 3302.115 0.279713351 0.0117370724
 3302.215 0.269469801 0.0111594175
 3302.315 0.23704374 0.0100356132
 3302.415 0.238027385 0.00988210553
 3302.515 0.23008711 0.00960673271
 3302.615 0.219248197 0.00942483491
 3302.715 0.221656182 0.00930853432
 3302.815 0.212702512 0.00888281945
 3302.915 0.214637403 0.00899677683
 3303.015 0.196083059 0.00825450088
 3303.115 0.186867052 0.00808692735
 3303.215 0.199650233 0.00836585683
 3303.315 0.181132221 0.00776438674
 3303.415 0.186951956 0.00806394345
 3303.515 0.18837711 0.00801080472
 3303.615 0.196128465 0.0083412961
 3303.715 0.17488455 0.00749806876
 3303.815 0.184854474 0.00781628892
 3303.915 0.17458802 0.00770120027
 3304.015 0.16150919 0.00721257038
 3304.115 0.182316624 0.0077474792
 3304.215 0.174155378 0.00768665365
 3304.315 0.158646551 0.00687459922
 3304.415 0.158941213 0.00704078222
 3304.515 0.16550262 0.00741651672
 3304.615 0.148684893 0.00674292051
 3304.715 0.14516129 0.00655846151
 3304.815 0.150914537 0.00673154227
 3304.915 0.147279866 0.00657720306
 3305.015 0.149159091 0.00678663942
 3305.115 0.147371056 0.00647435944
 3305.215 0.135365234 0.00627365434
 3305.315 0.135667789 0.00623408242
 3305.415 0.142017549 0.00655137443
 3305.515 0.147923704 0.00667179314
 3305.615 0.140648624 0.00638230063
 3305.715 0.137019755 0.00635389127
 3305.815 0.149096514 0.00666813149
 3305.915 0.143567212 0.00658085629
 3306.015 0.143133142 0.00660858374
 3306.115 0.1273807 0.0060527927
 3306.215 0.137769745 0.00636994894
 3306.315 0.134343117 0.00627705598
 3306.415 0.13821851 0.00636589762
 3306.515 0.135777824 0.00636430244
 3306.615 0.131831015 0.00614547088
 3306.715 0.126550511 0.00602273757
 3306.815 0.14051526 0.00636546141
 3306.915 0.144502645 0.00645368799
 3307.015 0.132719056 0.00618114935
 3307.115 0.127276059 0.00619109338
 3307.215 0.122080083 0.0059267255
 3307.315 0.125020022 0.00599155252
 3307.415 0.127035168 0.00604632813
 3307.515 0.124965623 0.00588534623
 3307.615 0.120653709 0.00586656022
 3307.715 0.120077765 0.0058550151
 3307.815 0.134705399 0.00611766158
 3307.915 0.128943818 0.0060350127
 3308.015 0.134363049 0.00622589821
 3308.115 0.120492077 0.00584405607
 3308.215 0.120488222 0.00583774551
 3308.315 0.127475012 0.00594196002
 3308.415 0.126468197 0.00596093879
 3308.515 0.119691915 0.00584587013
 3308.615 0.130103249 0.00601363523
 3308.715 0.12204265 0.00581839129
 3308.815 0.126393487 0.00595447846
 3308.915 0.121723326 0.00591583399
 3309.015 0.119975267 0.00578172679
 3309.115 0.130148541 0.00596329317
 3309.215 0.115942482 0.00569226176
 3309.315 0.121235659 0.00578845092
 3309.415 0.116916067 0.00560830057
 3309.515 0.118522937 0.00582064104
 3309.615 0.108401979 0.00535418194
 3309.715 0.113131824 0.00561648174
 3309.815 0.11763466 0.00568697599
 3309.915 0.113629421 0.0056540702
 3310.015 0.128540138 0.00596923753
 3310.115 0.128360653 0.00589464502
 3310.215 0.121019295 0.00583939158
 3310.315 0.116711875 0.00558705074
 3310.415 0.118661567 0.0058083007
 3310.515 0.105879485 0.0054586981
 3310.615 0.112167441 0.00562610678
 3310.715 0.119190764 0.00585241436
 3310.815 0.11180964 0.0055599418
 3310.915 0.116129845 0.00574949611
 3311.015 0.112576401 0.00560615278
 3311.115 0.123404692 0.00583293174
 3311.215 0.115668836 0.0057307
 3311.315 0.111394896 0.0055221713
 3311.415 0.116943489 0.0057400851
 3311.515 0.120874867 0.00570317837
 3311.615 0.114398439 0.00563286913
 3311.715 0.108761114 0.00551479816
 3311.815 0.113576622 0.00555850516
 3311.915 0.114594056 0.00566752059
 3312.015 0.114286835 0.00559554951
 3312.115 0.113338544 0.00556840595
 3312.215 0.108518381 0.00549758286
 3312.315 0.121095903 0.00574742268
 3312.415 0.111641763 0.00551277995
 3312.515 0.121945108 0.00583605842
 3312.615 0.109596632 0.0055452207
 3312.715 0.108597798 0.00544690165
 3312.815 0.11987621 0.00574473295
 3312.915 0.11731409 0.00563745509
 3313.015 0.113188675 0.00563390326
 3313.115 0.115391773 0.00560794859
 3313.215 0.105912485 0.0054487034
 3313.315 0.120141379 0.00580570904
 3313.415 0.122626824 0.00590790345
 3313.515 0.11549795 0.00563119846
 3313.615 0.121807844 0.00574693294
 3313.715 0.120632657 0.00570118165
 3313.815 0.118435139 0.0056132156
 3313.915 0.111055584 0.0055378724
 3314.015 0.111680355 0.00551295713
 3314.115 0.11650116 0.00554333329
 3314.215 0.114390918 0.00566060187
 3314.315 0.115083013 0.00558273802
 3314.415 0.107950221 0.00541368646
 3314.515 0.105362027 0.00530041255
 3314.615 0.119280247 0.00582746604
 3314.715 0.125005541 0.00584760203
 3314.815 0.115065551 0.00560443722
 3314.915 0.102778268 0.00535352539
 3315.015 0.118128297 0.00579844135
 3315.115 0.115976383 0.00550809333
 3315.215 0.115970062 0.00553100718
 3315.315 0.116899492 0.00556588479
 3315.415 0.120880508 0.00571351589
 3315.515 0.116310506 0.00545308982
 3315.615 0.110690127 0.00545642311
 3315.715 0.115178793 0.00561689185
 3315.815 0.112848545 0.00568662355
 3315.915 0.110383444 0.00544057959
 3316.015 0.116583409 0.00567745401
 3316.115 0.115469242 0.00562675564
 3316.215 0.110888016 0.00550271847
 3316.315 0.11483002 0.00560628524
 3316.415 0.113932256 0.0055654602
 3316.515 0.113786386 0.00562835962
 3316.615 0.116957005 0.00555031236
 3316.715 0.112725151 0.00560141038
 3316.815 0.122541044 0.00584736453
 3316.915 0.108492466 0.00549311305
 3317.015 0.108493369 0.00538834217
 3317.115 0.107085926 0.00536564136
 3317.215 0.127197276 0.0058749759
 3317.315 0.110930332 0.00551630434
 3317.415 0.122936598 0.00592457488
 3317.515 0.11697705 0.00556778901
 3317.615 0.119907428 0.00570419024
 3317.715 0.116564912 0.00559652102
 3317.815 0.119949199 0.00570355312
 3317.915 0.105273125 0.00533320943
 3318.015 0.105876106 0.00533733097
 3318.115 0.103945527 0.00525400443
 3318.215 0.114810998 0.00557438448
 3318.315 0.101919509 0.00540585183
 3318.415 0.106986318 0.00547374346
 3318.515 0.113884997 0.00559097743
 3318.615 0.115668116 0.00559625207
 3318.715 0.126480647 0.00590151702
 3318.815 0.114535634 0.0056209027
 3318.915 0.117537956 0.00565651147
 3319.015 0.117057448 0.00562394348
 3319.115 0.112591838 0.0055808794
 3319.215 0.118441233 0.00573694374
 3319.315 0.109806147 0.0055723489
 3319.415 0.119545419 0.00578761459
 3319.515 0.115566716 0.00571368604
 3319.615 0.119813546 0.00574011421
 3319.715 0.114226767 0.0055762452
 3319.815 0.11057286 0.00545557211
 3319.915 0.117946029 0.00574230791


