# τ vs min κ linear regression for data set DA_130523_E1.h5
# Using stimulation: 1, 3, 4, 5
# Best fit: tau = 1.36435 + 0.0109192 kappa_Fura
# Covariance matrix:
# [ +7.50372e-02, -6.79407e-04  
#   -6.79407e-04, +6.70736e-06  ]
# Total sum of squares (TSS) = 23.9552
# chisq (Residual sum of squares, RSS) = 6.17942
# Probability of observing a larger of equal RSS per DOF under the null hypothesis: 0.0455152
# R squared (1-RSS/TSS) = 0.742043
# Estimated gamma/v with standard error: 91.5819 +/- 21.7218
# Estimates kappa_S with standard error (using error propagation): 123.95 +/- 38.8285
# kappa_S confidence intervals based on parametric bootstrap
# 0.95 CI for kappa_S: [50.8108,323.75]
# 0.99 CI for kappa_S: [34.911,480.143]


# The data
# κ_Fura  τ   τ_SE
37.0014 1.96137 0.225125
90.3564 2.30649 0.125881
117.609 2.44051 0.141435
142.129 3.25206 0.189013


# The fitted data
# Preticted values with lower and upper bounds of 0.95 CI
# κ_Fura  τ   τ_lwr  τ_upr
-155.937 -0.338358 -1.6532 0.976488
-154.716 -0.325029 -1.63372 0.983663
-153.496 -0.3117 -1.61424 0.99084
-152.275 -0.298371 -1.59476 0.998016
-151.054 -0.285042 -1.57528 1.00519
-149.834 -0.271713 -1.5558 1.01237
-148.613 -0.258384 -1.53632 1.01955
-147.392 -0.245055 -1.51684 1.02673
-146.172 -0.231726 -1.49736 1.03391
-144.951 -0.218397 -1.47788 1.04108
-143.73 -0.205068 -1.4584 1.04826
-142.51 -0.191739 -1.43892 1.05544
-141.289 -0.17841 -1.41945 1.06262
-140.068 -0.165081 -1.39997 1.06981
-138.847 -0.151752 -1.38049 1.07699
-137.627 -0.138423 -1.36102 1.08417
-136.406 -0.125095 -1.34154 1.09135
-135.185 -0.111766 -1.32207 1.09853
-133.965 -0.0984367 -1.30259 1.10572
-132.744 -0.0851077 -1.28312 1.1129
-131.523 -0.0717788 -1.26364 1.12009
-130.303 -0.0584499 -1.24417 1.12727
-129.082 -0.0451209 -1.2247 1.13446
-127.861 -0.031792 -1.20523 1.14164
-126.641 -0.0184631 -1.18576 1.14883
-125.42 -0.00513413 -1.16629 1.15602
-124.199 0.00819481 -1.14682 1.16321
-122.978 0.0215237 -1.12735 1.1704
-121.758 0.0348527 -1.10788 1.17758
-120.537 0.0481816 -1.08841 1.18477
-119.316 0.0615105 -1.06894 1.19196
-118.096 0.0748395 -1.04948 1.19916
-116.875 0.0881684 -1.03001 1.20635
-115.654 0.101497 -1.01055 1.21354
-114.434 0.114826 -0.99108 1.22073
-113.213 0.128155 -0.971616 1.22793
-111.992 0.141484 -0.952153 1.23512
-110.772 0.154813 -0.93269 1.24232
-109.551 0.168142 -0.913228 1.24951
-108.33 0.181471 -0.893767 1.25671
-107.11 0.1948 -0.874306 1.26391
-105.889 0.208129 -0.854846 1.2711
-104.668 0.221458 -0.835387 1.2783
-103.447 0.234787 -0.815929 1.2855
-102.227 0.248116 -0.796471 1.2927
-101.006 0.261445 -0.777015 1.2999
-99.7854 0.274774 -0.757559 1.30711
-98.5647 0.288102 -0.738104 1.31431
-97.344 0.301431 -0.71865 1.32151
-96.1233 0.31476 -0.699196 1.32872
-94.9026 0.328089 -0.679744 1.33592
-93.682 0.341418 -0.660292 1.34313
-92.4613 0.354747 -0.640842 1.35034
-91.2406 0.368076 -0.621392 1.35754
-90.0199 0.381405 -0.601943 1.36475
-88.7992 0.394734 -0.582495 1.37196
-87.5785 0.408063 -0.563049 1.37917
-86.3578 0.421392 -0.543603 1.38639
-85.1371 0.434721 -0.524158 1.3936
-83.9164 0.44805 -0.504714 1.40081
-82.6958 0.461379 -0.485272 1.40803
-81.4751 0.474708 -0.46583 1.41524
-80.2544 0.488036 -0.446389 1.42246
-79.0337 0.501365 -0.42695 1.42968
-77.813 0.514694 -0.407512 1.4369
-76.5923 0.528023 -0.388075 1.44412
-75.3716 0.541352 -0.368639 1.45134
-74.1509 0.554681 -0.349204 1.45857
-72.9302 0.56801 -0.329771 1.46579
-71.7096 0.581339 -0.310339 1.47302
-70.4889 0.594668 -0.290908 1.48024
-69.2682 0.607997 -0.271478 1.48747
-68.0475 0.621326 -0.25205 1.4947
-66.8268 0.634655 -0.232623 1.50193
-65.6061 0.647984 -0.213198 1.50917
-64.3854 0.661313 -0.193774 1.5164
-63.1647 0.674642 -0.174351 1.52363
-61.944 0.68797 -0.15493 1.53087
-60.7234 0.701299 -0.135511 1.53811
-59.5027 0.714628 -0.116093 1.54535
-58.282 0.727957 -0.0966767 1.55259
-57.0613 0.741286 -0.077262 1.55983
-55.8406 0.754615 -0.057849 1.56708
-54.6199 0.767944 -0.0384378 1.57433
-53.3992 0.781273 -0.0190282 1.58157
-52.1785 0.794602 0.000379524 1.58882
-50.9578 0.807931 0.0197854 1.59608
-49.7372 0.82126 0.0391895 1.60333
-48.5165 0.834589 0.0585916 1.61059
-47.2958 0.847918 0.0779918 1.61784
-46.0751 0.861247 0.0973899 1.6251
-44.8544 0.874576 0.116786 1.63237
-43.6337 0.887905 0.13618 1.63963
-42.413 0.901233 0.155572 1.6469
-41.1923 0.914562 0.174961 1.65416
-39.9716 0.927891 0.194349 1.66143
-38.7509 0.94122 0.213734 1.66871
-37.5303 0.954549 0.233116 1.67598
-36.3096 0.967878 0.252497 1.68326
-35.0889 0.981207 0.271874 1.69054
-33.8682 0.994536 0.291249 1.69782
-32.6475 1.00786 0.310622 1.70511
-31.4268 1.02119 0.329992 1.7124
-30.2061 1.03452 0.349359 1.71969
-28.9854 1.04785 0.368723 1.72698
-27.7647 1.06118 0.388084 1.73428
-26.5441 1.07451 0.407442 1.74158
-25.3234 1.08784 0.426797 1.74888
-24.1027 1.10117 0.446149 1.75619
-22.882 1.1145 0.465498 1.76349
-21.6613 1.12783 0.484843 1.77081
-20.4406 1.14115 0.504185 1.77812
-19.2199 1.15448 0.523524 1.78544
-17.9992 1.16781 0.542858 1.79277
-16.7785 1.18114 0.562189 1.80009
-15.5579 1.19447 0.581516 1.80742
-14.3372 1.2078 0.600839 1.81476
-13.1165 1.22113 0.620158 1.8221
-11.8958 1.23446 0.639473 1.82944
-10.6751 1.24779 0.658783 1.83679
-9.45441 1.26111 0.678089 1.84414
-8.23372 1.27444 0.697391 1.8515
-7.01303 1.28777 0.716687 1.85886
-5.79234 1.3011 0.735979 1.86622
-4.57166 1.31443 0.755265 1.8736
-3.35097 1.32776 0.774546 1.88097
-2.13028 1.34109 0.793822 1.88835
-0.909588 1.35442 0.813092 1.89574
0.311101 1.36775 0.832357 1.90314
1.53179 1.38108 0.851615 1.91053
2.75248 1.3944 0.870868 1.91794
3.97317 1.40773 0.890114 1.92535
5.19386 1.42106 0.909353 1.93277
6.41455 1.43439 0.928585 1.9402
7.63524 1.44772 0.947811 1.94763
8.85592 1.46105 0.967029 1.95507
10.0766 1.47438 0.986239 1.96252
11.2973 1.48771 1.00544 1.96997
12.518 1.50104 1.02464 1.97744
13.7387 1.51436 1.04382 1.98491
14.9594 1.52769 1.063 1.99239
16.1801 1.54102 1.08217 1.99988
17.4007 1.55435 1.10133 2.00738
18.6214 1.56768 1.12047 2.01489
19.8421 1.58101 1.13961 2.02241
21.0628 1.59434 1.15874 2.02994
22.2835 1.60767 1.17786 2.03748
23.5042 1.621 1.19696 2.04503
24.7249 1.63432 1.21605 2.0526
25.9456 1.64765 1.23513 2.06017
27.1663 1.66098 1.2542 2.06776
28.3869 1.67431 1.27326 2.07537
29.6076 1.68764 1.29229 2.08299
30.8283 1.70097 1.31132 2.09062
32.049 1.7143 1.33033 2.09827
33.2697 1.72763 1.34932 2.10593
34.4904 1.74096 1.3683 2.11362
35.7111 1.75429 1.38726 2.12131
36.9318 1.76761 1.4062 2.12903
38.1525 1.78094 1.42512 2.13677
39.3732 1.79427 1.44402 2.14453
40.5938 1.8076 1.46289 2.15231
41.8145 1.82093 1.48175 2.16011
43.0352 1.83426 1.50058 2.16793
44.2559 1.84759 1.51939 2.17578
45.4766 1.86092 1.53817 2.18366
46.6973 1.87425 1.55693 2.19156
47.918 1.88757 1.57565 2.1995
49.1387 1.9009 1.59435 2.20746
50.3594 1.91423 1.61301 2.21545
51.58 1.92756 1.63164 2.22348
52.8007 1.94089 1.65024 2.23154
54.0214 1.95422 1.6688 2.23964
55.2421 1.96755 1.68731 2.24778
56.4628 1.98088 1.70579 2.25596
57.6835 1.99421 1.72422 2.26419
58.9042 2.00754 1.74261 2.27246
60.1249 2.02086 1.76095 2.28078
61.3456 2.03419 1.77923 2.28916
62.5662 2.04752 1.79746 2.29759
63.7869 2.06085 1.81563 2.30607
65.0076 2.07418 1.83374 2.31462
66.2283 2.08751 1.85178 2.32324
67.449 2.10084 1.86975 2.33192
68.6697 2.11417 1.88765 2.34069
69.8904 2.1275 1.90547 2.34952
71.1111 2.14082 1.9232 2.35845
72.3318 2.15415 1.94085 2.36746
73.5524 2.16748 1.9584 2.37657
74.7731 2.18081 1.97585 2.38577
75.9938 2.19414 1.99319 2.39509
77.2145 2.20747 2.01042 2.40451
78.4352 2.2208 2.02754 2.41406
79.6559 2.23413 2.04452 2.42373
80.8766 2.24746 2.06137 2.43354
82.0973 2.26078 2.07808 2.44349
83.318 2.27411 2.09463 2.45359
84.5386 2.28744 2.11103 2.46385
85.7593 2.30077 2.12726 2.47428
86.98 2.3141 2.14332 2.48488
88.2007 2.32743 2.15919 2.49567
89.4214 2.34076 2.17487 2.50665
90.6421 2.35409 2.19035 2.51783
91.8628 2.36742 2.20562 2.52922
93.0835 2.38075 2.22067 2.54082
94.3042 2.39407 2.2355 2.55265
95.5248 2.4074 2.2501 2.56471
96.7455 2.42073 2.26446 2.577
97.9662 2.43406 2.27859 2.58954
99.1869 2.44739 2.29246 2.60232
100.408 2.46072 2.3061 2.61534
101.628 2.47405 2.31948 2.62861
102.849 2.48738 2.33262 2.64213
104.07 2.50071 2.34551 2.6559
105.29 2.51403 2.35815 2.66992
106.511 2.52736 2.37055 2.68417
107.732 2.54069 2.38272 2.69867
108.952 2.55402 2.39465 2.71339
110.173 2.56735 2.40635 2.72835
111.394 2.58068 2.41784 2.74352
112.614 2.59401 2.42911 2.7589
113.835 2.60734 2.44018 2.77449
115.056 2.62067 2.45105 2.79028
116.277 2.63399 2.46174 2.80625
117.497 2.64732 2.47224 2.82241
118.718 2.66065 2.48258 2.83873
119.939 2.67398 2.49275 2.85522
121.159 2.68731 2.50276 2.87186
122.38 2.70064 2.51264 2.88864
123.601 2.71397 2.52237 2.90557
124.821 2.7273 2.53197 2.92262
126.042 2.74063 2.54145 2.9398
127.263 2.75396 2.55082 2.9571
128.483 2.76728 2.56007 2.9745
129.704 2.78061 2.56922 2.99201
130.925 2.79394 2.57827 3.00961
132.146 2.80727 2.58724 3.0273
133.366 2.8206 2.59611 3.04509
134.587 2.83393 2.60491 3.06295
135.808 2.84726 2.61363 3.08089
137.028 2.86059 2.62228 3.0989
138.249 2.87392 2.63085 3.11698
139.47 2.88724 2.63937 3.13512
140.69 2.90057 2.64782 3.15332
141.911 2.9139 2.65622 3.17158
143.132 2.92723 2.66457 3.1899
144.352 2.94056 2.67286 3.20826
145.573 2.95389 2.68111 3.22667
146.794 2.96722 2.68931 3.24513
148.014 2.98055 2.69747 3.26363
