# Data from DA_130523_E1.h5 stim 2
# Ratiometric estimator
# Ratiometric estimator:
#    Time    Ca (est)    Ca (se)
 2635.015 0.130402498 0.00866267391
 2635.115 0.132818346 0.00875448342
 2635.215 0.128184437 0.0084297083
 2635.315 0.164299298 0.00999556481
 2635.415 0.124220905 0.00830223883
 2635.515 0.141041879 0.00906784991
 2635.615 0.143434062 0.00912726904
 2635.715 0.133742921 0.00872168803
 2635.815 0.129292916 0.00853131302
 2635.915 0.134276709 0.00869808843
 2636.015 0.135252233 0.0087713806
 2636.115 0.134488376 0.00885467738
 2636.215 0.146708813 0.00917111271
 2636.315 0.147215315 0.00918228041
 2636.415 0.131020336 0.00865545081
 2636.515 0.144242929 0.00935544596
 2636.615 0.208059558 0.0123145243
 2636.715 0.242813181 0.0138960447
 2636.815 0.230125114 0.0139986767
 2636.915 0.276478931 0.0159883132
 2637.015 0.33042994 0.0196463536
 2637.115 0.345237003 0.0210006885
 2637.215 0.281360001 0.0161888631
 2637.315 0.266906153 0.015497084
 2637.415 0.26256075 0.0151681775
 2637.515 0.246233092 0.0144978837
 2637.615 0.24514808 0.0144249874
 2637.715 0.216924752 0.0126097156
 2637.815 0.232670472 0.0133747618
 2637.915 0.214655429 0.0124393596
 2638.015 0.226067867 0.0134043023
 2638.115 0.234751612 0.0137916453
 2638.215 0.197175443 0.0117602931
 2638.315 0.195665793 0.0117360683
 2638.415 0.197209177 0.011879404
 2638.515 0.193152834 0.0114532099
 2638.615 0.180876599 0.0109354511
 2638.715 0.201542777 0.0118896995
 2638.815 0.176880695 0.0107748647
 2638.915 0.167971149 0.0103605977
 2639.015 0.175073587 0.0106261448
 2639.115 0.165718222 0.0102477625
 2639.215 0.171439552 0.0107512481
 2639.315 0.155448211 0.00980599431
 2639.415 0.152760653 0.00977420928
 2639.515 0.153133847 0.00979994901
 2639.615 0.158580486 0.0101579944
 2639.715 0.153653276 0.00934379866
 2639.815 0.144727712 0.00928888162
 2639.915 0.161755318 0.0100151663
 2640.015 0.154166289 0.00974922464
 2640.115 0.159852334 0.00979977973
 2640.215 0.15255486 0.00940750533
 2640.315 0.17197506 0.0105346473
 2640.415 0.154418488 0.00981211301
 2640.515 0.157992678 0.00993252709
 2640.615 0.134539695 0.00903252274
 2640.715 0.169311359 0.0103483611
 2640.815 0.148711875 0.00921524544
 2640.915 0.150431815 0.00956308714
 2641.015 0.15055477 0.00972221327
 2641.115 0.166538713 0.00997066914
 2641.215 0.149686338 0.00940991669
 2641.315 0.157316459 0.00969296992
 2641.415 0.14612747 0.0092594214
 2641.515 0.15457991 0.00968072032
 2641.615 0.139998759 0.00926568152
 2641.715 0.139844646 0.00901767597
 2641.815 0.140182195 0.00900682514
 2641.915 0.127791954 0.00849339124
 2642.015 0.158987607 0.00981466297
 2642.115 0.160244077 0.00983227349
 2642.215 0.138930155 0.0087650326
 2642.315 0.157926275 0.0096709769
 2642.415 0.14696256 0.00962934053
 2642.515 0.141021522 0.00903752785
 2642.615 0.127578449 0.00830049563
 2642.715 0.13527017 0.00883747522
 2642.815 0.139783591 0.00904610811
 2642.915 0.141423382 0.00916329566
 2643.015 0.145700412 0.00950008033
 2643.115 0.141650947 0.00917236745
 2643.215 0.138392619 0.00900925222
 2643.315 0.132837216 0.00859981924
 2643.415 0.131803791 0.00875224464
 2643.515 0.143793825 0.00909558261
 2643.615 0.132487697 0.00869328674
 2643.715 0.141184359 0.00909622818
 2643.815 0.133358229 0.00877182286
 2643.915 0.144362078 0.00917088789
 2644.015 0.134317561 0.0085859203
 2644.115 0.121664302 0.0080040263
 2644.215 0.148369401 0.00946168528
 2644.315 0.123161609 0.0084303926
 2644.415 0.12162041 0.00811282062
 2644.515 0.142976769 0.00926601962
 2644.615 0.13647213 0.00884278751
 2644.715 0.126001663 0.00834944728
 2644.815 0.133023987 0.0085765447
 2644.915 0.140648071 0.00923831773
 2645.015 0.137126495 0.00890191472
 2645.115 0.167325982 0.00981972414
 2645.215 0.130313314 0.00855264949
 2645.315 0.1354792 0.00879545119
 2645.415 0.123649653 0.00827174098
 2645.515 0.132077677 0.00879239565
 2645.615 0.131243434 0.00846872411
 2645.715 0.123945116 0.00862652356
 2645.815 0.139463915 0.00873589438
 2645.915 0.14084476 0.00913385975
 2646.015 0.131439574 0.00880399069
 2646.115 0.133684011 0.00872524178
 2646.215 0.132288631 0.00860662561
 2646.315 0.129964881 0.00854482829
 2646.415 0.132327953 0.00869651169
 2646.515 0.118756752 0.00800990492
 2646.615 0.125759613 0.00841119945
 2646.715 0.135358924 0.00891256892
 2646.815 0.132331903 0.00856737563
 2646.915 0.13812962 0.00895812428
 2647.015 0.144107306 0.00898701376
 2647.115 0.132254142 0.00861790898
 2647.215 0.121296198 0.00835061258
 2647.315 0.125199191 0.00835343522
 2647.415 0.133623378 0.00861510301
 2647.515 0.119039827 0.00834313198
 2647.615 0.137774757 0.00912373929
 2647.715 0.142922444 0.0089875597
 2647.815 0.130384714 0.00854935706
 2647.915 0.141036281 0.00883929021
 2648.015 0.120590675 0.00823457722
 2648.115 0.120046572 0.00810639715
 2648.215 0.136337803 0.0088453402
 2648.315 0.125331885 0.00851340017
 2648.415 0.134227865 0.00878643166
 2648.515 0.120615496 0.00821939417
 2648.615 0.130935897 0.00852186492
 2648.715 0.14025146 0.0088789357
 2648.815 0.140068566 0.00883721661
 2648.915 0.131717666 0.00839455203
 2649.015 0.128905226 0.00852317341
 2649.115 0.124088854 0.00813184926
 2649.215 0.130700925 0.00853344902
 2649.315 0.125425057 0.00816690266
 2649.415 0.138731603 0.00902149561
 2649.515 0.119385573 0.00815811624
 2649.615 0.160899584 0.00981646406
 2649.715 0.121202976 0.00824025105
 2649.815 0.113107673 0.00780749954
 2649.915 0.129828716 0.00869551196
 2650.015 0.127322784 0.00853098207
 2650.115 0.119394144 0.0082201532
 2650.215 0.135768709 0.00862727296
 2650.315 0.111723224 0.0078631867
 2650.415 0.118067359 0.00811435325
 2650.515 0.127150988 0.00818224086
 2650.615 0.1341956 0.00865050751
 2650.715 0.14057017 0.00888610577
 2650.815 0.119959488 0.00821830528
 2650.915 0.135003075 0.00867607446
 2651.015 0.128507685 0.00867134533
 2651.115 0.127697458 0.00829967207
 2651.215 0.126496004 0.0082330856
 2651.315 0.119838258 0.00815860131
 2651.415 0.119170976 0.00818869403
 2651.515 0.119567512 0.00818618148
 2651.615 0.113185437 0.0077898759
 2651.715 0.126615537 0.00841626585
 2651.815 0.132837238 0.00862969178
 2651.915 0.125512331 0.00827353411
 2652.015 0.131933556 0.00866515293
 2652.115 0.122837409 0.00818132267
 2652.215 0.127946674 0.00847650432
 2652.315 0.139812142 0.00872881031
 2652.415 0.140248601 0.00908889126
 2652.515 0.130576935 0.00859361728
 2652.615 0.115147271 0.00789645602
 2652.715 0.142653462 0.00904298067
 2652.815 0.126511209 0.00828583803
 2652.915 0.117447476 0.00800723024
 2653.015 0.140440173 0.00894847199
 2653.115 0.126846553 0.00831153926
 2653.215 0.131331651 0.00858475351
 2653.315 0.128175341 0.00867959588
 2653.415 0.136645327 0.00900245258
 2653.515 0.127772965 0.00853869503
 2653.615 0.120548593 0.0082786559
 2653.715 0.139697341 0.00882475684
 2653.815 0.150036602 0.00931062032
 2653.915 0.123923489 0.00815434597
 2654.015 0.136315563 0.00884280018
 2654.115 0.127022242 0.00827058855
 2654.215 0.102392985 0.00752384743
 2654.315 0.124487886 0.00852639145
 2654.415 0.130190274 0.00849008353
 2654.515 0.135050197 0.00838352755
 2654.615 0.1218213 0.00813641922
 2654.715 0.148242631 0.00921396623
 2654.815 0.125004556 0.00845862139
 2654.915 0.134165699 0.00871946639


