# Data from DA_130523_E1.h5 stim 1
# Ratiometric estimator
# Ratiometric estimator:
#    Time    Ca (est)    Ca (se)
 2245.015 0.172885874 0.0133422523
 2245.115 0.188360899 0.0141030843
 2245.215 0.168099773 0.0132267469
 2245.315 0.171548806 0.0132977803
 2245.415 0.144182988 0.0119456539
 2245.515 0.162349299 0.0128857596
 2245.615 0.146056562 0.0116773064
 2245.715 0.166111474 0.0129057773
 2245.815 0.156055056 0.0125614673
 2245.915 0.146201454 0.0116884383
 2246.015 0.149734043 0.011957881
 2246.115 0.137500897 0.0113431516
 2246.215 0.160905577 0.0127206766
 2246.315 0.145856302 0.0120126355
 2246.415 0.164834753 0.0123961143
 2246.515 0.190077691 0.0139489674
 2246.615 0.256418062 0.0189648986
 2246.715 0.287741145 0.020561726
 2246.815 0.339270317 0.0262050322
 2246.915 0.317089822 0.0240417064
 2247.015 0.329086959 0.0251297916
 2247.115 0.358555987 0.0281802042
 2247.215 0.338346786 0.0250407636
 2247.315 0.305067124 0.0232962713
 2247.415 0.285924849 0.0218167562
 2247.515 0.305490389 0.0228638026
 2247.615 0.263394646 0.0198140834
 2247.715 0.261448581 0.0195972258
 2247.815 0.241521043 0.0182098611
 2247.915 0.225479558 0.0169497293
 2248.015 0.251299406 0.0186146187
 2248.115 0.210222523 0.0158069887
 2248.215 0.22524058 0.0167165657
 2248.315 0.198175081 0.0148192853
 2248.415 0.20980806 0.0156671587
 2248.515 0.195840338 0.0147005866
 2248.615 0.208135793 0.0156632891
 2248.715 0.206064374 0.0157645959
 2248.815 0.226415361 0.0164430136
 2248.915 0.200133942 0.0148506677
 2249.015 0.207666785 0.0154522841
 2249.115 0.180728096 0.0140187161
 2249.215 0.179356282 0.0140753138
 2249.315 0.191503285 0.014141535
 2249.415 0.188876678 0.0141616976
 2249.515 0.191862988 0.0144605479
 2249.615 0.190668585 0.014285078
 2249.715 0.1964288 0.0140652805
 2249.815 0.193436154 0.0141923235
 2249.915 0.173046261 0.0134409064
 2250.015 0.172969914 0.0136785358
 2250.115 0.187850794 0.0139782306
 2250.215 0.181985267 0.0139232116
 2250.315 0.176597999 0.0137618996
 2250.415 0.19095573 0.0146345539
 2250.515 0.18187797 0.0136295962
 2250.615 0.159196164 0.0124557324
 2250.715 0.151317926 0.011883978
 2250.815 0.170468761 0.0129003009
 2250.915 0.149280835 0.0119993098
 2251.015 0.184304731 0.0141128989
 2251.115 0.152962392 0.0121634916
 2251.215 0.156298099 0.0124166327
 2251.315 0.1768279 0.013266634
 2251.415 0.157493058 0.0121632258
 2251.515 0.200064329 0.0146828725
 2251.615 0.166308449 0.0127881903
 2251.715 0.175654942 0.0130006577
 2251.815 0.164901873 0.0129825909
 2251.915 0.166187069 0.0127155014
 2252.015 0.158706002 0.0122557872
 2252.115 0.167362938 0.0125488753
 2252.215 0.154809193 0.0123792129
 2252.315 0.151609974 0.0124455825
 2252.415 0.146171879 0.0121216095
 2252.515 0.171123086 0.0133166495
 2252.615 0.1598368 0.0121388747
 2252.715 0.181614449 0.0134877164
 2252.815 0.145262716 0.0118116769
 2252.915 0.162368918 0.0126974728
 2253.015 0.177853693 0.013690544
 2253.115 0.179575817 0.0138615013
 2253.215 0.142472156 0.0118339863
 2253.315 0.132510356 0.0111725295
 2253.415 0.171350408 0.013104465
 2253.515 0.166464354 0.0126149024
 2253.615 0.146646977 0.0121420184
 2253.715 0.148944161 0.0117391558
 2253.815 0.180788723 0.0134072907
 2253.915 0.146645683 0.0120015262
 2254.015 0.166401897 0.0129814451
 2254.115 0.175074665 0.0132820775
 2254.215 0.154080146 0.0121391515
 2254.315 0.152836131 0.0122470248
 2254.415 0.159949087 0.012442444
 2254.515 0.156214176 0.0123041378
 2254.615 0.141815925 0.0118375524
 2254.715 0.162899741 0.012146523
 2254.815 0.139099157 0.0115617422
 2254.915 0.158657156 0.0123465456
 2255.015 0.157993663 0.0124191122
 2255.115 0.159962799 0.0124790663
 2255.215 0.164382979 0.0131000838
 2255.315 0.162642487 0.0125223468
 2255.415 0.136435373 0.0115422005
 2255.515 0.164646185 0.0126994449
 2255.615 0.14677051 0.0116349148
 2255.715 0.148293861 0.011958171
 2255.815 0.1530892 0.0121893199
 2255.915 0.173307488 0.0134356576
 2256.015 0.144194688 0.0114907227
 2256.115 0.145973827 0.0115653041
 2256.215 0.15821918 0.0130868594
 2256.315 0.138695446 0.0113673243
 2256.415 0.150996612 0.0120765997
 2256.515 0.141106512 0.0114445832
 2256.615 0.124600494 0.0108510727
 2256.715 0.153558683 0.0123807021
 2256.815 0.171892097 0.013213542
 2256.915 0.132201828 0.0112969628
 2257.015 0.157361072 0.012297569
 2257.115 0.136426924 0.0113421901
 2257.215 0.143803795 0.0120432752
 2257.315 0.143261232 0.0117977399
 2257.415 0.144533085 0.0116171122
 2257.515 0.132742794 0.0109602134
 2257.615 0.166723789 0.0131429048
 2257.715 0.145310751 0.0115140259
 2257.815 0.141720021 0.0112168448
 2257.915 0.150680641 0.0118980266
 2258.015 0.143399379 0.0119485781
 2258.115 0.157612389 0.0123842862
 2258.215 0.145366329 0.0116719564
 2258.315 0.152819884 0.0121005233
 2258.415 0.15974139 0.0126210856
 2258.515 0.152868536 0.0120383598
 2258.615 0.143789683 0.0112614656
 2258.715 0.163145262 0.0124981399
 2258.815 0.159724851 0.012258608
 2258.915 0.128275981 0.0108057037
 2259.015 0.151982543 0.0119702112
 2259.115 0.161409048 0.011926674
 2259.215 0.150544405 0.0123723974
 2259.315 0.145456329 0.0115628349
 2259.415 0.142314244 0.0118370251
 2259.515 0.169865434 0.0127529551
 2259.615 0.171147767 0.0129032157
 2259.715 0.137584401 0.0110100685
 2259.815 0.155915632 0.0120500246
 2259.915 0.138512315 0.0117559701
 2260.015 0.167564013 0.0128005122
 2260.115 0.15225624 0.0121850145
 2260.215 0.164343454 0.0125706684
 2260.315 0.153680775 0.0119290086
 2260.415 0.156581635 0.0125318755
 2260.515 0.157111121 0.0119540872
 2260.615 0.149563399 0.0118768422
 2260.715 0.156239225 0.0124461637
 2260.815 0.143260191 0.0117001835
 2260.915 0.135170989 0.0111443589
 2261.015 0.153437072 0.0119655158
 2261.115 0.156697439 0.0121803784
 2261.215 0.162119445 0.0127993329
 2261.315 0.146926277 0.0116624422
 2261.415 0.134247038 0.0110496416
 2261.515 0.137367163 0.011301991
 2261.615 0.131708445 0.0109603099
 2261.715 0.148032404 0.0116312555
 2261.815 0.14285428 0.0114960067
 2261.915 0.158094483 0.0124185746
 2262.015 0.171835812 0.0129968065
 2262.115 0.153306274 0.0120923195
 2262.215 0.153012857 0.0118160939
 2262.315 0.165261044 0.012740947
 2262.415 0.154933151 0.0123498295
 2262.515 0.175539759 0.0133904812
 2262.615 0.13438484 0.0111450384
 2262.715 0.160886434 0.0123490132
 2262.815 0.160305334 0.0122873619
 2262.915 0.145088047 0.0116748598
 2263.015 0.177919298 0.0133852035
 2263.115 0.145047546 0.0114788971
 2263.215 0.130839616 0.0109610886
 2263.315 0.171136662 0.0134765115
 2263.415 0.154122879 0.0123698129
 2263.515 0.128235709 0.0109379735
 2263.615 0.171831093 0.0131025518
 2263.715 0.139708468 0.0114268532
 2263.815 0.158628551 0.0122625799
 2263.915 0.16686147 0.0126670132
 2264.015 0.158067306 0.0121868182
 2264.115 0.138883189 0.0113427216
 2264.215 0.165962345 0.0129846323
 2264.315 0.174520751 0.0132067044
 2264.415 0.1604291 0.0126286105
 2264.515 0.14764181 0.0117613865
 2264.615 0.154635682 0.0122930018
 2264.715 0.160590791 0.0122574803
 2264.815 0.155740308 0.0123378849
 2264.915 0.129977974 0.0108919807


