# Data from DA_130523_E1.h5 stim 5
# Ratiometric estimator
# Ratiometric estimator:
#    Time    Ca (est)    Ca (se)
 4175.015 0.11233978 0.00404597056
 4175.115 0.108746049 0.00402146179
 4175.215 0.104869467 0.00391708521
 4175.315 0.10967015 0.00402453085
 4175.415 0.108373588 0.00396616591
 4175.515 0.113674383 0.00413845689
 4175.615 0.109448859 0.00400815623
 4175.715 0.100830959 0.00385922783
 4175.815 0.111503802 0.00407995426
 4175.915 0.10032233 0.00386754552
 4176.015 0.110992382 0.00412592862
 4176.115 0.110138872 0.00404280004
 4176.215 0.108099474 0.00398818259
 4176.315 0.110094827 0.00402248667
 4176.415 0.11302646 0.00410746298
 4176.515 0.112592819 0.00419247764
 4176.615 0.137020877 0.0046096107
 4176.715 0.158919373 0.00511177479
 4176.815 0.177661183 0.00565645077
 4176.915 0.201702397 0.00614294998
 4177.015 0.209452248 0.0065193373
 4177.115 0.227914582 0.0070037491
 4177.215 0.202874939 0.0062718502
 4177.315 0.229032675 0.00695132344
 4177.415 0.21342774 0.00650552531
 4177.515 0.202746974 0.00626887842
 4177.615 0.20254505 0.00632669065
 4177.715 0.191122442 0.00604070383
 4177.815 0.201183451 0.00618025175
 4177.915 0.183853422 0.00581046836
 4178.015 0.18766876 0.00585412894
 4178.115 0.194249499 0.00606504296
 4178.215 0.17778103 0.00557806505
 4178.315 0.180126692 0.00572633494
 4178.415 0.170603493 0.00546485537
 4178.515 0.172339541 0.00549545105
 4178.615 0.169824411 0.00546828072
 4178.715 0.170525398 0.00544326815
 4178.815 0.172892122 0.00544238503
 4178.915 0.161376482 0.0052337368
 4179.015 0.158041043 0.00518438669
 4179.115 0.160433006 0.00512118602
 4179.215 0.150766729 0.00508968156
 4179.315 0.149446746 0.00494846525
 4179.415 0.157101847 0.00510682579
 4179.515 0.14844411 0.00497191382
 4179.615 0.160599196 0.00527598584
 4179.715 0.158807799 0.00509270457
 4179.815 0.145148708 0.00481995955
 4179.915 0.155618626 0.00503019766
 4180.015 0.148834926 0.00497430003
 4180.115 0.143860761 0.00474496875
 4180.215 0.14445704 0.00480805165
 4180.315 0.150379788 0.00487043488
 4180.415 0.141230688 0.00477344929
 4180.515 0.138944339 0.00468391149
 4180.615 0.132859636 0.00455349802
 4180.715 0.145924487 0.00481817425
 4180.815 0.141972322 0.00470999094
 4180.915 0.138033472 0.0046858955
 4181.015 0.139013117 0.00480722149
 4181.115 0.137798237 0.00458149249
 4181.215 0.131814601 0.00453498367
 4181.315 0.129043417 0.00447573331
 4181.415 0.134993469 0.00453617978
 4181.515 0.130493115 0.00455813476
 4181.615 0.141656374 0.00473205193
 4181.715 0.125082472 0.00442718939
 4181.815 0.134551571 0.0045401209
 4181.915 0.126865828 0.00440038651
 4182.015 0.124569045 0.00443030655
 4182.115 0.126545915 0.00445544286
 4182.215 0.128517273 0.00447979013
 4182.315 0.128802242 0.0044636518
 4182.415 0.129002691 0.00454125265
 4182.515 0.122002299 0.0042511538
 4182.615 0.126979213 0.0043618715
 4182.715 0.132004904 0.00454798418
 4182.815 0.122055011 0.0042932731
 4182.915 0.121070548 0.00429274819
 4183.015 0.122918396 0.00431658442
 4183.115 0.121147378 0.00432738057
 4183.215 0.116830831 0.00424226016
 4183.315 0.121438475 0.00427282462
 4183.415 0.126105378 0.00440706326
 4183.515 0.120747944 0.00437456864
 4183.615 0.12154278 0.0043233961
 4183.715 0.121837296 0.0043359386
 4183.815 0.121040576 0.00428502918
 4183.915 0.116002234 0.00419500176
 4184.015 0.119530543 0.00428089296
 4184.115 0.120174114 0.0042385724
 4184.215 0.117695128 0.00423001856
 4184.315 0.115176003 0.00418063152
 4184.415 0.118500725 0.00417167681
 4184.515 0.115370065 0.00414998177
 4184.615 0.115929028 0.00412871198
 4184.715 0.117595933 0.00426310269
 4184.815 0.11614994 0.0041718145
 4184.915 0.108389154 0.00404252789
 4185.015 0.116227323 0.00419040041
 4185.115 0.11226984 0.00405999138
 4185.215 0.112057677 0.0041117836
 4185.315 0.123803256 0.0042873744
 4185.415 0.107399181 0.00403516493
 4185.515 0.110602219 0.00410249725
 4185.615 0.117781953 0.0042319859
 4185.715 0.120467274 0.00429937287
 4185.815 0.11300731 0.00409500222
 4185.915 0.115998701 0.00421723479
 4186.015 0.114161136 0.00412796349
 4186.115 0.112849559 0.00406885488
 4186.215 0.117070557 0.00428815833
 4186.315 0.111204452 0.00407810385
 4186.415 0.106674622 0.00399563512
 4186.515 0.106537934 0.00395959254
 4186.615 0.110874495 0.00408225868
 4186.715 0.113455693 0.0041488303
 4186.815 0.118597257 0.00418544759
 4186.915 0.108502615 0.00402274273
 4187.015 0.116547085 0.00414987565
 4187.115 0.112090803 0.00417134044
 4187.215 0.107660439 0.00401132005
 4187.315 0.113330813 0.0040974368
 4187.415 0.109413365 0.00399492737
 4187.515 0.108273672 0.00398386127
 4187.615 0.115511126 0.00423692179
 4187.715 0.116768297 0.00415275203
 4187.815 0.10970437 0.004030569
 4187.915 0.118416228 0.00415874085
 4188.015 0.111761919 0.00417497025
 4188.115 0.115719498 0.00413440028
 4188.215 0.112656711 0.00408892704
 4188.315 0.115314685 0.00419205098
 4188.415 0.105978765 0.00404835437
 4188.515 0.115943658 0.00419606396
 4188.615 0.118910261 0.00419993901
 4188.715 0.114533523 0.00412455271
 4188.815 0.112685953 0.00410437236
 4188.915 0.108117589 0.00402460174
 4189.015 0.107880593 0.00401932211
 4189.115 0.110421735 0.00405330861
 4189.215 0.111858975 0.00410229465
 4189.315 0.109422297 0.0039996843
 4189.415 0.111887537 0.00404901682
 4189.515 0.112498215 0.00406453385
 4189.615 0.115921435 0.00420056762
 4189.715 0.10594685 0.00398233336
 4189.815 0.107197389 0.00397793279
 4189.915 0.104950384 0.00405955283
 4190.015 0.115234608 0.00419880554
 4190.115 0.107140645 0.00398722281
 4190.215 0.109038216 0.00399193153
 4190.315 0.106057507 0.00396821685
 4190.415 0.109528534 0.00401246531
 4190.515 0.115992092 0.00409272793
 4190.615 0.117136155 0.00416986968
 4190.715 0.108451717 0.00402169159
 4190.815 0.106576885 0.0040461595
 4190.915 0.110758592 0.00404473609
 4191.015 0.099689653 0.00391389153
 4191.115 0.106672412 0.00391668698
 4191.215 0.111863485 0.00405869724
 4191.315 0.113709428 0.00409986462
 4191.415 0.107680461 0.00396840923
 4191.515 0.108428891 0.00406398732
 4191.615 0.110046225 0.00401489664
 4191.715 0.103433206 0.00393573363
 4191.815 0.120085454 0.00424717712
 4191.915 0.110154683 0.00406869438
 4192.015 0.112694039 0.00407053682
 4192.115 0.107373546 0.00400181266
 4192.215 0.111258343 0.00403151636
 4192.315 0.104399458 0.00394498999
 4192.415 0.103121035 0.0039479533
 4192.515 0.110741648 0.00406540871
 4192.615 0.102335562 0.00390044101
 4192.715 0.110012172 0.00402030007
 4192.815 0.107535531 0.00402546774
 4192.915 0.112247969 0.00407868723
 4193.015 0.110821609 0.00404785149
 4193.115 0.104629739 0.00394051998
 4193.215 0.104500152 0.00393169342
 4193.315 0.106800442 0.00405221429
 4193.415 0.110095847 0.00405382885
 4193.515 0.111443728 0.00406484717
 4193.615 0.0956854881 0.00379303197
 4193.715 0.107509639 0.00401303948
 4193.815 0.10489939 0.00392635395
 4193.915 0.0978220045 0.00377490401
 4194.015 0.10859087 0.00410023016
 4194.115 0.110015309 0.0040718742
 4194.215 0.114423528 0.00411293384
 4194.315 0.110396127 0.00414015187
 4194.415 0.105063211 0.003932438
 4194.515 0.109567855 0.004048102
 4194.615 0.105514573 0.00397624065
 4194.715 0.104194811 0.00390121018
 4194.815 0.111997664 0.00409509192
 4194.915 0.102609079 0.00393167469


