# Cellular [Fura] for dataset DA_130523_E1.h5

# Loading curve with 287 elements
#    Time   AMPLITUDE
    0.021 6.44888241
   30.021 5.91742946
   60.021 5.42433967
   90.021 6.17840453
  120.021 5.09737292
  150.021 6.67571779
  180.021 5.5682895
  210.021 6.75525976
  240.021 7.19291654
  270.021 6.50941877
  300.021 7.68160689
  330.021 7.62071857
  360.021 7.62934148
  390.021 7.2423663
  420.021 7.30695016
  450.021 9.4237871
  480.021 8.34873872
  510.021 9.05423372
  540.021 9.27878139
  570.021 9.97952498
  600.021 9.91511711
  630.021 11.3697496
  660.021 9.76835162
  690.021 11.2812328
  720.021 9.99166745
  750.021 10.7096569
  780.021 10.7832156
  870.021 12.2059961
  900.021 12.8037927
  930.021 13.0538571
  960.021 13.0052873
  990.021 13.3451004
 1020.021 13.6873772
 1050.021 14.0078328
 1080.021 12.6818401
 1110.021 13.1015471
 1140.021 14.2147827
 1170.021 14.1215144
 1200.021 15.3287221
 1230.021 15.678214
 1260.021 15.0638755
 1620.021 17.9972495
 1650.021 18.6135237
 1680.021 19.7170805
 1710.021 18.9642475
 1740.021 20.9332631
 1770.021 20.7351121
 1800.021 20.1909887
 1830.021 20.4799443
 1860.021 20.3606313
 1890.021 21.663043
 1920.021 21.0006626
 1950.021 21.8284621
 1980.021 22.4109486
 2010.021 22.7241891
 2040.021 22.5304376
 2070.021 22.0442109
 2100.021 24.231087
 2310.021 25.245951
 2340.021 25.1234704
 2370.021 27.9304923
 2400.021 26.7848768
 2430.021 28.3547748
 2460.021 28.7709623
 2490.021 30.6298157
 2520.021 30.2921143
 2700.021 33.7476144
 2730.021 33.8056871
 2760.021 37.0603965
 2790.021 35.6377919
 2820.021 36.1171555
 2850.021 37.4859108
 2880.021 37.9614028
 2910.021 40.8949527
 2940.021 40.5655223
 2970.021 41.9395569
 3000.021 41.4637129
 3030.021 41.9480038
 3060.021 44.3210645
 3090.021 44.3617153
 3120.021 43.6160974
 3150.021 45.7774567
 3180.021 47.1404048
 3330.021 51.807512
 3360.021 51.8455232
 3390.021 53.978726
 3420.021 53.9648238
 3450.021 55.3195009
 3480.021 55.2531573
 3510.021 56.4424152
 3540.021 57.728637
 3570.021 57.7497543
 3600.021 60.462628
 3630.021 60.3422592
 3810.021 65.1573637
 3840.021 65.3037773
 3870.021 66.0574902
 3900.021 67.1851559
 3930.021 68.0390002
 3960.021 68.4828162
 3990.021 69.7276832
 4020.021 72.1165818
 4050.021 71.758115
 4230.021 75.7600261
 4260.021 76.5790268
 4290.021 79.0926937
 4320.021 79.3483894
 4350.021 80.2437644
 4380.021 82.5107104
 4410.021 81.9720424
 4440.021 86.0425849
 4470.021 85.9792329
 4500.021 85.882621
 4530.021 86.8059766
 4560.021 87.0812058
 4590.021 88.1668129
 4620.021 91.3821032
 4650.021 91.3300138
 4680.021 93.3345769
 4710.021 94.0170188
 4740.021 94.7990642
 4770.021 97.392449
 4800.021 98.0319523
 4830.021 100.656133
 4860.021 102.13681
 4890.021 104.519374
 4920.021 104.522189
 4950.021 106.335465
 4980.021 108.604874
 5010.021 108.940992
 5040.021 109.544244
 5070.021 112.338419
 5100.021 113.069783
 5130.021 113.508144
 5160.021 117.236233
 5190.021 116.959596
 5220.021 117.956863
 5250.021 120.75227
 5280.021 123.819035
 5310.021 122.219749
 5340.021 124.416304
 5370.021 126.234154
 5400.021 126.206702
 5430.021 127.290021
 5460.021 129.429911
 5490.021 130.060968
 5520.021 132.947883
 5550.021 133.64282
 5580.021 134.709421
 5610.021 136.498939
 5640.021 137.835667
 5670.021 139.847973
 5700.021 141.443563
 5730.021 143.181872
 5760.021 143.547378
 5790.021 143.872057
 5820.021 146.830244
 5850.021 147.791259
 5880.021 147.933097
 5910.021 151.807952
 5940.021 148.177178
 5970.021 150.309677
 6000.021 153.017095
 6030.021 152.978732
 6060.021 156.51395
 6090.021 155.604497
 6120.021 157.469158
 6150.021 158.649793
 6180.021 159.550623
 6210.021 159.876006
 6240.021 159.588106
 6270.021 160.989594
 6300.021 161.099404
 6330.021 162.340399
 6360.021 165.135279
 6390.021 166.138176
 6420.021 165.004527
 6450.021 166.859509
 6480.021 168.206091
 6510.021 168.303231
 6540.021 169.676914
 6570.021 169.584349
 6600.021 171.116764
 6630.021 171.506555
 6660.021 172.763564
 6690.021 171.755035
 6720.021 175.768913
 6750.021 176.821084
 6780.021 177.529043
 6810.021 177.415713
 6840.021 176.469833
 6870.021 178.671667
 6900.021 177.898068
 6930.021 177.558079
 6960.021 178.420195
 6990.021 180.190531
 7020.021 183.115282
 7050.021 181.789465
 7080.021 179.149271
 7110.021 181.142043
 7140.021 183.256064
 7170.021 185.255348
 7200.021 186.832813
 7230.021 188.008697
 7260.021 186.396564
 7290.021 187.150629
 7320.021 190.66209
 7350.021 189.212033
 7380.021 189.577715
 7410.021 189.244061
 7440.021 191.594596
 7470.021 189.690165
 7500.021 191.894991
 7530.021 191.136878
 7560.021 191.153772
 7590.021 189.782025
 7620.021 189.555894
 7650.021 190.744976
 7680.021 191.965382
 7710.021 191.876865
 7740.021 190.978498
 7770.021 193.492165
 7800.021 190.295352
 7830.021 193.375668
 7860.021 193.308972
 7890.021 192.939595
 7920.021 193.062251
 7950.021 194.018515
 7980.021 195.726907
 8010.021 193.212184
 8040.021 195.212348
 8070.021 194.383317
 8100.021 196.242522
 8130.021 194.538529
 8160.021 194.820445
 8190.021 196.581631
 8220.021 195.998265
 8250.021 195.937728
 8280.021 195.040242
 8310.021 196.256424
 8340.021 194.548032
 8370.021 196.561922
 8400.021 196.882377
 8430.021 193.205321
 8460.021 194.777683
 8490.021 195.205133
 8520.021 197.663367
 8550.021 195.615513
 8580.021 197.029143
 8610.021 197.008729
 8640.021 194.486088
 8670.021 198.064772
 8700.021 197.621484
 8730.021 199.336212
 8760.021       200
 8790.021 196.281765
 8820.021 195.222203
 8850.021 193.287855
 8880.021 195.286611
 8910.021 191.504496
 8940.021 194.267875
 8970.021 194.077115
 9000.021 195.26039
 9030.021 196.65431
 9060.021 194.779795
 9090.021 195.181024
 9120.021 195.89743
 9150.021 195.965357
 9180.021 196.904902
 9210.021 197.676037
 9240.021 196.961391
 9270.021 194.02397
 9300.021 193.669551
 9330.021 195.634343
 9360.021 195.473323
 9390.021 195.552161
 9420.021 193.397489
 9450.021 196.192896
 9480.021 195.260742
 9510.021 194.730521
 9540.021 198.003884
 9570.021 193.981559
 9600.021 194.815166
 9630.021  192.6436
 9660.021 195.478954
 9690.021 192.18113
 9720.021 192.35922


# Stim 1 with 200 elements
#    Time   AMPLITUDE
 2245.015 24.1842769
 2245.115 24.7646517
 2245.215 25.3540013
 2245.315 26.1694825
 2245.415 25.5489847
 2245.515 25.2207861
 2245.615 25.0822916
 2245.715 24.484847
 2245.815 25.301208
 2245.915 24.8276517
 2246.015 26.0360913
 2246.115 25.1635934
 2246.215 24.7885847
 2246.315 26.4526307
 2246.415 24.3493441
 2246.515 25.7823313
 2246.615 25.800633
 2246.715 25.0432245
 2246.815 24.6045119
 2246.915 26.1233763
 2247.015 25.1049928
 2247.115 24.8070623
 2247.215 25.4506132
 2247.315 24.9585792
 2247.415 25.9820661
 2247.515 25.1431799
 2247.615 24.7796098
 2247.715 26.5634967
 2247.815 25.4814093
 2247.915 25.1611297
 2248.015 24.2891597
 2248.115 24.928839
 2248.215 24.2808887
 2248.315 25.356465
 2248.415 24.3935145
 2248.515 24.8329311
 2248.615 25.3944762
 2248.715 24.3535676
 2248.815 26.371153
 2248.915 24.7905204
 2249.015 25.4708506
 2249.115 24.3701095
 2249.215 25.4490294
 2249.315 24.3542715
 2249.415 24.8327551
 2249.515 25.0701491
 2249.615 25.0138363
 2249.715 25.8861582
 2249.815 25.3499538
 2249.915 24.6261572
 2250.015 25.7126441
 2250.115 25.4819372
 2250.215 25.6086412
 2250.315 25.6864234
 2250.415 24.6807103
 2250.515 25.5213562
 2250.615 24.6868695
 2250.715 24.0996316
 2250.815 24.7681712
 2250.915 25.3202136
 2251.015 26.2382898
 2251.115 25.1129118
 2251.215 24.5191627
 2251.315 25.5174847
 2251.415 24.8038947
 2251.515 25.9252253
 2251.615 25.5898116
 2251.715 25.2976884
 2251.815 25.7566385
 2251.915 26.0003678
 2252.015 25.1528587
 2252.115 24.8186769
 2252.215 25.0514955
 2252.315 26.2391697
 2252.415 25.9470465
 2252.515 26.1554042
 2252.615 25.5973786
 2252.715 26.315544
 2252.815 25.3460823
 2252.915 25.5122054
 2253.015 25.1956213
 2253.115 24.4390928
 2253.215 25.7985213
 2253.315 24.2243998
 2253.415 26.0404907
 2253.515 25.6017781
 2253.615 25.1333252
 2253.715 25.951094
 2253.815 24.4915341
 2253.915 25.0919704
 2254.015 25.9790745
 2254.115 25.1801353
 2254.215 25.1722163
 2254.315 24.1846289
 2254.415 24.7801377
 2254.515 26.0339796
 2254.615 24.4781598
 2254.715 25.9375437
 2254.815 23.8599498
 2254.915 24.4892464
 2255.015 25.6197278
 2255.115 25.2276493
 2255.215 24.9379898
 2255.315 25.7036692
 2255.415 25.8196386
 2255.515 24.857392
 2255.615 25.3138784
 2255.715 24.4397967
 2255.815 24.8628473
 2255.915 25.3775824
 2256.015 26.9094691
 2256.115 24.5701962
 2256.215 24.9110652
 2256.315 25.2364482
 2256.415  24.85704
 2256.515 25.1489872
 2256.615 25.745376
 2256.715 25.2464789
 2256.815 25.1836548
 2256.915 25.0460402
 2257.015 24.136411
 2257.115 25.1906939
 2257.215 25.8222783
 2257.315 24.1999389
 2257.415 25.2426074
 2257.515 25.5290992
 2257.615 25.2672443
 2257.715 24.9598111
 2257.815 25.9776667
 2257.915 25.2077638
 2258.015 25.7223229
 2258.115 24.4670732
 2258.215 24.6539617
 2258.315 24.6729673
 2258.415 26.4513989
 2258.515 24.2087378
 2258.615 25.0036295
 2258.715 25.6441887
 2258.815 25.4657472
 2258.915 25.4768338
 2259.015 26.2037981
 2259.115 24.9738893
 2259.215 26.7141337
 2259.315 24.8368026
 2259.415 24.8133975
 2259.515 24.5733638
 2259.615 24.9337664
 2259.715 25.4064427
 2259.815 25.340627
 2259.915 24.8387383
 2260.015 25.6494681
 2260.115 26.2986502
 2260.215 24.7576126
 2260.315 26.7303237
 2260.415 24.2544921
 2260.515 25.3552332
 2260.615 24.6031041
 2260.715 24.6259812
 2260.815 26.4521028
 2260.915 24.7991433
 2261.015 25.0822916
 2261.115 25.0879229
 2261.215 24.1446819
 2261.315 25.1896381
 2261.415 25.3585768
 2261.515 24.9807524
 2261.615 25.5989624
 2261.715 25.3782863
 2261.815 25.2148029
 2261.915 26.2060858
 2262.015 24.9254954
 2262.115 26.1627953
 2262.215 24.4332855
 2262.315 25.7985213
 2262.415 24.5425677
 2262.515 24.4436682
 2262.615 25.3277806
 2262.715 24.8679507
 2262.815 24.5270817
 2262.915 24.7475818
 2263.015 25.8175269
 2263.115 25.3844455
 2263.215 25.9792505
 2263.315 24.532537
 2263.415 26.0125103
 2263.515 25.1000654
 2263.615 25.1785515
 2263.715 24.0771064
 2263.815 25.0386491
 2263.915 25.031962
 2264.015 24.6226376
 2264.115 25.9544376
 2264.215 26.2358261
 2264.315 25.388317
 2264.415 24.7827774
 2264.515 24.1293718
 2264.615 25.7459039
 2264.715 25.697334
 2264.815 24.7516293
 2264.915 25.8835185


# Stim 2 with 200 elements
#    Time   AMPLITUDE
 2635.015 32.7288789
 2635.115 33.9258799
 2635.215 31.7284451
 2635.315 33.6773993
 2635.415 33.1441865
 2635.515 32.5469179
 2635.615 32.6477532
 2635.715 34.0105252
 2635.815 33.283209
 2635.915 32.5571246
 2636.015 33.0148428
 2636.115 33.9206006
 2636.215 33.7896731
 2636.315 33.7685558
 2636.415 33.1098709
 2636.515 32.1430488
 2636.615 32.4680798
 2636.715 32.5921442
 2636.815 33.2050748
 2636.915 31.9074146
 2637.015 31.8106268
 2637.115 31.3390063
 2637.215 31.7353083
 2637.315 31.6703725
 2637.415 33.093153
 2637.515 32.4402753
 2637.615 32.2074567
 2637.715 31.7706798
 2637.815 31.9227246
 2637.915 33.101072
 2638.015 32.2984372
 2638.115 32.8511835
 2638.215 33.4776645
 2638.315 32.3756915
 2638.415 32.5089067
 2638.515 34.1379332
 2638.615 33.4590108
 2638.715 33.4579549
 2638.815 31.4614868
 2638.915 33.1059993
 2639.015 33.9286956
 2639.115 33.1360916
 2639.215 31.5380372
 2639.315 32.6503928
 2639.415 31.9473615
 2639.515 31.6965932
 2639.615 33.3335386
 2639.715 33.8676313
 2639.815 32.3246579
 2639.915 33.0750273
 2640.015 31.8674676
 2640.115 32.672566
 2640.215 32.5277363
 2640.315 33.2344631
 2640.415 33.7865055
 2640.515 31.7388278
 2640.615 32.799974
 2640.715 32.1513198
 2640.815 32.7700577
 2640.915 33.156681
 2641.015 32.2718646
 2641.115 32.0693141
 2641.215 32.7989181
 2641.315 33.877838
 2641.415 34.3902853
 2641.515 33.5107483
 2641.615 32.1038058
 2641.715 32.9270299
 2641.815 33.7838658
 2641.915 32.3830826
 2642.015 32.4756469
 2642.115 32.7227197
 2642.215 32.2382528
 2642.315 31.8306882
 2642.415 33.7829859
 2642.515 34.4897128
 2642.615 33.6921814
 2642.715 32.5238648
 2642.815 31.8947442
 2642.915 32.0592834
 2643.015 32.6562001
 2643.115 33.1332759
 2643.215 32.6671107
 2643.315 33.2429101
 2643.415 33.3273794
 2643.515 32.9639853
 2643.615 32.9717283
 2643.715 33.155977
 2643.815 32.8274265
 2643.915 33.9257039
 2644.015 33.6091199
 2644.115 32.641066
 2644.215 33.3187565
 2644.315 32.5046832
 2644.415  33.94119
 2644.515 33.1733988
 2644.615 31.9160375
 2644.715 34.0224917
 2644.815 32.9013372
 2644.915 33.0162507
 2645.015 33.2110581
 2645.115 32.6475772
 2645.215 33.2837369
 2645.315 33.1287005
 2645.415 32.8193315
 2645.515 33.8665754
 2645.615 32.6159012
 2645.715 33.3754214
 2645.815 33.3953068
 2645.915 32.2947417
 2646.015 33.8547849
 2646.115 32.4946525
 2646.215 33.2944716
 2646.315 31.3669867
 2646.415 32.8268986
 2646.515 32.4756469
 2646.615 33.2932397
 2646.715 33.4224074
 2646.815 34.0737013
 2646.915 32.998125
 2647.015 33.1931084
 2647.115 32.9008092
 2647.215 32.8290103
 2647.315 33.9612514
 2647.415 32.2363171
 2647.515 31.6239143
 2647.615 33.3129492
 2647.715 32.9880942
 2647.815 32.6799571
 2647.915 33.0919211
 2648.015 32.9562422
 2648.115 32.7313426
 2648.215 33.9214805
 2648.315 33.2548766
 2648.415 33.0382479
 2648.515 33.5644215
 2648.615 32.7952226
 2648.715 33.9443576
 2648.815 33.4333181
 2648.915 33.0686921
 2649.015 33.0306808
 2649.115 31.3055705
 2649.215 34.511358
 2649.315 32.7844879
 2649.415 33.2803933
 2649.515 32.3313451
 2649.615 32.6484571
 2649.715 32.4288368
 2649.815 32.8605103
 2649.915 33.2335833
 2650.015 32.6662308
 2650.115 32.6137894
 2650.215 32.3514065
 2650.315 34.0483605
 2650.415 33.4678097
 2650.515  34.21026
 2650.615 32.4759988
 2650.715 32.434644
 2650.815 33.4766086
 2650.915 33.6422037
 2651.015 32.7690019
 2651.115 32.4758229
 2651.215 33.940662
 2651.315 33.4148404
 2651.415 32.3818507
 2651.515 33.3836923
 2651.615 31.9797414
 2651.715 32.1370656
 2651.815 31.8727469
 2651.915 32.2266383
 2652.015 33.0975524
 2652.115 33.8348994
 2652.215 33.6268936
 2652.315 33.8542569
 2652.415 32.5731386
 2652.515 34.932121
 2652.615 32.6247001
 2652.715 32.141641
 2652.815 32.9080243
 2652.915 33.235519
 2653.015 32.0295432
 2653.115 32.2774959
 2653.215 33.2615637
 2653.315 32.1148924
 2653.415 31.911814
 2653.515 33.8568966
 2653.615 33.1415469
 2653.715 31.5610903
 2653.815 33.1206055
 2653.915 33.8114943
 2654.015 34.3732155
 2654.115 33.1459463
 2654.215 32.680661
 2654.315 32.743837
 2654.415 33.4312063
 2654.515 32.5305519
 2654.615 32.4503061
 2654.715 32.2979093
 2654.815 32.681013
 2654.915 33.0118512


# Stim 3 with 200 elements
#    Time   AMPLITUDE
 3300.015 51.4870564
 3300.115 50.372237
 3300.215 50.4732483
 3300.315 50.9218157
 3300.415 50.9441649
 3300.515 50.2180805
 3300.615 49.9342283
 3300.715 51.2655003
 3300.815 49.3008842
 3300.915 51.5182045
 3301.015 50.142762
 3301.115 51.204436
 3301.215 50.3412649
 3301.315 50.5202344
 3301.415 50.0371753
 3301.515 50.7245446
 3301.615 49.6091973
 3301.715 49.5305352
 3301.815 49.7538511
 3301.915 49.992125
 3302.015 49.5094179
 3302.115 48.858476
 3302.215 49.7505075
 3302.315 48.1909922
 3302.415 48.4053332
 3302.515 50.2881197
 3302.615 48.4605902
 3302.715 50.1580721
 3302.815 50.190452
 3302.915 49.9039601
 3303.015 49.9734713
 3303.115 48.0046317
 3303.215 48.8949034
 3303.315 49.691027
 3303.415 49.7559628
 3303.515 50.0901446
 3303.615 49.650904
 3303.715 49.658999
 3303.815 50.4982371
 3303.915 49.8344489
 3304.015 50.0442144
 3304.115 49.8043567
 3304.215 49.7410047
 3304.315 49.4578564
 3304.415 51.0039973
 3304.515 49.8365606
 3304.615 49.9036082
 3304.715 49.3744429
 3304.815 48.8973671
 3304.915 50.4926059
 3305.015 50.5686283
 3305.115 50.8209804
 3305.215 50.4018013
 3305.315 49.7098566
 3305.415 49.6808203
 3305.515 50.6277568
 3305.615 48.7599284
 3305.715 50.0287284
 3305.815 49.4247726
 3305.915 50.0493178
 3306.015 51.1600896
 3306.115 50.5608852
 3306.215 49.9871976
 3306.315 49.7714488
 3306.415 50.9373018
 3306.515 50.6075194
 3306.615 49.5650269
 3306.715 50.1478653
 3306.815 48.9899314
 3306.915 49.817555
 3307.015 49.8529266
 3307.115 50.174086
 3307.215 50.3439046
 3307.315 50.475888
 3307.415 51.5020145
 3307.515 50.2874157
 3307.615 50.4584662
 3307.715 49.9085355
 3307.815 50.6745669
 3307.915 50.776634
 3308.015 49.3932725
 3308.115 50.467969
 3308.215 50.2631308
 3308.315 50.0364714
 3308.415 50.8857403
 3308.515 51.7137158
 3308.615 51.3256848
 3308.715 52.0586323
 3308.815 50.7479496
 3308.915 52.1744257
 3309.015 49.8823148
 3309.115 50.6933965
 3309.215 50.0523094
 3309.315 50.4920779
 3309.415 50.6550334
 3309.515 50.8758855
 3309.615 50.5927372
 3309.715 50.927447
 3309.815 49.278887
 3309.915 51.3520814
 3310.015 49.5703062
 3310.115 50.2050581
 3310.215 50.4794075
 3310.315 50.5929132
 3310.415 50.864271
 3310.515 50.4377008
 3310.615 51.426872
 3310.715 50.3321141
 3310.815 49.7985494
 3310.915 50.0426306
 3311.015 50.531145
 3311.115 49.6377057
 3311.215 49.5074821
 3311.315 51.0833633
 3311.415 51.3909725
 3311.515 50.2235358
 3311.615 51.5234838
 3311.715 49.9993401
 3311.815 49.8786193
 3311.915 51.0904024
 3312.015 50.3931784
 3312.115 51.3443384
 3312.215 50.1760218
 3312.315 49.9275411
 3312.415 51.3149501
 3312.515 50.7736424
 3312.615 50.9017542
 3312.715  50.46005
 3312.815 50.8172849
 3312.915 50.126748
 3313.015 50.1774296
 3313.115 50.8757095
 3313.215 49.8566221
 3313.315 50.7444301
 3313.415 50.6092791
 3313.515 51.1951092
 3313.615 50.9207598
 3313.715 50.5593014
 3313.815 49.9032562
 3313.915  50.55455
 3314.015 50.7671312
 3314.115 49.3753228
 3314.215 50.5483908
 3314.315 51.3035115
 3314.415 51.2508942
 3314.515 51.6003861
 3314.615 50.293047
 3314.715 50.0206334
 3314.815 49.1372248
 3314.915 51.1011371
 3315.015 50.5721478
 3315.115 51.2297769
 3315.215 51.7316655
 3315.315 50.9323744
 3315.415 51.4527407
 3315.515 51.5150369
 3315.615 50.9624666
 3315.715 50.531321
 3315.815 50.7315837
 3315.915 50.1095022
 3316.015 49.4782698
 3316.115 50.2675302
 3316.215 49.8427198
 3316.315 51.5134531
 3316.415 51.6116487
 3316.515 50.3954661
 3316.615 50.0308401
 3316.715 49.8851305
 3316.815 50.6047037
 3316.915 51.4726262
 3317.015 50.0410468
 3317.115 51.402587
 3317.215 50.6761507
 3317.315 50.6365557
 3317.415 50.7581564
 3317.515 49.7341415
 3317.615 49.2721998
 3317.715 51.1222544
 3317.815 50.2567956
 3317.915 50.8412179
 3318.015 50.7129301
 3318.115 51.8576656
 3318.215 51.0537991
 3318.315 52.393694
 3318.415 50.4049689
 3318.515 50.1717983
 3318.615 50.760972
 3318.715 50.7270083
 3318.815 51.0992013
 3318.915 50.4626896
 3319.015 51.5599112
 3319.115 51.9715233
 3319.215 50.1844687
 3319.315 52.0405066
 3319.415 51.3804138
 3319.515 49.5599235
 3319.615 49.984382
 3319.715 51.3696792
 3319.815 49.9780468
 3319.915 49.7482198


# Stim 4 with 200 elements
#    Time   AMPLITUDE
 3752.015 64.4485252
 3752.115 63.7458458
 3752.215 63.308365
 3752.315 63.6819659
 3752.415 62.9532418
 3752.515 64.1002651
 3752.615 64.125254
 3752.715 63.0558369
 3752.815 63.4410523
 3752.915 63.1193649
 3753.015 63.6450105
 3753.115 62.3156743
 3753.215 64.5446091
 3753.315 64.5921231
 3753.415 63.4215187
 3753.515 63.6135105
 3753.615 64.5706538
 3753.715 63.9051057
 3753.815 62.6605907
 3753.915 61.7081989
 3754.015 61.8720342
 3754.115 62.3529815
 3754.215 61.7574727
 3754.315 61.8326152
 3754.415 61.9953947
 3754.515 62.7740964
 3754.615 62.0524115
 3754.715 64.2486144
 3754.815 63.1197168
 3754.915 63.2330465
 3755.015 62.0774003
 3755.115 62.7948618
 3755.215 61.6156346
 3755.315 62.7293981
 3755.415 61.9239477
 3755.515 63.7741782
 3755.615 62.0622662
 3755.715 63.1989068
 3755.815 62.6933226
 3755.915 62.2155429
 3756.015 61.8241683
 3756.115 63.3528874
 3756.215 63.0246888
 3756.315 62.6704455
 3756.415 64.3211172
 3756.515 63.3813958
 3756.615 62.0700092
 3756.715 63.5684602
 3756.815 63.4980691
 3756.915 62.4061268
 3757.015 62.1682049
 3757.115 62.8828507
 3757.215 62.5198085
 3757.315 63.2444851
 3757.415 62.3441827
 3757.515 62.4907722
 3757.615 63.237094
 3757.715 61.3882713
 3757.815 62.2238138
 3757.915 62.2329647
 3758.015 63.0512615
 3758.115 62.7987333
 3758.215 63.8957789
 3758.315 63.8421057
 3758.415 62.9845659
 3758.515 62.4960515
 3758.615 63.2253035
 3758.715 63.0846972
 3758.815 63.427326
 3758.915 63.577963
 3759.015 62.9900212
 3759.115 63.1533286
 3759.215 63.3396891
 3759.315 64.0101645
 3759.415 62.5490208
 3759.515 62.6104371
 3759.615 62.8513507
 3759.715 64.1535864
 3759.815 62.8983367
 3759.915 63.6641921
 3760.015 62.1442719
 3760.115 64.0110444
 3760.215 62.4418503
 3760.315 65.0806374
 3760.415 63.6874212
 3760.515 63.4971892
 3760.615 62.9162865
 3760.715 62.650912
 3760.815 63.0635799
 3760.915 63.5614211
 3761.015 62.0935903
 3761.115 64.4091061
 3761.215 62.8143953
 3761.315 62.9094233
 3761.415 64.6447404
 3761.515 63.3678455
 3761.615 64.0564466
 3761.715 62.2213502
 3761.815 63.9997818
 3761.915 63.8509046
 3762.015 63.1702224
 3762.115 64.0766841
 3762.215 64.4071704
 3762.315 63.5269294
 3762.415 64.5822683
 3762.515 64.6625142
 3762.615 63.0104346
 3762.715 63.4494992
 3762.815 62.3315123
 3762.915 63.9656421
 3763.015 64.7981931
 3763.115 64.5335225
 3763.215 63.6900609
 3763.315 65.0354111
 3763.415 64.5810365
 3763.515 62.7213031
 3763.615 62.8846105
 3763.715 64.0149159
 3763.815 63.2091135
 3763.915 64.6347097
 3764.015 62.5405739
 3764.115 62.801021
 3764.215 63.4324294
 3764.315 64.5481286
 3764.415 63.8491448
 3764.515 62.7990853
 3764.615 62.5903756
 3764.715 64.5238437
 3764.815 63.6543374
 3764.915 63.9299186
 3765.015 63.4403484
 3765.115 65.1452213
 3765.215 63.1809571
 3765.315 63.1096861
 3765.415 63.1315073
 3765.515 63.8773012
 3765.615 62.8184428
 3765.715 63.1197168
 3765.815 64.1952931
 3765.915 64.1382763
 3766.015 64.402419
 3766.115 64.2628686
 3766.215 63.4215187
 3766.315 63.871142
 3766.415 63.8806448
 3766.515 65.1761934
 3766.615 63.1086302
 3766.715 63.8493208
 3766.815 63.6833737
 3766.915 64.1189188
 3767.015 62.9592251
 3767.115 61.9471767
 3767.215  62.85663
 3767.315 62.7253506
 3767.415 64.6391091
 3767.515 62.6085013
 3767.615 63.4781836
 3767.715 63.3039656
 3767.815 64.6927824
 3767.915 63.2728175
 3768.015 64.4680587
 3768.115 62.3545653
 3768.215 63.9835918
 3768.315 62.8543423
 3768.415 64.0501114
 3768.515 63.0331357
 3768.615 64.8349724
 3768.715 63.5867619
 3768.815 62.8918256
 3768.915 64.5915951
 3769.015 64.4312793
 3769.115 64.1592177
 3769.215 63.7581643
 3769.315 62.8708842
 3769.415 63.372245
 3769.515 63.7066028
 3769.615 64.4719302
 3769.715 62.619236
 3769.815 63.3917785
 3769.915 66.2130546
 3770.015 62.9951245
 3770.115 62.8261858
 3770.215 63.7940637
 3770.315 63.7117061
 3770.415 64.5648465
 3770.515 64.5799806
 3770.615 63.0435184
 3770.715 63.5473429
 3770.815 63.1607196
 3770.915 64.2641004
 3771.015 63.7810414
 3771.115 64.7496232
 3771.215 64.2670921
 3771.315 63.1095101
 3771.415 64.3529692
 3771.515 62.9863256
 3771.615 63.6817899
 3771.715 64.7900981
 3771.815 62.8348088
 3771.915 64.1852624


# Stim 5 with 200 elements
#    Time   AMPLITUDE
 4175.015 75.5168248
 4175.115 74.9431372
 4175.215 75.388361
 4175.315 76.1723421
 4175.415 76.4804792
 4175.515 76.6221414
 4175.615 75.6790763
 4175.715 74.0794381
 4175.815 75.2269894
 4175.915 74.4644776
 4176.015 75.777096
 4176.115 76.1450655
 4176.215 74.9299388
 4176.315 76.1941633
 4176.415 76.3169958
 4176.515 75.7243026
 4176.615 74.7750784
 4176.715 74.9197321
 4176.815 75.3052995
 4176.915 74.2006868
 4177.015 73.9289771
 4177.115 74.3724412
 4177.215 73.2915855
 4177.315 75.6227634
 4177.415 73.5522087
 4177.515 75.3028358
 4177.615 74.0266448
 4177.715 75.7732245
 4177.815 73.8570022
 4177.915 75.372523
 4178.015 75.1152435
 4178.115 74.9116371
 4178.215 73.4082588
 4178.315 74.0796141
 4178.415 73.7913625
 4178.515 74.7203493
 4178.615 74.6914889
 4178.715 73.5807171
 4178.815 74.0159102
 4178.915 73.9471028
 4179.015 75.2188944
 4179.115 75.0066652
 4179.215 74.3046897
 4179.315 72.8502332
 4179.415 74.1239605
 4179.515 74.9654864
 4179.615 75.0745926
 4179.715 75.1405843
 4179.815 75.0617462
 4179.915 74.9675981
 4180.015 74.8305114
 4180.115 74.2814607
 4180.215 74.6147626
 4180.315 72.9443813
 4180.415 73.7137563
 4180.515 75.5036265
 4180.615 75.1173552
 4180.715 73.8849827
 4180.815  74.79426
 4180.915 74.746394
 4181.015 74.6615727
 4181.115 74.7571286
 4181.215 76.2481885
 4181.315 74.5647849
 4181.415 75.4077186
 4181.515 75.1001094
 4181.615 74.2098377
 4181.715 74.9973383
 4181.815 74.1397985
 4181.915 73.9011726
 4182.015 74.3360138
 4182.115 76.3191076
 4182.215 76.4167753
 4182.315  74.87345
 4182.415 74.3631143
 4182.515 75.0881429
 4182.615 74.4558546
 4182.715 76.307669
 4182.815 75.5810567
 4182.915 74.4380809
 4183.015 74.8241762
 4183.115 75.8733558
 4183.215 74.3189439
 4183.315 74.1038991
 4183.415 75.0532993
 4183.515 75.4663192
 4183.615 74.880841
 4183.715 75.0142322
 4183.815 74.1815053
 4183.915 75.5907355
 4184.015 75.7997971
 4184.115 75.7075847
 4184.215 75.3735789
 4184.315 75.7793837
 4184.415 76.3421607
 4184.515 74.2316589
 4184.615 75.4337633
 4184.715 76.0350794
 4184.815 77.0045411
 4184.915 74.2749495
 4185.015 75.9226296
 4185.115 74.2277874
 4185.215 74.6816342
 4185.315 75.6389534
 4185.415 75.8569899
 4185.515 75.7003696
 4185.615 76.1213085
 4185.715 74.8456455
 4185.815 75.2269894
 4185.915 76.5165547
 4186.015 75.9085514
 4186.115 76.8368343
 4186.215 73.802977
 4186.315 74.144198
 4186.415 76.3602864
 4186.515 75.7417244
 4186.615 73.9317928
 4186.715 73.8631614
 4186.815 74.3207037
 4186.915 75.6333221
 4187.015 75.5690902
 4187.115 75.2211821
 4187.215 75.9652162
 4187.315 76.2476606
 4187.415 74.8037628
 4187.515 75.3781543
 4187.615 76.2615628
 4187.715 74.7970756
 4187.815 76.616862
 4187.915 75.8274256
 4188.015 75.4191571
 4188.115 75.1639893
 4188.215 75.1439278
 4188.315 75.1194669
 4188.415 75.5940791
 4188.515 75.6713333
 4188.615 76.0266325
 4188.715 76.5044122
 4188.815 74.8606036
 4188.915 77.354033
 4189.015 75.6806601
 4189.115 75.4351711
 4189.215 74.7020476
 4189.315  74.58819
 4189.415 73.6574434
 4189.515 75.5970707
 4189.615 74.9102293
 4189.715 76.1661829
 4189.815 73.6431892
 4189.915 75.2604251
 4190.015 75.6428249
 4190.115 74.6598129
 4190.215 74.7916203
 4190.315 74.1225527
 4190.415 74.7113744
 4190.515 74.8227684
 4190.615 74.8614835
 4190.715 76.5007167
 4190.815 75.9171743
 4190.915 74.064832
 4191.015 75.6804842
 4191.115 76.3115405
 4191.215 75.7853669
 4191.315 76.1204286
 4191.415 75.5328388
 4191.515 74.6318324
 4191.615 75.9891492
 4191.715 74.7997153
 4191.815 74.1429661
 4191.915 75.8809229
 4192.015 75.5986545
 4192.115 74.0943963
 4192.215 73.5002952
 4192.315 74.7134861
 4192.415 73.9606531
 4192.515 76.2506522
 4192.615 74.2448573
 4192.715 76.5098675
 4192.815 75.3779783
 4192.915 74.6263771
 4193.015 74.5137513
 4193.115 74.7349554
 4193.215 75.6679897
 4193.315 75.1199949
 4193.415 74.5317011
 4193.515 75.2236458
 4193.615 74.5225502
 4193.715 75.5409338
 4193.815 75.5983025
 4193.915 75.2261095
 4194.015 74.1728823
 4194.115 75.356861
 4194.215 75.5113695
 4194.315 75.4958834
 4194.415 75.4545287
 4194.515 74.3601227
 4194.615 76.5679402
 4194.715 75.2606011
 4194.815 76.4385965
 4194.915 74.0958041


