# Data from DA_130523_E1.h5 stim 2
# Ratiometric estimator mono-exponential fit
# Fitted model Ca = baseline+delta*exp(-(t-t0)/tau)
# nobs = 180
# number of degrees of freedom = 177
# baseline length = 7
# fit started from point 27
# estimated baseline 0.13962 and standard error nan
# estimated delta 0.0357428 and standard error nan
# estimated tau -0.0166306 and standard error nan
# residual sum of squares: inf
# RSS per degree of freedom: inf
# Probability of observing a larger of equal RSS per DOF under the null hypothesis: -nan

# rss per degree of freedom: inf

# Time    Ca  Prediction  Residual
2635.01 0.130402 0.13962 -1.06407
2635.11 0.132818 0.13962 -0.776954
2635.21 0.128184 0.13962 -1.3566
2635.31 0.164299 0.13962 2.46901
2635.41 0.124221 0.13962 -1.85483
2635.51 0.141042 0.13962 0.156785
2635.61 0.143434 0.13962 0.417856

2637.71 0.216925 0.175363 3.29601
2637.81 0.23267 14.7481 -1085.28
2637.91 0.214655 5970.77 -479973
2638.01 0.226068 2.44026e+06 -1.8205e+08
2638.11 0.234752 9.9736e+08 -7.23162e+10
2638.21 0.197175 4.07632e+11 -3.46617e+13
2638.31 0.195666 1.66603e+14 -1.41958e+16
2638.41 0.197209 6.80926e+16 -5.73199e+18
2638.51 0.193153 2.78302e+19 -2.4299e+21
2638.61 0.180877 1.13745e+22 -1.04015e+24
2638.71 0.201543 4.64887e+24 -3.91e+26
2638.81 0.176881 1.90004e+27 -1.7634e+29
2638.91 0.167971 7.76568e+29 -7.4954e+31
2639.01 0.175074 3.17392e+32 -2.98689e+34
2639.11 0.165718 1.29721e+35 -1.26585e+37
2639.21 0.17144 5.30185e+37 -4.93138e+39
2639.31 0.155448 2.16692e+40 -2.20979e+42
2639.41 0.152761 8.85644e+42 -9.06103e+44
2639.51 0.153134 3.61972e+45 -3.69361e+47
2639.61 0.15858 1.47942e+48 -1.45641e+50
2639.71 0.153653 6.04654e+50 -6.47118e+52
2639.81 0.144728 2.47129e+53 -2.66048e+55
2639.91 0.161755 1.01004e+56 -1.00851e+58
2640.01 0.154166 4.12814e+58 -4.23433e+60
2640.11 0.159852 1.68722e+61 -1.72169e+63
2640.21 0.152555 6.89583e+63 -7.33014e+65
2640.31 0.171975 2.8184e+66 -2.67536e+68
2640.41 0.154418 1.15191e+69 -1.17397e+71
2640.51 0.157993 4.70798e+71 -4.73996e+73
2640.61 0.13454 1.9242e+74 -2.1303e+76
2640.71 0.169311 7.86442e+76 -7.59967e+78
2640.81 0.148712 3.21427e+79 -3.48799e+81
2640.91 0.150432 1.31371e+82 -1.37373e+84
2641.01 0.150555 5.36926e+84 -5.52267e+86
2641.11 0.166539 2.19447e+87 -2.20093e+89
2641.21 0.149686 8.96905e+89 -9.53148e+91
2641.31 0.157316 3.66574e+92 -3.78186e+94
2641.41 0.146127 1.49823e+95 -1.61806e+97
2641.51 0.15458 6.12342e+97 -6.32538e+99
2641.61 0.139999 2.50271e+100 -2.70105e+102
2641.71 0.139845 1.02288e+103 -1.13431e+105
2641.81 0.140182 4.18063e+105 -4.64163e+107
2641.91 0.127792 1.70867e+108 -2.01176e+110
2642.01 0.158988 6.98351e+110 -7.11538e+112
2642.11 0.160244 2.85424e+113 -2.90292e+115
2642.21 0.13893 1.16656e+116 -1.33092e+118
2642.31 0.157926 4.76784e+118 -4.93005e+120
2642.41 0.146963 1.94867e+121 -2.02368e+123
2642.51 0.141022 7.96441e+123 -8.8126e+125
2642.61 0.127578 3.25514e+126 -3.92162e+128
2642.71 0.13527 1.33041e+129 -1.50542e+131
2642.81 0.139784 5.43753e+131 -6.0109e+133
2642.91 0.141423 2.22237e+134 -2.4253e+136
2643.01 0.1457 9.08308e+136 -9.56106e+138
2643.11 0.141651 3.71235e+139 -4.04732e+141
2643.21 0.138393 1.51728e+142 -1.68413e+144
2643.31 0.132837 6.20128e+144 -7.21094e+146
2643.41 0.131804 2.53453e+147 -2.89586e+149
2643.51 0.143794 1.03589e+150 -1.13889e+152
2643.61 0.132488 4.23379e+152 -4.87018e+154
2643.71 0.141184 1.73039e+155 -1.90232e+157
2643.81 0.133358 7.0723e+157 -8.06252e+159
2643.91 0.144362 2.89052e+160 -3.15185e+162
2644.01 0.134318 1.18139e+163 -1.37596e+165
2644.11 0.121664 4.82846e+165 -6.03254e+167
2644.21 0.148369 1.97344e+168 -2.08572e+170
2644.31 0.123162 8.06567e+170 -9.56737e+172
2644.41 0.12162 3.29653e+173 -4.06335e+175
2644.51 0.142977 1.34733e+176 -1.45405e+178
2644.61 0.136472 5.50666e+178 -6.22729e+180
2644.71 0.126002 2.25063e+181 -2.69554e+183
2644.81 0.133024 9.19857e+183 -1.07253e+186
2644.91 0.140648 3.75955e+186 -4.06952e+188
2645.01 0.137126 1.53657e+189 -1.72611e+191
2645.11 0.167326 6.28012e+191 -6.39542e+193
2645.21 0.130313 2.56675e+194 -3.00112e+196
2645.31 0.135479 1.04906e+197 -1.19273e+199
2645.41 0.12365 4.28762e+199 -5.18345e+201
2645.51 0.132078 1.75239e+202 -1.99308e+204
2645.61 0.131243 7.16222e+204 -8.45726e+206
2645.71 0.123945 2.92728e+207 -3.39334e+209
2645.81 0.139464 1.19641e+210 -1.36953e+212
2645.91 0.140845 4.88985e+212 -5.35354e+214
2646.01 0.13144 1.99853e+215 -2.27003e+217
2646.11 0.133684 8.16822e+217 -9.3616e+219
2646.21 0.132289 3.33844e+220 -3.87892e+222
2646.31 0.129965 1.36446e+223 -1.59682e+225
2646.41 0.132328 5.57667e+225 -6.41254e+227
2646.51 0.118757 2.27925e+228 -2.84553e+230
2646.61 0.12576 9.31552e+230 -1.10751e+233
2646.71 0.135359 3.80735e+233 -4.27189e+235
2646.81 0.132332 1.55611e+236 -1.81632e+238
2646.91 0.13813 6.35997e+238 -7.09967e+240
2647.01 0.144107 2.59939e+241 -2.89238e+243
2647.11 0.132254 1.0624e+244 -1.23278e+246
2647.21 0.121296 4.34213e+246 -5.19977e+248
2647.31 0.125199 1.77467e+249 -2.12449e+251
2647.41 0.133623 7.25329e+251 -8.41927e+253
2647.51 0.11904 2.96449e+254 -3.55322e+256
2647.61 0.137775 1.21162e+257 -1.32799e+259
2647.71 0.142922 4.95202e+259 -5.50986e+261
2647.81 0.130385 2.02394e+262 -2.36736e+264
2647.91 0.141036 8.27208e+264 -9.3583e+266
2648.01 0.120591 3.38089e+267 -4.10572e+269
2648.11 0.120047 1.3818e+270 -1.70458e+272
2648.21 0.136338 5.64758e+272 -6.38481e+274
2648.31 0.125332 2.30823e+275 -2.71129e+277
2648.41 0.134228 9.43396e+277 -1.0737e+280
2648.51 0.120615 3.85576e+280 -4.69105e+282
2648.61 0.130936 1.57589e+283 -1.84923e+285
2648.71 0.140251 6.44083e+285 -7.25406e+287
2648.81 0.140069 2.63244e+288 -2.97881e+290
2648.91 0.131718 1.07591e+291 -1.28167e+293
2649.01 0.128905 4.39734e+293 -5.15927e+295
2649.11 0.124089 1.79724e+296 -2.21012e+298
2649.21 0.130701 7.34551e+298 -8.6079e+300
2649.31 0.125425 3.00219e+301 -3.67604e+303
2649.41 0.138732 1.22703e+304 -1.36011e+306
2649.51 0.119386 5.01498e+306 -inf
2649.61 0.1609 inf -inf
2649.71 0.121203 inf -inf
2649.81 0.113108 inf -inf
2649.91 0.129829 inf -inf
2650.01 0.127323 inf -inf
2650.11 0.119394 inf -inf
2650.21 0.135769 inf -inf
2650.31 0.111723 inf -inf
2650.41 0.118067 inf -inf
2650.51 0.127151 inf -inf
2650.61 0.134196 inf -inf
2650.71 0.14057 inf -inf
2650.81 0.119959 inf -inf
2650.91 0.135003 inf -inf
2651.01 0.128508 inf -inf
2651.11 0.127697 inf -inf
2651.21 0.126496 inf -inf
2651.31 0.119838 inf -inf
2651.41 0.119171 inf -inf
2651.51 0.119568 inf -inf
2651.61 0.113185 inf -inf
2651.71 0.126616 inf -inf
2651.81 0.132837 inf -inf
2651.91 0.125512 inf -inf
2652.01 0.131934 inf -inf
2652.11 0.122837 inf -inf
2652.21 0.127947 inf -inf
2652.31 0.139812 inf -inf
2652.41 0.140249 inf -inf
2652.51 0.130577 inf -inf
2652.61 0.115147 inf -inf
2652.71 0.142653 inf -inf
2652.81 0.126511 inf -inf
2652.91 0.117447 inf -inf
2653.01 0.14044 inf -inf
2653.11 0.126847 inf -inf
2653.21 0.131332 inf -inf
2653.31 0.128175 inf -inf
2653.41 0.136645 inf -inf
2653.51 0.127773 inf -inf
2653.61 0.120549 inf -inf
2653.71 0.139697 inf -inf
2653.81 0.150037 inf -inf
2653.91 0.123923 inf -inf
2654.01 0.136316 inf -inf
2654.11 0.127022 inf -inf
2654.21 0.102393 inf -inf
2654.31 0.124488 inf -inf
2654.41 0.13019 inf -inf
2654.51 0.13505 inf -inf
2654.61 0.121821 inf -inf
2654.71 0.148243 inf -inf
2654.81 0.125005 inf -inf
2654.91 0.134166 inf -inf
