# Data from DA_130523_E1.h5 stim 4
# Ratiometric estimator
# Ratiometric estimator:
#    Time    Ca (est)    Ca (se)
 3752.015 0.109227428 0.00456080965
 3752.115 0.107992588 0.00455779987
 3752.215 0.111249495 0.00458769427
 3752.315 0.115074416 0.00471231146
 3752.415 0.112206466 0.00461775376
 3752.515 0.11375997 0.00464766504
 3752.615 0.113355997 0.00458736959
 3752.715 0.114077577 0.00464122129
 3752.815 0.109674595 0.00459197168
 3752.915 0.105700473 0.0044665877
 3753.015 0.112388987 0.00469936626
 3753.115 0.118044629 0.0047871349
 3753.215 0.111491743 0.00456496996
 3753.315 0.110120823 0.00456967749
 3753.415 0.11472696 0.00470458138
 3753.515 0.122302315 0.00494514252
 3753.615 0.159256725 0.00578437076
 3753.715 0.170640246 0.00608049428
 3753.815 0.189177616 0.00679161544
 3753.915 0.214204163 0.00735195742
 3754.015 0.245673779 0.00844609943
 3754.115 0.235284525 0.00830404789
 3754.215 0.232985944 0.00799894112
 3754.315 0.236575861 0.00817478512
 3754.415 0.222402499 0.00768759668
 3754.515 0.203539964 0.00715363637
 3754.615 0.209055745 0.00740165104
 3754.715 0.196382362 0.00703386903
 3754.815 0.203554934 0.00714473801
 3754.915 0.190254588 0.00683444487
 3755.015 0.189870758 0.00680275837
 3755.115 0.191574458 0.00676333535
 3755.215 0.18989625 0.00663881957
 3755.315 0.192817483 0.00671545199
 3755.415 0.182412613 0.0065800111
 3755.515 0.161137664 0.00592162816
 3755.615 0.17259237 0.00628007753
 3755.715 0.171559869 0.0062156991
 3755.815 0.17284738 0.00625376736
 3755.915 0.162410239 0.0059839524
 3756.015 0.171661462 0.00625540265
 3756.115 0.167354082 0.00600509808
 3756.215 0.156458758 0.00593346959
 3756.315  0.159022 0.00582821217
 3756.415 0.154887887 0.00576740718
 3756.515 0.147343401 0.00559887462
 3756.615 0.148593487 0.00556888427
 3756.715 0.152720928 0.00553739608
 3756.815 0.145705764 0.00550165661
 3756.915 0.149653325 0.00555480065
 3757.015 0.14350321 0.00548479524
 3757.115 0.146684374 0.00538659029
 3757.215 0.141117612 0.00533592571
 3757.315 0.143476069 0.00543946125
 3757.415 0.148080968 0.00557373288
 3757.515 0.128040082 0.00507499408
 3757.615 0.139485107 0.00534261111
 3757.715 0.139282934 0.00534430357
 3757.815 0.134043438 0.00518137624
 3757.915 0.135711536 0.0053045434
 3758.015 0.136116748 0.0054176034
 3758.115 0.146396323 0.00548156795
 3758.215 0.138212018 0.00534403719
 3758.315 0.136756395 0.00534187535
 3758.415 0.13388804 0.0052085064
 3758.515 0.129313885 0.00514728891
 3758.615 0.125253829 0.00500378721
 3758.715 0.134312819 0.0051750791
 3758.815 0.131732501 0.00509754149
 3758.915 0.124903182 0.00495777171
 3759.015 0.127015878 0.00506551662
 3759.115 0.119962523 0.00491499595
 3759.215 0.129432006 0.00509606615
 3759.315 0.120305269 0.00484789042
 3759.415 0.127272784 0.00509302775
 3759.515 0.112234591 0.00462936229
 3759.615 0.119710474 0.00485612365
 3759.715 0.12118814 0.00489046797
 3759.815 0.11959746 0.00482759978
 3759.915 0.124218092 0.00500699965
 3760.015 0.121832038 0.00492276842
 3760.115 0.122577163 0.00496269416
 3760.215 0.12636135 0.00501614782
 3760.315 0.114132286 0.00468159793
 3760.415 0.112213341 0.0046764025
 3760.515 0.129809463 0.00511346429
 3760.615 0.116533905 0.00478560921
 3760.715 0.122015871 0.0049621103
 3760.815 0.111107364 0.00463980994
 3760.915 0.108525066 0.00460433038
 3761.015 0.116924328 0.0047293793
 3761.115 0.122830426 0.00484938589
 3761.215 0.110414415 0.00465098802
 3761.315 0.108360287 0.00461650028
 3761.415 0.113050469 0.00463924198
 3761.515 0.122376069 0.00502802731
 3761.615 0.119707536 0.00470882938
 3761.715 0.110756851 0.00462527428
 3761.815 0.108373906 0.00459051035
 3761.915 0.116530824 0.00471933919
 3762.015 0.129469849 0.00498152003
 3762.115 0.115856181 0.0046924175
 3762.215 0.119881289 0.00480228932
 3762.315 0.117349904 0.004678512
 3762.415 0.113256944 0.00474053241
 3762.515 0.11470301 0.00472416015
 3762.615 0.108441314 0.00458735677
 3762.715 0.113126113 0.0047223076
 3762.815 0.114754555 0.00470573234
 3762.915 0.117654857 0.00485279971
 3763.015 0.110850766 0.00465265003
 3763.115 0.108450339 0.00450744531
 3763.215 0.111496075 0.00474838427
 3763.315 0.125059459 0.00497441362
 3763.415 0.11105517 0.00465726459
 3763.515 0.121291601 0.00480707316
 3763.615 0.105555896 0.00456200146
 3763.715 0.110192629 0.00465880822
 3763.815 0.11473277 0.00473278663
 3763.915 0.112382304 0.00463254064
 3764.015 0.12193967 0.00485611136
 3764.115 0.108802661 0.00466831767
 3764.215 0.119740641 0.0048486173
 3764.315 0.117166426 0.00473139924
 3764.415 0.107514088 0.00454713052
 3764.515 0.108578558 0.00457234029
 3764.615 0.113293926 0.00473213295
 3764.715 0.112043899 0.00462377164
 3764.815 0.108272309 0.00459407871
 3764.915 0.110590836 0.00454449376
 3765.015 0.109774252 0.00466613281
 3765.115 0.108781994 0.00454818362
 3765.215 0.110860067 0.0046184484
 3765.315 0.122235189 0.00493071822
 3765.415 0.115065622 0.00476755769
 3765.515 0.109401358 0.00459548888
 3765.615 0.114091553 0.00466824541
 3765.715 0.1122095 0.00464861025
 3765.815 0.110666545 0.00458169214
 3765.915 0.115449565 0.00471429235
 3766.015 0.107897779 0.00453521741
 3766.115 0.119442421 0.00475807233
 3766.215 0.107872884 0.00456046072
 3766.315 0.109664053 0.00454780222
 3766.415 0.115454425 0.0046859103
 3766.515 0.106961667 0.00450857936
 3766.615 0.126290078 0.00500841252
 3766.715 0.107342487 0.00451800091
 3766.815 0.106753861 0.00456737398
 3766.915 0.11782633 0.00490221933
 3767.015 0.115244708 0.0047149693
 3767.115 0.11294778 0.00463305834
 3767.215 0.119819069 0.00478068128
 3767.315 0.108651287 0.00452590949
 3767.415 0.107159847 0.0044652632
 3767.515 0.107028124 0.00445925065
 3767.615 0.105643133 0.00451328
 3767.715 0.113970777 0.00466772366
 3767.815 0.114969445 0.00475246453
 3767.915 0.107569745 0.00457222569
 3768.015 0.0996002973 0.00440904897
 3768.115 0.110081157 0.00455498686
 3768.215 0.112169174 0.00457228736
 3768.315 0.103492364 0.00445796604
 3768.415 0.10422328 0.00441829663
 3768.515 0.111995583 0.00470951363
 3768.615 0.113053684 0.00466127341
 3768.715 0.114355028 0.00471468948
 3768.815 0.109662868 0.0045733018
 3768.915 0.109228844 0.00454948342
 3769.015 0.116049774 0.00474704227
 3769.115 0.112566433 0.00467164345
 3769.215 0.114801956 0.0046903054
 3769.315 0.116080575 0.00472406009
 3769.415 0.109241786 0.0046014869
 3769.515 0.106842514 0.00447664666
 3769.615 0.111418174 0.00463534293
 3769.715 0.106702181 0.00452715869
 3769.815 0.124368317 0.00490743039
 3769.915 0.114283386 0.00464733947
 3770.015 0.11403519 0.00466764085
 3770.115 0.113548565 0.00465662078
 3770.215 0.11377955 0.00469083825
 3770.315 0.102923387 0.00449068627
 3770.415 0.113111074 0.00460483973
 3770.515 0.109852129 0.00457265763
 3770.615 0.116580719 0.00472484255
 3770.715 0.109762286 0.00454834513
 3770.815 0.113335517 0.00461713456
 3770.915 0.109267713 0.00453018831
 3771.015 0.103622237 0.00443777641
 3771.115 0.114158605 0.00475890195
 3771.215 0.108287918 0.00458144785
 3771.315 0.109905848 0.00465518249
 3771.415 0.118267905 0.00474366923
 3771.515 0.112643158 0.00457108227
 3771.615 0.111805915 0.00468118457
 3771.715 0.114530838 0.00464844483
 3771.815 0.110791051 0.00463907333
 3771.915 0.112984903 0.00472890404


