# Data from data_paper/data_beta_escin/DA_121219_E1.h5 stim 3
# Ratiometric estimator
# Ratiometric estimator:
#    Time    Ca (est)    Ca (se)
 3450.015 0.0506884748 0.00204770826
 3450.115 0.0487195177 0.00204399134
 3450.215 0.0470911911 0.00201825654
 3450.315 0.0467452301 0.00202975362
 3450.415 0.0493586663 0.00204917293
 3450.515 0.0499603608 0.00204822524
 3450.615 0.0460845788 0.00199164517
 3450.715 0.0506028847 0.00206226984
 3450.815 0.0490333531 0.00204095582
 3450.915 0.046738939 0.00200743675
 3451.015 0.0519356481 0.00209976298
 3451.115 0.0451300966 0.00200095229
 3451.215 0.0498305659 0.00204593744
 3451.315 0.0504273801 0.00206351093
 3451.415 0.04837804 0.00203683126
 3451.515 0.0508499336 0.0021079323
 3451.615 0.0606741189 0.00222998169
 3451.715 0.0689351624 0.00233368375
 3451.815 0.08056329 0.00254389603
 3451.915 0.0833880788 0.00258378195
 3452.015 0.0969646876 0.00285894343
 3452.115 0.102492446 0.0029673969
 3452.215 0.117673867 0.00319492669
 3452.315 0.133637357 0.003490019
 3452.415 0.138166582 0.00361584573
 3452.515 0.160417836 0.0040552538
 3452.615 0.162007098 0.0041158433
 3452.715 0.161801691 0.00407967764
 3452.815 0.159269423 0.00402864217
 3452.915 0.1559066 0.00395285033
 3453.015 0.148765033 0.00379845954
 3453.115 0.149323044 0.00382754108
 3453.215 0.146457129 0.00371840796
 3453.315 0.148543324 0.00381668076
 3453.415 0.146526547 0.0038344229
 3453.515 0.137777941 0.00356766265
 3453.615 0.134879336 0.0035288145
 3453.715 0.13875571 0.00358214616
 3453.815 0.14181834 0.00361999773
 3453.915 0.121127919 0.00330347636
 3454.015 0.128324805 0.00343621848
 3454.115 0.128441052 0.00340718388
 3454.215 0.124629929 0.00337327663
 3454.315 0.123350774 0.00331079783
 3454.415 0.127168356 0.0033891476
 3454.515 0.116127989 0.00321065666
 3454.615 0.111683081 0.00311894584
 3454.715 0.119897432 0.00320657027
 3454.815 0.112336343 0.00310372373
 3454.915 0.112872084 0.00310221369
 3455.015 0.114101735 0.00314856681
 3455.115 0.112446318 0.00305882225
 3455.215 0.103692641 0.00293929643
 3455.315 0.104973164 0.0029451938
 3455.415 0.0995994145 0.00289774222
 3455.515 0.105786153 0.0029520139
 3455.615 0.10142797 0.00294219359
 3455.715 0.103757931 0.00295201967
 3455.815 0.100451509 0.00287955307
 3455.915 0.104022736 0.00298630626
 3456.015 0.0992182376 0.00291671828
 3456.115 0.092319103 0.00273771997
 3456.215 0.0944399896 0.00281821239
 3456.315 0.0912955235 0.00273711545
 3456.415 0.0972345858 0.00283843842
 3456.515 0.089738209 0.00274385379
 3456.615 0.0931229041 0.00278311985
 3456.715 0.0904444191 0.00272905314
 3456.815 0.089621112 0.00268905108
 3456.915 0.0868530225 0.00266820219
 3457.015 0.0879678623 0.00270032984
 3457.115 0.0874735494 0.00269735202
 3457.215 0.0881708296 0.00271383683
 3457.315 0.0837702941 0.00263400957
 3457.415 0.0811753066 0.00260504012
 3457.515 0.0810075241 0.00253945344
 3457.615 0.0815533039 0.00257623422
 3457.715 0.0805643432 0.0025707629
 3457.815 0.0759136154 0.00247491128
 3457.915 0.0828612623 0.0026156514
 3458.015 0.0765934753 0.00250854803
 3458.115 0.0797077446 0.00256537622
 3458.215 0.0797259009 0.00256149064
 3458.315 0.0777452051 0.00251535113
 3458.415 0.0739360374 0.0024473603
 3458.515 0.0761820337 0.00252834239
 3458.615 0.0703063849 0.00239762365
 3458.715 0.0750825855 0.0024793207
 3458.815 0.0754041779 0.00248428994
 3458.915 0.0740788969 0.00246806471
 3459.015 0.0735919849 0.00243592411
 3459.115 0.073806293 0.00241198524
 3459.215 0.0729106446 0.00244085906
 3459.315 0.0737290719 0.00244932653
 3459.415 0.0732829333 0.00239599419
 3459.515 0.0757358692 0.00250217181
 3459.615 0.0683841561 0.00232014905
 3459.715 0.0699908425 0.00241906867
 3459.815 0.0707623459 0.00239334836
 3459.915 0.0690119246 0.00235802764
 3460.015 0.0622687161 0.00226007122
 3460.115 0.0693771086 0.00234373895
 3460.215 0.0708782633 0.0023787658
 3460.315 0.0657883278 0.00229285406
 3460.415 0.0677093736 0.00238169938
 3460.515 0.0637824313 0.0023058457
 3460.615 0.0644121094 0.00231653688
 3460.715 0.0680898844 0.00237080603
 3460.815 0.0683334749 0.00234997164
 3460.915 0.0617085195 0.00227922894
 3461.015 0.0626548559 0.00226489437
 3461.115 0.0638235593 0.00226909446
 3461.215 0.0638399716 0.00233631213
 3461.315 0.0626262389 0.00226775258
 3461.415 0.0642113039 0.00230086315
 3461.515 0.0612571413 0.00223140249
 3461.615 0.0622767392 0.00228678562
 3461.715 0.0604301393 0.00224413975
 3461.815 0.0592140076 0.00221232147
 3461.915 0.0634988464 0.00227258178
 3462.015 0.0623076598 0.00224073427
 3462.115 0.061622268 0.0022813358
 3462.215 0.0599399024 0.00224191766
 3462.315 0.0580466684 0.00219058775
 3462.415 0.0612438881 0.00221926072
 3462.515 0.0641603817 0.00228499556
 3462.615 0.0588549609 0.00224513472
 3462.715 0.0595373906 0.00219958783
 3462.815 0.058398469 0.00220039185
 3462.915 0.0629809996 0.00221925098
 3463.015 0.0598653197 0.00224117876
 3463.115 0.0596071294 0.00217184801
 3463.215 0.0550471125 0.00215313773
 3463.315 0.0586172788 0.00221883138
 3463.415 0.062410214 0.00229944157
 3463.515 0.0590800074 0.00222869066
 3463.615 0.0575761628 0.00217305528
 3463.715 0.055593048 0.00213905304
 3463.815 0.0553794455 0.00212187551
 3463.915 0.056447799 0.00217052906
 3464.015 0.0551185158 0.00214415109
 3464.115 0.0532086502 0.00210898022
 3464.215 0.0553717875 0.00214507867
 3464.315 0.0614132533 0.00219967281
 3464.415 0.055102239 0.00214014965
 3464.515 0.0586234319 0.00217919915
 3464.615 0.05659672 0.00218436815
 3464.715 0.0608982383 0.00221481208
 3464.815 0.0567860372 0.00216965782
 3464.915 0.0583198319 0.00222834628
 3465.015 0.0583036783 0.00220732744
 3465.115 0.0541095162 0.00212310288
 3465.215 0.0576019743 0.00214607035
 3465.315 0.0571678405 0.00216145184
 3465.415 0.0559097536 0.00214161582
 3465.515 0.0538243597 0.00208635918
 3465.615 0.0570059242 0.00216358876
 3465.715 0.0559978294 0.00214335179
 3465.815 0.0552576521 0.0021800554
 3465.915 0.0558401908 0.00215676154
 3466.015 0.0545372135 0.00216679536
 3466.115 0.0542222929 0.00208504349
 3466.215 0.0517728446 0.00207166178
 3466.315 0.0568466109 0.00215816026
 3466.415 0.0553363076 0.00213932637
 3466.515 0.0519646552 0.00212229134
 3466.615 0.0507388306 0.00207258787
 3466.715 0.0555915907 0.00215756492
 3466.815 0.0547066052 0.00214539538
 3466.915 0.054221565 0.00211798342
 3467.015 0.054113636 0.00213074088
 3467.115 0.0556970305 0.00214141221
 3467.215 0.0548022301 0.00213452802
 3467.315 0.0569177676 0.00215019328
 3467.415 0.0518314807 0.00209697482
 3467.515 0.0532732159 0.00210971644
 3467.615 0.05379284 0.0021243324
 3467.715 0.0564460075 0.00216038488
 3467.815 0.0525073291 0.00210742881
 3467.915 0.0552557528 0.00214699436
 3468.015 0.0563817566 0.00215666403
 3468.115 0.0522193924 0.00208572065
 3468.215 0.0529198385 0.00210051639
 3468.315 0.0527595976 0.00213721051
 3468.415 0.0520059978 0.00210284715
 3468.515 0.0544482806 0.00212179943
 3468.615 0.0533364753 0.00211265478
 3468.715 0.0526994922 0.00209282788
 3468.815 0.0502280111 0.0020622656
 3468.915 0.0531852982 0.00209006357
 3469.015 0.0540033485 0.00215348258
 3469.115 0.0526475762 0.00212673749
 3469.215 0.0565951602 0.00217453318
 3469.315 0.057704825 0.00222131593
 3469.415 0.0522365728 0.00209690612
 3469.515 0.0541931354 0.00211615216
 3469.615 0.0499383909 0.00207487936
 3469.715 0.0557058801 0.00214075227
 3469.815 0.0518698541 0.00208873577
 3469.915 0.0516287033 0.00211047352


