# Data from data_paper/data_beta_escin/DA_121219_E1.h5 stim 2
# Ratiometric estimator
# Ratiometric estimator:
#    Time    Ca (est)    Ca (se)
 2830.015 0.0504705955 0.00272597283
 2830.115 0.0531824253 0.00280040242
 2830.215 0.0454171874 0.00264769475
 2830.315 0.046674376 0.00269635194
 2830.415 0.0546580167 0.0028109897
 2830.515 0.0583308521 0.00287988196
 2830.615 0.053892014 0.00280288722
 2830.715 0.0554406651 0.00282535276
 2830.815 0.048101057 0.00269063437
 2830.915 0.058735981 0.00288665446
 2831.015 0.0491906184 0.00276082916
 2831.115 0.0583917232 0.00291039184
 2831.215 0.0482882888 0.0027136097
 2831.315 0.0524516576 0.00279808322
 2831.415 0.0468555957 0.00267355781
 2831.515 0.0502939838 0.0027593938
 2831.615 0.0646235513 0.00303093134
 2831.715 0.0720735979 0.00315314405
 2831.815 0.0821783937 0.0034525557
 2831.915 0.0985098988 0.00376735575
 2832.015 0.11789902 0.00423619657
 2832.115 0.121614356 0.00444016458
 2832.215 0.13787945 0.00478299597
 2832.315 0.155817004 0.00524163714
 2832.415 0.173907904 0.00572479265
 2832.515 0.186101614 0.0061509628
 2832.615 0.201373452 0.0066624186
 2832.715 0.1847485 0.00607970972
 2832.815 0.179985076 0.0059422061
 2832.915 0.184430788 0.00609205084
 2833.015 0.17253324 0.00574012629
 2833.115 0.175058203 0.00584567628
 2833.215 0.170000147 0.00556861253
 2833.315 0.168788739 0.00561555704
 2833.415 0.159986814 0.00544933035
 2833.515 0.153907942 0.00517446802
 2833.615 0.152229827 0.00518205056
 2833.715 0.159165822 0.00522755585
 2833.815 0.141038881 0.00486560229
 2833.915 0.149209385 0.00507028792
 2834.015 0.142699792 0.00493294993
 2834.115 0.130710375 0.00461449193
 2834.215 0.125970071 0.00449483473
 2834.315 0.133774439 0.00461909236
 2834.415 0.125493543 0.00446361641
 2834.515 0.129585399 0.00458921506
 2834.615 0.120585323 0.00439781885
 2834.715 0.123061061 0.00430267556
 2834.815 0.124812825 0.00438614824
 2834.915 0.112229535 0.00412774095
 2835.015 0.116071753 0.00421407934
 2835.115 0.110955888 0.00401736851
 2835.215 0.113311643 0.0041409071
 2835.315 0.11192301 0.00408949821
 2835.415 0.106313022 0.00400408963
 2835.515 0.10969871 0.00404702975
 2835.615 0.103506381 0.00391610367
 2835.715 0.102112274 0.00390332852
 2835.815 0.0991045016 0.00379195945
 2835.915 0.100400718 0.00385343156
 2836.015 0.0925206882 0.00374639331
 2836.115 0.100416733 0.00384201792
 2836.215 0.0920191479 0.00366874228
 2836.315 0.0965841206 0.00375007792
 2836.415 0.0915215207 0.00362911862
 2836.515 0.0883321726 0.00360279881
 2836.615 0.0865840632 0.00357726788
 2836.715 0.0865110717 0.00353541665
 2836.815 0.0900311952 0.00358278038
 2836.915 0.0854361029 0.00346083956
 2837.015 0.0897510231 0.00361452532
 2837.115 0.0844849854 0.00347460307
 2837.215 0.079128777 0.00342179967
 2837.315 0.0799777132 0.00342627368
 2837.415 0.0831047283 0.00349168987
 2837.515 0.0814496478 0.0033522938
 2837.615 0.0781244232 0.00331435542
 2837.715 0.081699288 0.00342690952
 2837.815 0.0740248601 0.00325900718
 2837.915 0.0793524019 0.00333116386
 2838.015 0.0718309717 0.00324173701
 2838.115 0.0754187543 0.00330225243
 2838.215 0.0727553654 0.00323958965
 2838.315 0.0756895051 0.0032553125
 2838.415 0.0732137469 0.00318339403
 2838.515 0.0665521602 0.0030874806
 2838.615 0.0734522959 0.00323447106
 2838.715 0.0696693747 0.00316269317
 2838.815 0.0736173011 0.00323129279
 2838.915 0.0684712797 0.00316125324
 2839.015 0.0715044171 0.00318059239
 2839.115 0.0652965935 0.00303022017
 2839.215 0.0693271084 0.00314586761
 2839.315 0.0708853678 0.00314819275
 2839.415 0.0698848879 0.00311458597
 2839.515 0.0659631559 0.00311713019
 2839.615 0.0673832313 0.00303391766
 2839.715 0.0639549525 0.00303885369
 2839.815 0.0695108906 0.00312884881
 2839.915 0.0617843039 0.00298863363
 2840.015 0.0674377764 0.00304691116
 2840.115 0.0641899165 0.00297576155
 2840.215 0.0599143947 0.00291911837
 2840.315 0.0656742911 0.00300963598
 2840.415 0.0619369242 0.00297934742
 2840.515 0.0611674515 0.00298109294
 2840.615 0.0606880325 0.00295284866
 2840.715 0.063726628 0.00299941609
 2840.815 0.0645448168 0.0030087446
 2840.915 0.0631633772 0.0030264224
 2841.015 0.0614593585 0.00297889719
 2841.115 0.0612647766 0.0029434525
 2841.215 0.0579354498 0.00295321576
 2841.315 0.0586424683 0.00289972516
 2841.415 0.0633005228 0.003016893
 2841.515 0.0612047627 0.00292498501
 2841.615 0.064202961 0.00299483089
 2841.715 0.0634581481 0.00301850897
 2841.815 0.061775099 0.00294357677
 2841.915 0.0605088284 0.00293505596
 2842.015 0.0604671743 0.0029288765
 2842.115 0.0544441087 0.00287060679
 2842.215 0.053172972 0.00281386508
 2842.315 0.0597024836 0.0029184899
 2842.415 0.0559421642 0.00283946427
 2842.515 0.059459696 0.00293693749
 2842.615 0.0609850461 0.00297358177
 2842.715 0.0600803592 0.00293056219
 2842.815 0.059420772 0.00289674828
 2842.915 0.0549506148 0.00279591206
 2843.015 0.0596138877 0.00296053985
 2843.115 0.0597096325 0.00288534523
 2843.215 0.05659958 0.00285900495
 2843.315 0.0536979717 0.00282958368
 2843.415 0.0640987641 0.00309227878
 2843.515 0.0579159895 0.00289180821
 2843.615 0.0608167774 0.00292966076
 2843.715 0.0606676261 0.00291505391
 2843.815 0.0596600083 0.00286684194
 2843.915 0.0567811779 0.00285579002
 2844.015 0.0610743953 0.00294227238
 2844.115 0.0553537022 0.00280998308
 2844.215 0.0515783545 0.00278289828
 2844.315 0.0560323235 0.00284268267
 2844.415 0.0517063063 0.00274626568
 2844.515 0.0545897464 0.00279708739
 2844.615 0.056656194 0.00289863062
 2844.715 0.0564272431 0.00283066488
 2844.815 0.0561358135 0.00286420367
 2844.915 0.0530302969 0.00284009408
 2845.015 0.0560965947 0.0028578179
 2845.115 0.0583974928 0.00287422664
 2845.215 0.0576115257 0.00285495168
 2845.315 0.0562060255 0.00282741017
 2845.415 0.0561287062 0.00283383722
 2845.515 0.0568623111 0.0027998572
 2845.615 0.0509773807 0.00275427995
 2845.715 0.0583671862 0.00287355103
 2845.815 0.0607158438 0.00296009461
 2845.915 0.0550186925 0.00285095407
 2846.015 0.0525510843 0.00282706313
 2846.115 0.0544287784 0.00276717373
 2846.215 0.0543569095 0.00277163298
 2846.315 0.0529731978 0.00277836638
 2846.415 0.0544777094 0.00279560772
 2846.515 0.056174213 0.0028486866
 2846.615 0.0546294955 0.00278536552
 2846.715 0.0550206976 0.00282266547
 2846.815 0.0530923994 0.00277699676
 2846.915 0.0536348602 0.00279879014
 2847.015 0.0525208857 0.00281061552
 2847.115 0.0567410084 0.00287131156
 2847.215 0.056643517 0.00284018176
 2847.315 0.0554660511 0.00280905446
 2847.415 0.051888831 0.00279544689
 2847.515 0.0533343039 0.00276742853
 2847.615 0.0547567923 0.00281158908
 2847.715 0.0542050704 0.00279804476
 2847.815 0.0537078277 0.00276972811
 2847.915 0.0553804149 0.00279823926
 2848.015 0.0497402063 0.0027261111
 2848.115 0.0527346975 0.00277040478
 2848.215 0.0585756082 0.00288615504
 2848.315 0.0511859136 0.00279866349
 2848.415 0.0546574087 0.00278734919
 2848.515 0.0484993203 0.00268378096
 2848.615 0.0578890082 0.00286557682
 2848.715 0.0508771187 0.00270587481
 2848.815 0.0493770383 0.00268958087
 2848.915 0.0522161546 0.00274278317
 2849.015 0.0570956765 0.00288518288
 2849.115 0.0579183903 0.00288418869
 2849.215 0.0512488661 0.00274202028
 2849.315 0.0530803186 0.00285055865
 2849.415 0.0537356962 0.0028036217
 2849.515 0.0517657921 0.00275027661
 2849.615 0.0604669911 0.00294865734
 2849.715 0.0533838922 0.00276928077
 2849.815 0.0581853473 0.00286258959
 2849.915 0.0566390267 0.00284515419


