# Data from data_paper/data_beta_escin/DA_121219_E1.h5 stim 1
# Ratiometric estimator
# Ratiometric estimator:
#    Time    Ca (est)    Ca (se)
 2280.015 0.0585742589 0.00498658637
 2280.115 0.0580705466 0.00503697495
 2280.215 0.0561131927 0.00498586208
 2280.315 0.0548411254 0.00499159534
 2280.415 0.0554093381 0.00492383482
 2280.515 0.0589191146 0.00504905829
 2280.615 0.0557961728 0.00498320357
 2280.715 0.0620439231 0.00511536143
 2280.815 0.0575242704 0.0049821854
 2280.915 0.0517567536 0.00488405402
 2281.015 0.0626427143 0.005186675
 2281.115 0.0571027484 0.00509222996
 2281.215 0.0597101862 0.00496962672
 2281.315 0.0581173952 0.00503261428
 2281.415 0.0572531914 0.00492028024
 2281.515 0.0631085462 0.00536264856
 2281.615 0.0957671735 0.00635809303
 2281.715 0.107103069 0.00693413605
 2281.815 0.123966167 0.00799213987
 2281.915 0.151054673 0.00868831276
 2282.015 0.185714248 0.0107318701
 2282.115 0.187938416 0.0108563492
 2282.215 0.217321493 0.0122096541
 2282.315 0.237860435 0.0136638821
 2282.415 0.257568484 0.0148458667
 2282.515 0.30747031 0.0179965318
 2282.615 0.250310316 0.0146867969
 2282.715 0.264650065 0.0149933464
 2282.815 0.228251151 0.0131590074
 2282.915 0.2343414 0.0133520337
 2283.015 0.22988793 0.0130127325
 2283.115 0.205147368 0.0116842556
 2283.215 0.196352916 0.0110383466
 2283.315 0.202124393 0.011590269
 2283.415 0.181711149 0.0104981637
 2283.515 0.174227028 0.0100883237
 2283.615 0.167060216 0.00970542962
 2283.715 0.146443705 0.00859908505
 2283.815 0.154280951 0.00892744573
 2283.915 0.150904996 0.00909058243
 2284.015 0.150669317 0.00869384269
 2284.115 0.152291287 0.00900898326
 2284.215 0.147590903 0.00878770874
 2284.315 0.134523418 0.00812957107
 2284.415 0.148358055 0.0088205462
 2284.515 0.122938171 0.00753438085
 2284.615 0.134919151 0.00825227645
 2284.715 0.124273938 0.00750948961
 2284.815 0.127657523 0.00790555005
 2284.915 0.112825247 0.00726631358
 2285.015 0.108932879 0.00699923236
 2285.115 0.112720247 0.00709082055
 2285.215 0.10022781 0.00658246508
 2285.315 0.0973199084 0.00645886944
 2285.415 0.106848369 0.00694554161
 2285.515 0.100349834 0.00665116021
 2285.615 0.10245218 0.00670399382
 2285.715 0.104895528 0.0067041599
 2285.815 0.0957166741 0.0063840412
 2285.915 0.08933187 0.00637047461
 2286.015 0.0991106022 0.00652905743
 2286.115 0.0889876763 0.00620617398
 2286.215 0.0940184783 0.00638069066
 2286.315 0.0924028601 0.00627225507
 2286.415 0.094282228 0.006298654
 2286.515 0.0944440761 0.00654935442
 2286.615 0.0840558741 0.00600185448
 2286.715 0.0830622656 0.00588528317
 2286.815 0.0930414322 0.00629181985
 2286.915 0.0822791988 0.00576186249
 2287.015 0.0793625916 0.00581542444
 2287.115 0.075716021 0.00564514034
 2287.215 0.0877666445 0.00622307234
 2287.315 0.0901485928 0.00628412627
 2287.415 0.0867919451 0.00608382602
 2287.515 0.0747969123 0.00562159485
 2287.615 0.0829398927 0.0059639339
 2287.715 0.0739819221 0.00563340327
 2287.815 0.0814873052 0.00583612953
 2287.915 0.0756624616 0.0055666174
 2288.015 0.080301991 0.00583878644
 2288.115 0.0802907003 0.00576419335
 2288.215 0.0747030458 0.00561580965
 2288.315 0.0766174778 0.00568971735
 2288.415 0.0754373793 0.00565035851
 2288.515 0.0677338667 0.00540249323
 2288.615 0.070034458 0.00543345036
 2288.715 0.0785328078 0.00581932111
 2288.815 0.0711023418 0.00551393889
 2288.915 0.0665943548 0.00530941643
 2289.015 0.0646763446 0.0052136863
 2289.115 0.074908544 0.00565976162
 2289.215 0.0608886912 0.00504814135
 2289.315 0.0707641705 0.005433111
 2289.415 0.0683746172 0.00531475489
 2289.515 0.0621636391 0.00523655362
 2289.615 0.0620994807 0.00516300175
 2289.715 0.067675008 0.00532117364
 2289.815 0.0741743737 0.00568977594
 2289.915 0.0621528689 0.0051573409
 2290.015 0.0635051583 0.0051944179
 2290.115 0.066031766 0.0052477491
 2290.215 0.0667933089 0.00527925609
 2290.315 0.0694844448 0.00531631327
 2290.415 0.0654527683 0.00526933779
 2290.515 0.0651626309 0.00517571588
 2290.615 0.0658952957 0.00528335497
 2290.715 0.0669534742 0.00525399589
 2290.815 0.0671552464 0.00530500454
 2290.915 0.0642452802 0.00525967098
 2291.015 0.0594215041 0.00506623748
 2291.115 0.0614032315 0.00502796002
 2291.215 0.0648674638 0.00532011169
 2291.315 0.0576720849 0.00493453096
 2291.415 0.0595595073 0.00509102691
 2291.515 0.0583397064 0.0050070946
 2291.615 0.057887347 0.00502756703
 2291.715 0.0686598071 0.00535014653
 2291.815 0.0681772321 0.00537469934
 2291.915 0.0635116848 0.00512463789
 2292.015 0.0698946685 0.00536215728
 2292.115 0.0717017514 0.00546296363
 2292.215 0.0676980949 0.00533885262
 2292.315 0.0530291297 0.00470924345
 2292.415 0.0625860471 0.00514357395
 2292.515 0.0549589324 0.00490026911
 2292.615 0.0664524526 0.0054371063
 2292.715 0.0577422569 0.00500311851
 2292.815 0.0609543463 0.00510375868
 2292.915 0.0630277782 0.00509482536
 2293.015 0.0632564453 0.00517497048
 2293.115 0.0619801162 0.00506553633
 2293.215 0.0577107568 0.00495577261
 2293.315 0.0602845921 0.00505374611
 2293.415 0.0598368079 0.00500952864
 2293.515 0.0599382153 0.00502498069
 2293.615 0.0631556006 0.00502312502
 2293.715 0.058616928 0.00503447214
 2293.815 0.0630469241 0.00511432511
 2293.915 0.0614043625 0.00506294031
 2294.015 0.0600327336 0.00498917128
 2294.115 0.0617759748 0.00512275667
 2294.215 0.0622219964 0.00509718925
 2294.315 0.0629837196 0.00506790844
 2294.415 0.059809972 0.00507225763
 2294.515 0.0625417592 0.0051115847
 2294.615 0.0526836326 0.00488922501
 2294.715 0.0583550435 0.00496359244
 2294.815 0.0627741211 0.00518722308
 2294.915 0.0553423345 0.00495556762
 2295.015 0.0562991615 0.00493607741
 2295.115 0.0447716167 0.00459374027
 2295.215 0.0656860726 0.00511998944
 2295.315 0.0561585988 0.00490253533
 2295.415 0.055148677 0.00479441637
 2295.515 0.0615490169 0.00498110485
 2295.615 0.0637132583 0.00517783451
 2295.715 0.0701463676 0.00542636304
 2295.815 0.0568088769 0.00497470337
 2295.915 0.0566808278 0.00496571782
 2296.015 0.0603589364 0.00501713643
 2296.115 0.0591263188 0.00501703409
 2296.215 0.0656227152 0.00513262874
 2296.315 0.0637311736 0.00501542039
 2296.415 0.0607781875 0.00505951205
 2296.515 0.0634838864 0.00517969094
 2296.615 0.0514333818 0.00474672074
 2296.715 0.0645462132 0.00513698202
 2296.815 0.0597294619 0.00505396194
 2296.915 0.0590094283 0.00492109449
 2297.015 0.0633106664 0.0050404672
 2297.115 0.0621386354 0.0050476879
 2297.215 0.0684655551 0.00529717775
 2297.315 0.0581366147 0.00485392402
 2297.415 0.0578248922 0.00494871207
 2297.515 0.0497446268 0.00461569372
 2297.615 0.0598770343 0.00498731276
 2297.715 0.0561080401 0.00487968635
 2297.815 0.0672549449 0.00526617164
 2297.915 0.05911252 0.00492881852
 2298.015 0.0644444634 0.0050929703
 2298.115 0.0553340445 0.00485330758
 2298.215 0.0600742034 0.00502697748
 2298.315 0.0571158344 0.00494304903
 2298.415 0.0527502255 0.00476716598
 2298.515 0.0575846604 0.00486923059
 2298.615 0.0605522373 0.00493120865
 2298.715 0.0631433352 0.00497101464
 2298.815 0.0613079812 0.00493996512
 2298.915 0.0584260008 0.00487544099
 2299.015 0.0568271607 0.00496553516
 2299.115 0.0600072992 0.00499306979
 2299.215 0.0571064442 0.00489548739
 2299.315 0.0646667339 0.00524085998
 2299.415 0.0585491893 0.00493281058
 2299.515 0.0603199082 0.00496355327
 2299.615 0.0591423086 0.00491581709
 2299.715 0.0552355831 0.00484324334
 2299.815 0.0555879163 0.00480875457
 2299.915 0.0580843614 0.00491480081


