# Cellular [Fura] for dataset data_paper/data_beta_escin/DA_121219_E1.h5

# Loading curve with 104 elements
#    Time   AMPLITUDE
    0.021 1.33580037
   30.021 1.13757624
   60.021 0.975848532
   90.021 1.05440199
  120.021 0.820464625
  150.021 1.14509481
  180.021 0.64557941
  210.021 1.6233859
  240.021 0.566007812
  270.021 1.29280351
  300.021 1.75887691
  330.021 1.04422058
  360.021 1.1941222
  390.021 1.4049556
  420.021 0.787727491
  450.021 0.603130782
  480.021 0.921652129
  510.021 1.19467043
  540.021 0.678629818
  570.021 0.389712865
  600.021 0.695859888
  630.021 1.54773023
  660.021 0.207857304
  690.021 0.763448755
  720.021 1.26578363
  750.021 1.09943513
  780.021 1.40926312
  810.021 0.736898783
  840.021 0.601251138
  870.021 0.994723291
  900.021 0.992217099
  930.021 1.12794306
  960.021 1.92154444
  990.021 1.15566781
 1020.021 0.719590394
 1050.021 0.883980929
 1080.021 0.946087501
 1110.021 0.945225998
 1140.021 1.37080874
 1170.021 1.04813651
 1200.021 1.31402782
 1230.021 1.19333901
 1260.021 1.0277737
 1290.021 0.43960175
 1320.021 0.918910981
 1350.021 0.782401833
 1380.021 1.58132887
 1410.021 1.36540476
 2460.021 41.4309573
 2490.021 43.3387177
 2520.021 44.9844244
 2550.021 47.957943
 2580.021 48.6289759
 2610.021 51.2420727
 2640.021 53.5522335
 2970.021 75.0977317
 3000.021 78.2825536
 3030.021 79.741079
 3060.021 82.1926048
 3090.021 82.8628545
 3120.021 83.3446699
 3150.021 84.9830147
 3180.021 88.3824292
 3210.021 88.0906145
 3240.021 88.4014606
 3600.021 108.169677
 3630.021 107.529737
 3660.021 104.249131
 3690.021 115.329946
 3720.021 125.169883
 3750.021 134.500279
 3780.021 140.083918
 3810.021 146.052258
 3840.021 152.449313
 3870.021 154.560232
 3900.021 162.602289
 3930.021 164.165839
 3960.021 167.599088
 3990.021 171.252097
 4020.021 172.511616
 4050.021 178.773806
 4080.021 178.625314
 4110.021 178.125094
 4140.021 182.828434
 4170.021 188.077888
 4200.021 186.686481
 4230.021 186.192057
 4260.021 189.702292
 4290.021 188.382155
 4320.021 193.086199
 4350.021 191.448168
 4380.021 194.819153
 4410.021 195.054813
 4440.021 195.709556
 4470.021 197.354166
 4500.021 196.871176
 4530.021 193.966343
 4560.021 196.376751
 4590.021 196.990377
 4620.021 199.717192
 4650.021 198.287958
 4680.021       200
 4710.021 184.202375
 4740.021 180.541612


# Stim 1 with 200 elements
#    Time   AMPLITUDE
 2280.015 29.5047725
 2280.115 31.0958912
 2280.215 29.9805574
 2280.315 30.3817048
 2280.415 31.741314
 2280.515 30.5119485
 2280.615 31.6087991
 2280.715 28.7305941
 2280.815 31.8570687
 2280.915 31.4340705
 2281.015 31.5213173
 2281.115 30.9764555
 2281.215 30.6493191
 2281.315 31.3674998
 2281.415 29.366697
 2281.515 30.5387334
 2281.615 31.2089048
 2281.715 28.4802099
 2281.815 30.6072621
 2281.915 30.8316446
 2282.015 29.882346
 2282.115 29.0880398
 2282.215 28.3936679
 2282.315 29.4137664
 2282.415 28.9966421
 2282.515 29.7477948
 2282.615 30.1918607
 2282.715 28.7614516
 2282.815 29.1590747
 2282.915 29.348997
 2283.015 30.0034264
 2283.115 29.2654312
 2283.215 29.081461
 2283.315 29.1777145
 2283.415 28.7283229
 2283.515 28.5933018
 2283.615 28.9012502
 2283.715 29.269817
 2283.815 29.551842
 2283.915 29.1646353
 2284.015 29.3447678
 2284.115 30.5629338
 2284.215 30.012903
 2284.315 30.3223394
 2284.415 28.9086904
 2284.515 29.8923708
 2284.615 31.4069723
 2284.715 30.0740697
 2284.815 29.9860397
 2284.915 30.0172105
 2285.015 30.8779308
 2285.115 30.4611981
 2285.215 29.7043281
 2285.315 29.7338542
 2285.415 29.5890432
 2285.515 30.4954233
 2285.615 30.2917168
 2285.715 29.9101491
 2285.815 30.6969368
 2285.915 30.8513809
 2286.015 29.8652726
 2286.115 31.4012551
 2286.215 31.5370593
 2286.315 31.7883834
 2286.415 31.0111506
 2286.515 31.3217618
 2286.615 31.1707637
 2286.715 30.5417095
 2286.815 30.8279636
 2286.915 30.9662741
 2287.015 30.8340725
 2287.115 31.1756195
 2287.215 31.6574349
 2287.315 31.0050418
 2287.415 31.6542238
 2287.515 30.5918333
 2287.615 30.3541367
 2287.715 30.8394764
 2287.815 31.1903433
 2287.915 30.4172614
 2288.015 30.9054989
 2288.115  31.24313
 2288.215 30.1109577
 2288.315 30.1161268
 2288.415 30.9983847
 2288.515 30.3771623
 2288.615 30.341684
 2288.715 31.2505703
 2288.815 31.6976906
 2288.915 30.3266469
 2289.015 31.2371778
 2289.115 31.8605931
 2289.215 31.3174543
 2289.315 30.5476617
 2289.415 30.8232645
 2289.515 30.9170901
 2289.615 31.3302202
 2289.715 30.9931373
 2289.815 30.8898352
 2289.915 31.2786083
 2290.015 30.5623073
 2290.115 29.8514885
 2290.215 30.7759601
 2290.315 31.1844694
 2290.415 32.0072836
 2290.515 30.6922377
 2290.615 32.2487396
 2290.715 30.3118447
 2290.815 30.5851763
 2290.915 30.965256
 2291.015 31.1735832
 2291.115 30.9863236
 2291.215 29.9318433
 2291.315 31.458036
 2291.415 31.3530892
 2291.515 30.5449989
 2291.615 30.2215435
 2291.715 31.3086826
 2291.815 30.2509129
 2291.915 30.9562493
 2292.015 30.0574662
 2292.115 32.1489618
 2292.215 31.4542767
 2292.315 31.406659
 2292.415 30.5713139
 2292.515 31.0561054
 2292.615 31.0669917
 2292.715 30.427991
 2292.815 31.2484557
 2292.915 31.7706834
 2293.015 31.3077428
 2293.115 31.6450605
 2293.215 31.3841816
 2293.315 32.2693373
 2293.415 32.0010181
 2293.515 32.0046991
 2293.615 30.9250002
 2293.715 30.0103968
 2293.815 29.5998512
 2293.915 31.2209659
 2294.015 31.2812711
 2294.115 31.2076517
 2294.215 31.272891
 2294.315 31.3032003
 2294.415 31.865997
 2294.515 31.1655164
 2294.615 31.3753316
 2294.715 30.8563149
 2294.815 31.5295408
 2294.915 32.2549267
 2295.015 31.3547339
 2295.115 31.3567701
 2295.215 31.2117243
 2295.315 30.1510568
 2295.415 31.6231314
 2295.515 31.3044534
 2295.615 30.9757506
 2295.715 31.1701372
 2295.815 31.3627224
 2295.915 31.6735685
 2296.015 31.4920262
 2296.115 31.7889316
 2296.215 30.317092
 2296.315 31.5564823
 2296.415 30.8641468
 2296.515 31.6770145
 2296.615 31.3452573
 2296.715 31.1711553
 2296.815 31.4582709
 2296.915 31.1521239
 2297.015 32.0792583
 2297.115 31.5722243
 2297.215 31.3195689
 2297.315 29.7800621
 2297.415 31.7891666
 2297.515 30.3429371
 2297.615 32.2101285
 2297.715 30.5738984
 2297.815 31.306568
 2297.915 31.4025082
 2298.015 31.2489256
 2298.115 32.0057956
 2298.215 31.2266048
 2298.315 31.1438221
 2298.415 32.0510637
 2298.515 31.878293
 2298.615 32.6140954
 2298.715 31.4341488
 2298.815 32.1308702
 2298.915 32.8828845
 2299.015 31.3493299
 2299.115 32.0232606
 2299.215 31.1990367
 2299.315 31.3794042
 2299.415 31.6738034
 2299.515 31.4411975
 2299.615 31.3198821
 2299.715 32.2795187
 2299.815 31.2704632
 2299.915 31.8572254


# Stim 2 with 200 elements
#    Time   AMPLITUDE
 2830.015 65.7341283
 2830.115 64.778016
 2830.215 65.7511234
 2830.315 65.2222385
 2830.415 64.8661243
 2830.515 63.5735558
 2830.615 63.7881485
 2830.715 64.1660352
 2830.815 65.2264677
 2830.915 65.2556022
 2831.015 65.7075783
 2831.115 65.6487611
 2831.215 64.3442098
 2831.315 63.5462226
 2831.415 64.5760326
 2831.515 63.3426728
 2831.615 63.9239527
 2831.715 64.5035096
 2831.815 63.6822618
 2831.915 63.5531929
 2832.015 63.8228435
 2832.115 62.6400775
 2832.215 61.5853623
 2832.315 61.5692287
 2832.415 63.0528944
 2832.515 61.2430321
 2832.615 60.4938373
 2832.715 62.3748911
 2832.815 61.1739552
 2832.915 62.2476235
 2833.015 61.1149814
 2833.115 62.261016
 2833.215 62.5166476
 2833.315 62.1408754
 2833.415 62.9990895
 2833.515 61.2458516
 2833.615 61.3927771
 2833.715 62.9128609
 2833.815 61.3262063
 2833.915 62.1976563
 2834.015 62.8859976
 2834.115 62.7550491
 2834.215 61.4133748
 2834.315 62.9289162
 2834.415 62.7151067
 2834.515 62.767815
 2834.615 63.9782275
 2834.715 62.3328341
 2834.815 61.8984013
 2834.915 62.3378464
 2835.015 62.5410829
 2835.115 62.0107101
 2835.215 64.1065132
 2835.315  64.54541
 2835.415 62.2017289
 2835.515 62.4752954
 2835.615 62.1302241
 2835.715 62.7353912
 2835.815 62.3545283
 2835.915 62.0377299
 2836.015 63.5343965
 2836.115 64.8058974
 2836.215 63.2973264
 2836.315 62.329623
 2836.415 62.6344386
 2836.515 63.1844694
 2836.615 63.0218019
 2836.715 63.8092161
 2836.815 64.0918676
 2836.915 63.5970513
 2837.015 63.5098045
 2837.115 63.2226106
 2837.215 62.9933723
 2837.315 64.4447708
 2837.415 62.9456763
 2837.515 64.9139769
 2837.615 63.7545498
 2837.715 65.3807552
 2837.815 64.4331013
 2837.915 63.5394872
 2838.015 64.1677582
 2838.115 65.3364269
 2838.215 65.045787
 2838.315 63.4726032
 2838.415 63.5569522
 2838.515 62.415695
 2838.615 63.8725758
 2838.715 65.0053746
 2838.815 64.4431261
 2838.915 64.2403595
 2839.015 63.4625001
 2839.115 64.0981331
 2839.215 64.9900242
 2839.315 63.3466671
 2839.415 64.0117478
 2839.515 65.5680147
 2839.615 64.4422646
 2839.715 65.4530432
 2839.815 64.6877148
 2839.915 64.2764643
 2840.015 64.0464429
 2840.115 65.098417
 2840.215 65.5396634
 2840.315 63.4070506
 2840.415 64.4309867
 2840.515 64.3380227
 2840.615 64.3011346
 2840.715 64.2864891
 2840.815 63.6113053
 2840.915 63.5014244
 2841.015 63.7638697
 2841.115 64.4172027
 2841.215 64.9598716
 2841.315 63.5159133
 2841.415 63.9969456
 2841.515 64.5004552
 2841.615 64.332462
 2841.715  65.40801
 2841.815 63.061666
 2841.915 64.1415999
 2842.015 63.8547975
 2842.115 64.4920751
 2842.215 64.9514132
 2842.315 64.3438965
 2842.415 64.0541181
 2842.515 65.8801923
 2842.615 64.0907711
 2842.715 65.5344161
 2842.815 65.999628
 2842.915 64.8434119
 2843.015 64.2280635
 2843.115 66.4322594
 2843.215 63.3927183
 2843.315 63.9869991
 2843.415 65.1079718
 2843.515 64.2282984
 2843.615 64.9160132
 2843.715 65.4074618
 2843.815 64.3323837
 2843.915 65.5055166
 2844.015 65.061529
 2844.115 62.7815207
 2844.215 64.2286117
 2844.315 65.457429
 2844.415 65.4405122
 2844.515  64.73917
 2844.615 65.1580174
 2844.715 65.0385817
 2844.815 65.4611883
 2844.915 64.8736429
 2845.015 63.7401392
 2845.115 64.5113415
 2845.215 65.2155031
 2845.315 65.2399385
 2845.415 63.6271256
 2845.515 65.2586566
 2845.615 65.316534
 2845.715 63.8331816
 2845.815 65.9810665
 2845.915 65.1235572
 2846.015 64.3424085
 2846.115 65.2763566
 2846.215 64.6720511
 2846.315 63.4614037
 2846.415 64.6519232
 2846.515 65.1317024
 2846.615 65.1216776
 2846.715 66.1486681
 2846.815 63.8901191
 2846.915 65.4567241
 2847.015 65.6628584
 2847.115 65.5507847
 2847.215 63.5611814
 2847.315 64.7244461
 2847.415 65.0298883
 2847.515 65.7025659
 2847.615 65.1671023
 2847.715 65.6296514
 2847.815 67.0885684
 2847.915 64.8403575
 2848.015 64.7606293
 2848.115 66.077085
 2848.215 65.7053071
 2848.315 65.6378748
 2848.415 65.4517901
 2848.515 64.0908495
 2848.615 65.3638384
 2848.715 65.0277737
 2848.815 64.952118
 2848.915 65.4878166
 2849.015 65.1515169
 2849.115 65.7222239
 2849.215 64.7907819
 2849.315 65.8582631
 2849.415 66.1657415
 2849.515 66.9800973
 2849.615 64.5568445
 2849.715 64.9075548
 2849.815 65.2984424
 2849.915 65.9511488


# Stim 3 with 200 elements
#    Time   AMPLITUDE
 3450.015 99.2690926
 3450.115 99.2802921
 3450.215 99.974429
 3450.315 99.9384025
 3450.415 97.7060119
 3450.515 100.058151
 3450.615 99.8916464
 3450.715 99.9080932
 3450.815 100.078593
 3450.915 98.7944041
 3451.015 99.1084613
 3451.115 98.2681038
 3451.215 98.1062195
 3451.315 99.6780718
 3451.415 99.6161219
 3451.515 99.923522
 3451.615 98.2360715
 3451.715 97.4572724
 3451.815 97.6180602
 3451.915 98.0604031
 3452.015 97.3410477
 3452.115 96.9635525
 3452.215 97.1797116
 3452.315 95.4426855
 3452.415 95.3712591
 3452.515 94.8555317
 3452.615 95.2773552
 3452.715 93.8512536
 3452.815 94.2968075
 3452.915 94.5438241
 3453.015 95.109127
 3453.115 94.1288927
 3453.215 94.6424271
 3453.315 94.3951756
 3453.415 94.4857118
 3453.515 95.6508561
 3453.615 96.2865674
 3453.715 95.6237579
 3453.815 95.4939058
 3453.915 95.2713247
 3454.015 97.1241055
 3454.115 95.8332599
 3454.215 95.2143871
 3454.315 94.8505193
 3454.415 96.7686178
 3454.515 96.6430732
 3454.615 96.3168767
 3454.715 97.633254
 3454.815 97.5500015
 3454.915 96.5523021
 3455.015 97.9074471
 3455.115 96.9517264
 3455.215 96.9476539
 3455.315 94.9208494
 3455.415 95.5120757
 3455.515 96.7282054
 3455.615 96.5082871
 3455.715 96.240986
 3455.815 95.3259127
 3455.915 96.241221
 3456.015 96.5938109
 3456.115 95.9084457
 3456.215 95.8408568
 3456.315 96.8774022
 3456.415 96.7596111
 3456.515 98.5548278
 3456.615 97.2563854
 3456.715 97.8910002
 3456.815 97.4752856
 3456.915 97.0587878
 3457.015 96.8121629
 3457.115 95.2703065
 3457.215 94.9209277
 3457.315 97.5058298
 3457.415 96.6878714
 3457.515 96.1429313
 3457.615 96.6874798
 3457.715 98.1915083
 3457.815 98.1841464
 3457.915 98.4722018
 3458.015 97.7233203
 3458.115 97.1596621
 3458.215 97.5817988
 3458.315 96.8695703
 3458.415 98.2443733
 3458.515 98.4931912
 3458.615 96.6111976
 3458.715 97.855287
 3458.815 97.7858968
 3458.915 98.2443733
 3459.015 97.3862375
 3459.115 97.835864
 3459.215 97.6556531
 3459.315 97.1878567
 3459.415 98.253145
 3459.515 98.068235
 3459.615 97.2494934
 3459.715 98.7893134
 3459.815 96.222033
 3459.915 97.0128932
 3460.015 97.9040794
 3460.115 97.8909219
 3460.215 98.2947321
 3460.315 98.2183716
 3460.415 98.2867436
 3460.515 96.1777047
 3460.615 97.570286
 3460.715 97.9427688
 3460.815 98.2673206
 3460.915 96.8332305
 3461.015 96.6418201
 3461.115 97.0715537
 3461.215 95.7998962
 3461.315 99.5145428
 3461.415 97.3635251
 3461.515 98.6921202
 3461.615 97.0410878
 3461.715 97.3238176
 3461.815 98.5701783
 3461.915 97.3262455
 3462.015 98.8258882
 3462.115 99.0781521
 3462.215 99.3169452
 3462.315 98.5267898
 3462.415 98.2060756
 3462.515 99.287889
 3462.615 98.3008409
 3462.715 99.0020265
 3462.815 97.6905832
 3462.915 99.034372
 3463.015 97.4058954
 3463.115 98.5971982
 3463.215 97.3317278
 3463.315 98.3546458
 3463.415 97.765299
 3463.515 98.1896287
 3463.615 98.8801629
 3463.715 99.3760757
 3463.815 97.8878675
 3463.915 97.8574799
 3464.015 97.7780649
 3464.115 97.8213751
 3464.215 97.0191587
 3464.315 97.9846692
 3464.415 99.0053942
 3464.515 100.293185
 3464.615 97.8780777
 3464.715 98.2793817
 3464.815 97.3277336
 3464.915 97.9437869
 3465.015 99.6425152
 3465.115 97.953655
 3465.215 98.6233565
 3465.315 98.3069498
 3465.415 97.9363466
 3465.515 97.8652334
 3465.615 99.1217755
 3465.715 98.9330279
 3465.815 98.9843265
 3465.915 98.4777624
 3466.015 98.9651385
 3466.115 98.3186976
 3466.215 98.7621369
 3466.315 98.0052669
 3466.415 99.7410399
 3466.515 98.3570736
 3466.615 98.3361626
 3466.715 97.8971874
 3466.815 99.3973783
 3466.915 98.9259009
 3467.015 98.5900712
 3467.115 99.3903296
 3467.215 99.6321772
 3467.315 98.272333
 3467.415 98.2298844
 3467.515 98.8625412
 3467.615 98.5022761
 3467.715 98.9462637
 3467.815 98.8613665
 3467.915 99.1365777
 3468.015 98.7598657
 3468.115 97.3885087
 3468.215 96.8536717
 3468.315 98.7117781
 3468.415 99.6561426
 3468.515 100.344406
 3468.615 99.9227388
 3468.715 98.8505585
 3468.815 97.9863922
 3468.915 98.9243345
 3469.015 98.9258226
 3469.115 98.471027
 3469.215  98.31486
 3469.315 98.9170509
 3469.415 99.558871
 3469.515 97.6982584
 3469.615 99.583933
 3469.715 99.4556473
 3469.815 99.8507641
 3469.915 97.4933772


