# τ vs mean κ linear regression for data set data_paper/data_beta_escin/DA_121219_E1.h5
# Using stimulation: 1, 2, 3
# Best fit: tau = 1.43541 + 0.00951986 kappa_Fura
# Covariance matrix:
# [ +2.05752e-02, -1.00932e-04  
#   -1.00932e-04, +5.93942e-07  ]
# Total sum of squares (TSS) = 157.149
# chisq (Residual sum of squares, RSS) = 4.56232
# Probability of observing a larger of equal RSS per DOF under the null hypothesis: 0.0326828
# R squared (1-RSS/TSS) = 0.970968
# Estimated gamma/v with standard error: 105.044 +/- 8.50376
# Estimates kappa_S with standard error (using error propagation): 149.78 +/- 19.3914
# kappa_S confidence intervals based on parametric bootstrap
# 0.95 CI for kappa_S: [104.373,211.581]
# 0.99 CI for kappa_S: [93.8481,239.592]


# The data
# κ_Fura  τ   τ_SE
86.4761 2.33918 0.0947737
187.345 3.07388 0.0906272
291.412 4.35681 0.130141


# The fitted data
# Preticted values with lower and upper bounds of 0.95 CI
# κ_Fura  τ   τ_lwr  τ_upr
-188.225 -0.356472 -0.909503 0.19656
-186.248 -0.337652 -0.887763 0.212459
-184.272 -0.318833 -0.866024 0.228358
-182.295 -0.300014 -0.844286 0.244258
-180.318 -0.281195 -0.822548 0.260158
-178.341 -0.262376 -0.800811 0.276059
-176.364 -0.243557 -0.779074 0.291961
-174.387 -0.224737 -0.757339 0.307864
-172.411 -0.205918 -0.735604 0.323768
-170.434 -0.187099 -0.71387 0.339672
-168.457 -0.16828 -0.692137 0.355577
-166.48 -0.149461 -0.670404 0.371483
-164.503 -0.130642 -0.648673 0.38739
-162.526 -0.111822 -0.626942 0.403297
-160.55 -0.0930032 -0.605212 0.419206
-158.573 -0.074184 -0.583483 0.435115
-156.596 -0.0553648 -0.561755 0.451026
-154.619 -0.0365457 -0.540028 0.466937
-152.642 -0.0177265 -0.518302 0.482849
-150.665 0.00109265 -0.496576 0.498762
-148.689 0.0199118 -0.474852 0.514676
-146.712 0.038731 -0.453129 0.530591
-144.735 0.0575502 -0.431406 0.546506
-142.758 0.0763693 -0.409685 0.562423
-140.781 0.0951885 -0.387964 0.578341
-138.804 0.114008 -0.366245 0.59426
-136.828 0.132827 -0.344527 0.61018
-134.851 0.151646 -0.322809 0.626101
-132.874 0.170465 -0.301093 0.642024
-130.897 0.189284 -0.279378 0.657947
-128.92 0.208103 -0.257664 0.673871
-126.943 0.226923 -0.235952 0.689797
-124.967 0.245742 -0.21424 0.705724
-122.99 0.264561 -0.19253 0.721652
-121.013 0.28338 -0.170821 0.737581
-119.036 0.302199 -0.149113 0.753511
-117.059 0.321018 -0.127406 0.769443
-115.082 0.339838 -0.105701 0.785376
-113.106 0.358657 -0.083997 0.801311
-111.129 0.377476 -0.0622944 0.817246
-109.152 0.396295 -0.0405932 0.833183
-107.175 0.415114 -0.0188933 0.849122
-105.198 0.433933 0.00280503 0.865062
-103.221 0.452753 0.0245019 0.881003
-101.245 0.471572 0.0461974 0.896946
-99.2677 0.490391 0.0678913 0.912891
-97.2909 0.50921 0.0895836 0.928837
-95.3141 0.528029 0.111274 0.944784
-93.3372 0.546848 0.132964 0.960733
-91.3604 0.565668 0.154651 0.976684
-89.3836 0.584487 0.176337 0.992637
-87.4067 0.603306 0.198021 1.00859
-85.4299 0.622125 0.219703 1.02455
-83.4531 0.640944 0.241384 1.0405
-81.4762 0.659763 0.263062 1.05646
-79.4994 0.678583 0.284739 1.07243
-77.5226 0.697402 0.306414 1.08839
-75.5457 0.716221 0.328087 1.10436
-73.5689 0.73504 0.349758 1.12032
-71.5921 0.753859 0.371427 1.13629
-69.6152 0.772678 0.393093 1.15226
-67.6384 0.791498 0.414758 1.16824
-65.6616 0.810317 0.436421 1.18421
-63.6847 0.829136 0.458081 1.20019
-61.7079 0.847955 0.479739 1.21617
-59.7311 0.866774 0.501394 1.23215
-57.7543 0.885593 0.523047 1.24814
-55.7774 0.904413 0.544698 1.26413
-53.8006 0.923232 0.566346 1.28012
-51.8238 0.942051 0.587992 1.29611
-49.8469 0.96087 0.609635 1.31211
-47.8701 0.979689 0.631275 1.3281
-45.8933 0.998508 0.652912 1.3441
-43.9164 1.01733 0.674547 1.36011
-41.9396 1.03615 0.696179 1.37612
-39.9628 1.05497 0.717807 1.39212
-37.9859 1.07379 0.739433 1.40814
-36.0091 1.0926 0.761055 1.42415
-34.0323 1.11142 0.782675 1.44017
-32.0554 1.13024 0.804291 1.45619
-30.0786 1.14906 0.825903 1.47222
-28.1018 1.16788 0.847513 1.48825
-26.1249 1.1867 0.869118 1.50428
-24.1481 1.20552 0.89072 1.52032
-22.1713 1.22434 0.912318 1.53636
-20.1944 1.24316 0.933912 1.5524
-18.2176 1.26198 0.955503 1.56845
-16.2408 1.2808 0.977089 1.5845
-14.2639 1.29962 0.998671 1.60056
-12.2871 1.31843 1.02025 1.61662
-10.3103 1.33725 1.04182 1.63268
-8.33345 1.35607 1.06339 1.64875
-6.35661 1.37489 1.08496 1.66483
-4.37978 1.39371 1.10651 1.68091
-2.40295 1.41253 1.12807 1.69699
-0.426118 1.43135 1.14962 1.71308
1.55071 1.45017 1.17116 1.72917
3.52755 1.46899 1.1927 1.74527
5.50438 1.48781 1.21423 1.76138
7.48121 1.50663 1.23576 1.77749
9.45804 1.52545 1.25728 1.79361
11.4349 1.54426 1.2788 1.80973
13.4117 1.56308 1.30031 1.82586
15.3885 1.5819 1.32181 1.842
17.3654 1.60072 1.34331 1.85814
19.3422 1.61954 1.36479 1.87429
21.319 1.63836 1.38628 1.89044
23.2959 1.65718 1.40775 1.90661
25.2727 1.676 1.42922 1.92278
27.2495 1.69482 1.45068 1.93896
29.2264 1.71364 1.47213 1.95514
31.2032 1.73246 1.49357 1.97134
33.18 1.75128 1.51501 1.98754
35.1569 1.77009 1.53643 2.00376
37.1337 1.78891 1.55785 2.01998
39.1105 1.80773 1.57925 2.03621
41.0874 1.82655 1.60065 2.05245
43.0642 1.84537 1.62204 2.0687
45.041 1.86419 1.64341 2.08497
47.0179 1.88301 1.66478 2.10124
48.9947 1.90183 1.68613 2.11752
50.9715 1.92065 1.70748 2.13382
52.9484 1.93947 1.72881 2.15013
54.9252 1.95829 1.75012 2.16645
56.902 1.97711 1.77143 2.18278
58.8788 1.99592 1.79272 2.19913
60.8557 2.01474 1.814 2.21549
62.8325 2.03356 1.83526 2.23187
64.8093 2.05238 1.85651 2.24826
66.7862 2.0712 1.87774 2.26466
68.763 2.09002 1.89896 2.28108
70.7398 2.10884 1.92015 2.29752
72.7167 2.12766 1.94134 2.31398
74.6935 2.14648 1.9625 2.33046
76.6703 2.1653 1.98364 2.34695
78.6472 2.18412 2.00477 2.36346
80.624 2.20294 2.02587 2.38
82.6008 2.22175 2.04696 2.39655
84.5777 2.24057 2.06802 2.41313
86.5545 2.25939 2.08906 2.42973
88.5313 2.27821 2.11007 2.44635
90.5082 2.29703 2.13106 2.463
92.485 2.31585 2.15203 2.47967
94.4618 2.33467 2.17297 2.49637
96.4387 2.35349 2.19388 2.5131
98.4155 2.37231 2.21476 2.52986
100.392 2.39113 2.23561 2.54664
102.369 2.40995 2.25643 2.56346
104.346 2.42877 2.27722 2.58031
106.323 2.44758 2.29797 2.5972
108.3 2.4664 2.31869 2.61411
110.276 2.48522 2.33938 2.63107
112.253 2.50404 2.36002 2.64806
114.23 2.52286 2.38063 2.6651
116.207 2.54168 2.40119 2.68217
118.184 2.5605 2.42171 2.69928
120.161 2.57932 2.44219 2.71644
122.137 2.59814 2.46263 2.73365
124.114 2.61696 2.48301 2.7509
126.091 2.63578 2.50335 2.7682
128.068 2.6546 2.52364 2.78555
130.045 2.67341 2.54387 2.80296
132.022 2.69223 2.56405 2.82041
133.998 2.71105 2.58418 2.83793
135.975 2.72987 2.60425 2.8555
137.952 2.74869 2.62425 2.87313
139.929 2.76751 2.6442 2.89082
141.906 2.78633 2.66409 2.90857
143.883 2.80515 2.68391 2.92639
145.859 2.82397 2.70366 2.94427
147.836 2.84279 2.72335 2.96222
149.813 2.86161 2.74297 2.98024
151.79 2.88043 2.76252 2.99833
153.767 2.89924 2.782 3.01649
155.744 2.91806 2.8014 3.03472
157.72 2.93688 2.82073 3.05303
159.697 2.9557 2.83999 3.07141
161.674 2.97452 2.85917 3.08987
163.651 2.99334 2.87827 3.10841
165.628 3.01216 2.8973 3.12702
167.605 3.03098 2.91625 3.14571
169.581 3.0498 2.93512 3.16447
171.558 3.06862 2.95392 3.18332
173.535 3.08744 2.97263 3.20224
175.512 3.10626 2.99127 3.22124
177.489 3.12507 3.00983 3.24032
179.466 3.14389 3.02832 3.25947
181.442 3.16271 3.04673 3.2787
183.419 3.18153 3.06506 3.298
185.396 3.20035 3.08332 3.31738
187.373 3.21917 3.10151 3.33683
189.35 3.23799 3.11962 3.35635
191.327 3.25681 3.13767 3.37595
193.303 3.27563 3.15564 3.39561
195.28 3.29445 3.17355 3.41534
197.257 3.31327 3.19139 3.43514
199.234 3.33209 3.20917 3.455
201.211 3.3509 3.22688 3.47493
203.188 3.36972 3.24453 3.49492
205.164 3.38854 3.26212 3.51496
207.141 3.40736 3.27966 3.53507
209.118 3.42618 3.29713 3.55523
211.095 3.445 3.31456 3.57544
213.072 3.46382 3.33193 3.59571
215.049 3.48264 3.34925 3.61603
217.025 3.50146 3.36651 3.6364
219.002 3.52028 3.38374 3.65682
220.979 3.5391 3.40091 3.67728
222.956 3.55792 3.41804 3.69779
224.933 3.57673 3.43513 3.71834
226.91 3.59555 3.45218 3.73893
228.886 3.61437 3.46919 3.75956
230.863 3.63319 3.48615 3.78023
232.84 3.65201 3.50309 3.80094
234.817 3.67083 3.51998 3.82168
236.794 3.68965 3.53684 3.84245
238.771 3.70847 3.55367 3.86326
240.747 3.72729 3.57047 3.8841
242.724 3.74611 3.58724 3.90497
244.701 3.76493 3.60398 3.92587
246.678 3.78375 3.62069 3.9468
248.655 3.80256 3.63737 3.96776
250.632 3.82138 3.65403 3.98874
252.608 3.8402 3.67066 4.00975
254.585 3.85902 3.68727 4.03078
256.562 3.87784 3.70385 4.05183
258.539 3.89666 3.72041 4.07291
260.516 3.91548 3.73696 4.094
262.493 3.9343 3.75348 4.11512
264.469 3.95312 3.76998 4.13626
266.446 3.97194 3.78646 4.15742
268.423 3.99076 3.80292 4.17859
270.4 4.00958 3.81937 4.19978
272.377 4.02839 3.8358 4.22099
274.354 4.04721 3.85221 4.24222
276.33 4.06603 3.8686 4.26346
278.307 4.08485 3.88498 4.28472
280.284 4.10367 3.90135 4.30599
282.261 4.12249 3.9177 4.32728
284.238 4.14131 3.93404 4.34858
286.215 4.16013 3.95037 4.36989
288.191 4.17895 3.96668 4.39122
290.168 4.19777 3.98298 4.41255
292.145 4.21659 3.99927 4.4339
294.122 4.23541 4.01554 4.45527
296.099 4.25422 4.03181 4.47664
298.076 4.27304 4.04807 4.49802
300.052 4.29186 4.06431 4.51941
302.029 4.31068 4.08055 4.54082
304.006 4.3295 4.09677 4.56223
