# τ vs min κ linear regression for data set data_paper/data_beta_escin/DA_121219_E1.h5
# Using stimulation: 1, 2, 3
# Best fit: tau = 1.49012 + 0.00965061 kappa_Fura
# Covariance matrix:
# [ +1.94068e-02, -9.86866e-05  
#   -9.86866e-05, +6.09311e-07  ]
# Total sum of squares (TSS) = 157.149
# chisq (Residual sum of squares, RSS) = 4.2975
# Probability of observing a larger of equal RSS per DOF under the null hypothesis: 0.0381685
# R squared (1-RSS/TSS) = 0.972653
# Estimated gamma/v with standard error: 103.62 +/- 8.38128
# Estimates kappa_S with standard error (using error propagation): 153.407 +/- 19.088
# kappa_S confidence intervals based on parametric bootstrap
# 0.95 CI for kappa_S: [108.414,214.659]
# 0.99 CI for kappa_S: [95.0422,238.853]


# The data
# κ_Fura  τ   τ_SE
79.8103 2.33918 0.0947737
178.709 3.07388 0.0906272
282.346 4.35681 0.130141


# The fitted data
# Preticted values with lower and upper bounds of 0.95 CI
# κ_Fura  τ   τ_lwr  τ_upr
-192.759 -0.370118 -0.924808 0.184572
-190.802 -0.351233 -0.902994 0.200528
-188.845 -0.332348 -0.88118 0.216485
-186.888 -0.313463 -0.859368 0.232443
-184.931 -0.294577 -0.837556 0.248401
-182.975 -0.275692 -0.815745 0.26436
-181.018 -0.256807 -0.793934 0.28032
-179.061 -0.237922 -0.772124 0.296281
-177.104 -0.219037 -0.750315 0.312242
-175.147 -0.200151 -0.728507 0.328204
-173.19 -0.181266 -0.7067 0.344167
-171.233 -0.162381 -0.684893 0.360131
-169.276 -0.143496 -0.663088 0.376096
-167.319 -0.124611 -0.641283 0.392061
-165.363 -0.105726 -0.619479 0.408028
-163.406 -0.0868404 -0.597676 0.423995
-161.449 -0.0679552 -0.575873 0.439963
-159.492 -0.04907 -0.554072 0.455932
-157.535 -0.0301849 -0.532272 0.471902
-155.578 -0.0112997 -0.510472 0.487873
-153.621 0.0075855 -0.488674 0.503845
-151.664 0.0264707 -0.466876 0.519817
-149.707 0.0453559 -0.445079 0.535791
-147.75 0.064241 -0.423284 0.551766
-145.794 0.0831262 -0.401489 0.567742
-143.837 0.102011 -0.379696 0.583718
-141.88 0.120897 -0.357903 0.599696
-139.923 0.139782 -0.336112 0.615675
-137.966 0.158667 -0.314321 0.631655
-136.009 0.177552 -0.292532 0.647636
-134.052 0.196437 -0.270744 0.663619
-132.095 0.215322 -0.248957 0.679602
-130.138 0.234208 -0.227171 0.695587
-128.182 0.253093 -0.205387 0.711572
-126.225 0.271978 -0.183603 0.727559
-124.268 0.290863 -0.161821 0.743548
-122.311 0.309748 -0.140041 0.759537
-120.354 0.328634 -0.118261 0.775528
-118.397 0.347519 -0.0964829 0.79152
-116.44 0.366404 -0.074706 0.807514
-114.483 0.385289 -0.0529305 0.823509
-112.526 0.404174 -0.0311565 0.839505
-110.57 0.423059 -0.0093838 0.855503
-108.613 0.441945 0.0123874 0.871502
-106.656 0.46083 0.0341571 0.887502
-104.699 0.479715 0.0559253 0.903505
-102.742 0.4986 0.0776919 0.919508
-100.785 0.517485 0.099457 0.935514
-98.8282 0.53637 0.12122 0.951521
-96.8713 0.555256 0.142982 0.967529
-94.9145 0.574141 0.164742 0.983539
-92.9576 0.593026 0.186501 0.999551
-91.0007 0.611911 0.208257 1.01557
-89.0438 0.630796 0.230012 1.03158
-87.0869 0.649682 0.251765 1.0476
-85.13 0.668567 0.273516 1.06362
-83.1731 0.687452 0.295266 1.07964
-81.2162 0.706337 0.317013 1.09566
-79.2593 0.725222 0.338758 1.11169
-77.3024 0.744107 0.360501 1.12771
-75.3456 0.762993 0.382243 1.14374
-73.3887 0.781878 0.403982 1.15977
-71.4318 0.800763 0.425718 1.17581
-69.4749 0.819648 0.447453 1.19184
-67.518 0.838533 0.469185 1.20788
-65.5611 0.857419 0.490915 1.22392
-63.6042 0.876304 0.512643 1.23996
-61.6473 0.895189 0.534368 1.25601
-59.6904 0.914074 0.556091 1.27206
-57.7335 0.932959 0.577811 1.28811
-55.7766 0.951844 0.599528 1.30416
-53.8198 0.97073 0.621243 1.32022
-51.8629 0.989615 0.642955 1.33627
-49.906 1.0085 0.664664 1.35234
-47.9491 1.02739 0.68637 1.3684
-45.9922 1.04627 0.708073 1.38447
-44.0353 1.06516 0.729774 1.40054
-42.0784 1.08404 0.751471 1.41661
-40.1215 1.10293 0.773165 1.43269
-38.1646 1.12181 0.794855 1.44877
-36.2077 1.1407 0.816542 1.46485
-34.2509 1.15958 0.838226 1.48094
-32.294 1.17847 0.859906 1.49703
-30.3371 1.19735 0.881583 1.51312
-28.3802 1.21624 0.903256 1.52922
-26.4233 1.23512 0.924925 1.54532
-24.4664 1.25401 0.94659 1.56142
-22.5095 1.27289 0.968251 1.57753
-20.5526 1.29178 0.989907 1.59365
-18.5957 1.31066 1.01156 1.60977
-16.6388 1.32955 1.03321 1.62589
-14.6819 1.34843 1.05485 1.64201
-12.7251 1.36732 1.07649 1.65815
-10.7682 1.3862 1.09812 1.67428
-8.81128 1.40509 1.11975 1.69042
-6.85439 1.42397 1.14138 1.70657
-4.8975 1.44286 1.163 1.72272
-2.94061 1.46174 1.18461 1.73888
-0.983716 1.48063 1.20622 1.75504
0.973175 1.49951 1.22782 1.77121
2.93006 1.5184 1.24942 1.78738
4.88696 1.53728 1.27101 1.80356
6.84385 1.55617 1.29259 1.81975
8.80074 1.57506 1.31417 1.83594
10.7576 1.59394 1.33574 1.85214
12.7145 1.61283 1.3573 1.86835
14.6714 1.63171 1.37886 1.88456
16.6283 1.6506 1.40041 1.90078
18.5852 1.66948 1.42195 1.91701
20.5421 1.68837 1.44349 1.93324
22.499 1.70725 1.46501 1.94949
24.4559 1.72614 1.48653 1.96574
26.4127 1.74502 1.50804 1.982
28.3696 1.76391 1.52954 1.99827
30.3265 1.78279 1.55103 2.01455
32.2834 1.80168 1.57252 2.03084
34.2403 1.82056 1.59399 2.04714
36.1972 1.83945 1.61545 2.06344
38.1541 1.85833 1.6369 2.07976
40.111 1.87722 1.65834 2.09609
42.0679 1.8961 1.67977 2.11243
44.0248 1.91499 1.70119 2.12879
45.9817 1.93387 1.7226 2.14515
47.9385 1.95276 1.74399 2.16153
49.8954 1.97164 1.76537 2.17792
51.8523 1.99053 1.78674 2.19432
53.8092 2.00941 1.80809 2.21074
55.7661 2.0283 1.82943 2.22717
57.723 2.04718 1.85075 2.24362
59.6799 2.06607 1.87206 2.26008
61.6368 2.08496 1.89335 2.27656
63.5937 2.10384 1.91463 2.29305
65.5506 2.12273 1.93589 2.30956
67.5074 2.14161 1.95713 2.32609
69.4643 2.1605 1.97835 2.34264
71.4212 2.17938 1.99955 2.35921
73.3781 2.19827 2.02073 2.3758
75.335 2.21715 2.04189 2.39241
77.2919 2.23604 2.06303 2.40904
79.2488 2.25492 2.08414 2.4257
81.2057 2.27381 2.10524 2.44238
83.1626 2.29269 2.1263 2.45908
85.1195 2.31158 2.14734 2.47581
87.0764 2.33046 2.16836 2.49257
89.0332 2.34935 2.18935 2.50935
90.9901 2.36823 2.2103 2.52616
92.947 2.38712 2.23123 2.543
94.9039 2.406 2.25213 2.55988
96.8608 2.42489 2.273 2.57678
98.8177 2.44377 2.29383 2.59372
100.775 2.46266 2.31462 2.61069
102.731 2.48154 2.33538 2.6277
104.688 2.50043 2.35611 2.64475
106.645 2.51931 2.37679 2.66184
108.602 2.5382 2.39743 2.67897
110.559 2.55708 2.41803 2.69614
112.516 2.57597 2.43859 2.71335
114.473 2.59485 2.4591 2.73061
116.43 2.61374 2.47956 2.74792
118.387 2.63263 2.49998 2.76527
120.343 2.65151 2.52034 2.78268
122.3 2.6704 2.54065 2.80014
124.257 2.68928 2.56091 2.81765
126.214 2.70817 2.58112 2.83522
128.171 2.72705 2.60126 2.85284
130.128 2.74594 2.62135 2.87053
132.085 2.76482 2.64137 2.88827
134.042 2.78371 2.66133 2.90608
135.999 2.80259 2.68123 2.92395
137.956 2.82148 2.70106 2.94189
139.912 2.84036 2.72083 2.9599
141.869 2.85925 2.74052 2.97797
143.826 2.87813 2.76015 2.99612
145.783 2.89702 2.7797 3.01433
147.74 2.9159 2.79918 3.03262
149.697 2.93479 2.81859 3.05099
151.654 2.95367 2.83792 3.06943
153.611 2.97256 2.85717 3.08794
155.568 2.99144 2.87635 3.10654
157.524 3.01033 2.89545 3.1252
159.481 3.02921 2.91448 3.14395
161.438 3.0481 2.93342 3.16278
163.395 3.06698 2.95229 3.18168
165.352 3.08587 2.97108 3.20066
167.309 3.10475 2.98979 3.21972
169.266 3.12364 3.00842 3.23886
171.223 3.14253 3.02698 3.25807
173.18 3.16141 3.04546 3.27736
175.136 3.1803 3.06386 3.29673
177.093 3.19918 3.08219 3.31617
179.05 3.21807 3.10045 3.33568
181.007 3.23695 3.11863 3.35527
182.964 3.25584 3.13675 3.37493
184.921 3.27472 3.15479 3.39465
186.878 3.29361 3.17276 3.41445
188.835 3.31249 3.19067 3.43431
190.792 3.33138 3.20851 3.45424
192.748 3.35026 3.22629 3.47423
194.705 3.36915 3.24401 3.49429
196.662 3.38803 3.26167 3.5144
198.619 3.40692 3.27926 3.53457
200.576 3.4258 3.29681 3.5548
202.533 3.44469 3.31429 3.57508
204.49 3.46357 3.33173 3.59542
206.447 3.48246 3.34911 3.61581
208.404 3.50134 3.36644 3.63624
210.36 3.52023 3.38373 3.65673
212.317 3.53911 3.40097 3.67726
214.274 3.558 3.41816 3.69784
216.231 3.57688 3.43531 3.71846
218.188 3.59577 3.45242 3.73912
220.145 3.61465 3.46949 3.75982
222.102 3.63354 3.48652 3.78056
224.059 3.65242 3.50351 3.80134
226.016 3.67131 3.52047 3.82215
227.972 3.6902 3.53739 3.843
229.929 3.70908 3.55428 3.86388
231.886 3.72797 3.57114 3.88479
233.843 3.74685 3.58797 3.90573
235.8 3.76574 3.60477 3.92671
237.757 3.78462 3.62154 3.94771
239.714 3.80351 3.63828 3.96873
241.671 3.82239 3.655 3.98979
243.628 3.84128 3.67169 4.01087
245.584 3.86016 3.68836 4.03197
247.541 3.87905 3.705 4.05309
249.498 3.89793 3.72162 4.07424
251.455 3.91682 3.73822 4.09541
253.412 3.9357 3.7548 4.1166
255.369 3.95459 3.77136 4.13781
257.326 3.97347 3.7879 4.15904
259.283 3.99236 3.80442 4.18029
261.24 4.01124 3.82093 4.20156
263.196 4.03013 3.83742 4.22284
265.153 4.04901 3.85389 4.24414
267.11 4.0679 3.87034 4.26546
269.067 4.08678 3.88678 4.28679
271.024 4.10567 3.90321 4.30813
272.981 4.12455 3.91962 4.32949
274.938 4.14344 3.93601 4.35086
276.895 4.16232 3.9524 4.37225
278.852 4.18121 3.96877 4.39365
280.809 4.20009 3.98513 4.41506
282.765 4.21898 4.00148 4.43649
284.722 4.23787 4.01781 4.45792
286.679 4.25675 4.03414 4.47937
288.636 4.27564 4.05045 4.50082
290.593 4.29452 4.06675 4.52229
292.55 4.31341 4.08305 4.54377
294.507 4.33229 4.09933 4.56525
