# τ vs max κ linear regression for data set data_paper/data_beta_escin/DA_121219_E1.h5
# Using stimulation: 1, 2, 3
# Best fit: tau = 1.39244 + 0.0094002 kappa_Fura
# Covariance matrix:
# [ +2.15679e-02, -1.02704e-04  
#   -1.02704e-04, +5.81330e-07  ]
# Total sum of squares (TSS) = 157.149
# chisq (Residual sum of squares, RSS) = 5.14649
# Probability of observing a larger of equal RSS per DOF under the null hypothesis: 0.0232934
# R squared (1-RSS/TSS) = 0.967251
# Estimated gamma/v with standard error: 106.381 +/- 8.62854
# Estimates kappa_S with standard error (using error propagation): 147.128 +/- 19.7087
# kappa_S confidence intervals based on parametric bootstrap
# 0.95 CI for kappa_S: [100.924,208.224]
# 0.99 CI for kappa_S: [88.7097,232.675]


# The data
# κ_Fura  τ   τ_SE
91.7835 2.33918 0.0947737
195.223 3.07388 0.0906272
298.479 4.35681 0.130141


# The fitted data
# Preticted values with lower and upper bounds of 0.95 CI
# κ_Fura  τ   τ_lwr  τ_upr
-184.91 -0.345759 -0.898141 0.206623
-182.917 -0.327022 -0.87649 0.222447
-180.924 -0.308285 -0.85484 0.238271
-178.931 -0.289548 -0.833191 0.254096
-176.937 -0.270811 -0.811543 0.269921
-174.944 -0.252074 -0.789896 0.285748
-172.951 -0.233337 -0.768249 0.301575
-170.958 -0.2146 -0.746603 0.317403
-168.964 -0.195863 -0.724957 0.333231
-166.971 -0.177126 -0.703313 0.349061
-164.978 -0.158389 -0.681669 0.364891
-162.985 -0.139652 -0.660026 0.380722
-160.991 -0.120915 -0.638384 0.396554
-158.998 -0.102178 -0.616743 0.412387
-157.005 -0.0834411 -0.595103 0.42822
-155.012 -0.0647042 -0.573463 0.444055
-153.018 -0.0459672 -0.551825 0.45989
-151.025 -0.0272302 -0.530187 0.475727
-149.032 -0.00849323 -0.50855 0.491564
-147.039 0.0102437 -0.486914 0.507402
-145.045 0.0289807 -0.465279 0.523241
-143.052 0.0477177 -0.443646 0.539081
-141.059 0.0664547 -0.422013 0.554922
-139.066 0.0851916 -0.400381 0.570764
-137.072 0.103929 -0.37875 0.586607
-135.079 0.122666 -0.35712 0.602451
-133.086 0.141403 -0.335491 0.618296
-131.093 0.16014 -0.313863 0.634142
-129.099 0.178876 -0.292237 0.64999
-127.106 0.197613 -0.270611 0.665838
-125.113 0.21635 -0.248987 0.681688
-123.119 0.235087 -0.227363 0.697538
-121.126 0.253824 -0.205741 0.71339
-119.133 0.272561 -0.18412 0.729243
-117.14 0.291298 -0.162501 0.745098
-115.146 0.310035 -0.140882 0.760953
-113.153 0.328772 -0.119265 0.77681
-111.16 0.347509 -0.0976495 0.792668
-109.167 0.366246 -0.076035 0.808527
-107.173 0.384983 -0.0544218 0.824388
-105.18 0.40372 -0.0328101 0.84025
-103.187 0.422457 -0.0111997 0.856114
-101.194 0.441194 0.0104092 0.871979
-99.2005 0.459931 0.0320167 0.887845
-97.2072 0.478668 0.0536227 0.903713
-95.214 0.497405 0.0752272 0.919583
-93.2207 0.516142 0.0968301 0.935454
-91.2275 0.534879 0.118431 0.951327
-89.2342 0.553616 0.140031 0.967201
-87.2409 0.572353 0.161629 0.983077
-85.2477 0.59109 0.183226 0.998954
-83.2544 0.609827 0.20482 1.01483
-81.2612 0.628564 0.226413 1.03071
-79.2679 0.647301 0.248004 1.0466
-77.2747 0.666038 0.269594 1.06248
-75.2814 0.684775 0.291181 1.07837
-73.2882 0.703512 0.312767 1.09426
-71.2949 0.722249 0.33435 1.11015
-69.3017 0.740986 0.355932 1.12604
-67.3084 0.759723 0.377511 1.14193
-65.3152 0.77846 0.399089 1.15783
-63.3219 0.797197 0.420664 1.17373
-61.3287 0.815934 0.442237 1.18963
-59.3354 0.834671 0.463808 1.20553
-57.3422 0.853408 0.485376 1.22144
-55.3489 0.872145 0.506943 1.23735
-53.3556 0.890881 0.528506 1.25326
-51.3624 0.909618 0.550068 1.26917
-49.3691 0.928355 0.571627 1.28508
-47.3759 0.947092 0.593183 1.301
-45.3826 0.965829 0.614737 1.31692
-43.3894 0.984566 0.636288 1.33285
-41.3961 1.0033 0.657836 1.34877
-39.4029 1.02204 0.679381 1.3647
-37.4096 1.04078 0.700924 1.38063
-35.4164 1.05951 0.722463 1.39657
-33.4231 1.07825 0.744 1.4125
-31.4299 1.09699 0.765533 1.42844
-29.4366 1.11573 0.787063 1.44439
-27.4434 1.13446 0.80859 1.46033
-25.4501 1.1532 0.830113 1.47628
-23.4569 1.17194 0.851633 1.49224
-21.4636 1.19067 0.87315 1.5082
-19.4704 1.20941 0.894663 1.52416
-17.4771 1.22815 0.916172 1.54012
-15.4838 1.24688 0.937677 1.55609
-13.4906 1.26562 0.959178 1.57206
-11.4973 1.28436 0.980675 1.58804
-9.50409 1.30309 1.00217 1.60402
-7.51083 1.32183 1.02366 1.62001
-5.51758 1.34057 1.04514 1.636
-3.52433 1.35931 1.06662 1.65199
-1.53108 1.37804 1.0881 1.66799
0.462177 1.39678 1.10957 1.68399
2.45543 1.41552 1.13103 1.7
4.44868 1.43425 1.15249 1.71601
6.44194 1.45299 1.17395 1.73203
8.43519 1.47173 1.1954 1.74806
10.4284 1.49046 1.21684 1.76409
12.4217 1.5092 1.23828 1.78012
14.4149 1.52794 1.25971 1.79616
16.4082 1.54668 1.28114 1.81221
18.4015 1.56541 1.30256 1.82826
20.3947 1.58415 1.32397 1.84432
22.388 1.60289 1.34538 1.86039
24.3812 1.62162 1.36678 1.87646
26.3745 1.64036 1.38818 1.89254
28.3677 1.6591 1.40956 1.90863
30.361 1.67783 1.43094 1.92473
32.3542 1.69657 1.45231 1.94083
34.3475 1.71531 1.47368 1.95694
36.3407 1.73405 1.49503 1.97306
38.334 1.75278 1.51638 1.98919
40.3272 1.77152 1.53771 2.00533
42.3205 1.79026 1.55904 2.02147
44.3137 1.80899 1.58036 2.03763
46.307 1.82773 1.60167 2.05379
48.3002 1.84647 1.62297 2.06997
50.2935 1.8652 1.64426 2.08615
52.2868 1.88394 1.66553 2.10235
54.28 1.90268 1.6868 2.11856
56.2733 1.92142 1.70806 2.13477
58.2665 1.94015 1.7293 2.15101
60.2598 1.95889 1.75053 2.16725
62.253 1.97763 1.77175 2.18351
64.2463 1.99636 1.79295 2.19978
66.2395 2.0151 1.81414 2.21606
68.2328 2.03384 1.83532 2.23236
70.226 2.05257 1.85648 2.24867
72.2193 2.07131 1.87762 2.265
74.2125 2.09005 1.89875 2.28134
76.2058 2.10878 1.91986 2.2977
78.199 2.12752 1.94096 2.31408
80.1923 2.14626 1.96204 2.33048
82.1855 2.165 1.9831 2.3469
84.1788 2.18373 2.00414 2.36333
86.172 2.20247 2.02515 2.37978
88.1653 2.22121 2.04615 2.39626
90.1586 2.23994 2.06713 2.41276
92.1518 2.25868 2.08808 2.42928
94.1451 2.27742 2.10901 2.44582
96.1383 2.29615 2.12992 2.46239
98.1316 2.31489 2.1508 2.47898
100.125 2.33363 2.17165 2.4956
102.118 2.35237 2.19248 2.51225
104.111 2.3711 2.21328 2.52893
106.105 2.38984 2.23405 2.54563
108.098 2.40858 2.25479 2.56237
110.091 2.42731 2.27549 2.57914
112.084 2.44605 2.29616 2.59594
114.078 2.46479 2.3168 2.61277
116.071 2.48352 2.3374 2.62965
118.064 2.50226 2.35797 2.64656
120.057 2.521 2.37849 2.6635
122.051 2.53974 2.39898 2.68049
124.044 2.55847 2.41942 2.69752
126.037 2.57721 2.43982 2.7146
128.03 2.59595 2.46017 2.73172
130.024 2.61468 2.48048 2.74888
132.017 2.63342 2.50074 2.7661
134.01 2.65216 2.52095 2.78336
136.003 2.67089 2.54111 2.80068
137.997 2.68963 2.56122 2.81805
139.99 2.70837 2.58127 2.83547
141.983 2.7271 2.60126 2.85295
143.976 2.74584 2.62119 2.87049
145.97 2.76458 2.64107 2.88809
147.963 2.78332 2.66088 2.90575
149.956 2.80205 2.68063 2.92348
151.949 2.82079 2.70031 2.94127
153.943 2.83953 2.71993 2.95913
155.936 2.85826 2.73948 2.97705
157.929 2.877 2.75896 2.99505
159.922 2.89574 2.77836 3.01311
161.916 2.91447 2.7977 3.03125
163.909 2.93321 2.81696 3.04946
165.902 2.95195 2.83615 3.06775
167.895 2.97069 2.85526 3.08611
169.889 2.98942 2.8743 3.10454
171.882 3.00816 2.89326 3.12306
173.875 3.0269 2.91215 3.14165
175.868 3.04563 2.93095 3.16031
177.862 3.06437 2.94968 3.17906
179.855 3.08311 2.96833 3.19788
181.848 3.10184 2.98691 3.21678
183.841 3.12058 3.00541 3.23576
185.835 3.13932 3.02383 3.25481
187.828 3.15806 3.04217 3.27394
189.821 3.17679 3.06045 3.29314
191.814 3.19553 3.07864 3.31242
193.808 3.21427 3.09677 3.33177
195.801 3.233 3.11482 3.35119
197.794 3.25174 3.1328 3.37068
199.787 3.27048 3.15071 3.39024
201.781 3.28921 3.16856 3.40987
203.774 3.30795 3.18633 3.42957
205.767 3.32669 3.20405 3.44933
207.76 3.34542 3.2217 3.46915
209.754 3.36416 3.23928 3.48904
211.747 3.3829 3.25681 3.50899
213.74 3.40164 3.27428 3.52899
215.733 3.42037 3.2917 3.54905
217.727 3.43911 3.30905 3.56917
219.72 3.45785 3.32636 3.58933
221.713 3.47658 3.34361 3.60955
223.706 3.49532 3.36082 3.62982
225.7 3.51406 3.37797 3.65014
227.693 3.53279 3.39508 3.6705
229.686 3.55153 3.41215 3.69091
231.68 3.57027 3.42917 3.71136
233.673 3.58901 3.44615 3.73186
235.666 3.60774 3.46309 3.75239
237.659 3.62648 3.48 3.77296
239.653 3.64522 3.49686 3.79357
241.646 3.66395 3.51369 3.81421
243.639 3.68269 3.53049 3.83489
245.632 3.70143 3.54725 3.85561
247.626 3.72016 3.56398 3.87635
249.619 3.7389 3.58068 3.89712
251.612 3.75764 3.59735 3.91793
253.605 3.77638 3.61399 3.93876
255.599 3.79511 3.63061 3.95962
257.592 3.81385 3.64719 3.9805
259.585 3.83259 3.66376 4.00142
261.578 3.85132 3.6803 4.02235
263.572 3.87006 3.69681 4.04331
265.565 3.8888 3.7133 4.06429
267.558 3.90753 3.72978 4.08529
269.551 3.92627 3.74623 4.10632
271.545 3.94501 3.76266 4.12736
273.538 3.96375 3.77907 4.14842
275.531 3.98248 3.79546 4.1695
277.524 4.00122 3.81184 4.1906
279.518 4.01996 3.82819 4.21172
281.511 4.03869 3.84454 4.23285
283.504 4.05743 3.86086 4.254
285.497 4.07617 3.87717 4.27516
287.491 4.0949 3.89347 4.29634
289.484 4.11364 3.90975 4.31753
291.477 4.13238 3.92602 4.33874
293.47 4.15111 3.94227 4.35996
295.464 4.16985 3.95851 4.38119
297.457 4.18859 3.97474 4.40244
299.45 4.20733 3.99096 4.4237
301.443 4.22606 4.00716 4.44496
303.437 4.2448 4.02336 4.46624
305.43 4.26354 4.03954 4.48753
307.423 4.28227 4.05571 4.50884
309.416 4.30101 4.07188 4.53015
311.41 4.31975 4.08803 4.55147
