# Data from DA_130524_E7.h5 stim 2
# Ratiometric estimator
# Ratiometric estimator:
#    Time    Ca (est)    Ca (se)
  705.015 0.0952775613 0.0135392925
  705.115 0.0994334898 0.014008348
  705.215 0.0878888556 0.0128518827
  705.315 0.0783628704 0.0125844868
  705.415 0.0956734461 0.0134072639
  705.515 0.0717627534 0.0126154655
  705.615 0.0768649618 0.0123044013
  705.715 0.0902098764 0.0135415738
  705.815 0.0615250272 0.0111315869
  705.915 0.0753479448 0.0122102424
  706.015 0.0590479802 0.0122040423
  706.115 0.109770017 0.0149573493
  706.215 0.0898186231 0.0129529463
  706.315 0.11391114 0.0151176896
  706.415 0.104095265 0.0134454028
  706.515 0.0941290327 0.0137190548
  706.615 0.164627193 0.0191542468
  706.715 0.12403384 0.016975915
  706.815 0.189498859 0.0226733642
  706.915 0.258620818 0.0277391559
  707.015 0.21052616 0.0242137578
  707.115 0.239959288 0.0273518415
  707.215 0.229423627 0.0267132336
  707.315 0.22881577 0.0250139622
  707.415 0.207531331 0.0229947003
  707.515 0.195476674 0.0219519509
  707.615 0.18286565 0.0221153958
  707.715 0.179328475 0.0204972983
  707.815 0.203266631 0.0223705681
  707.915 0.150843703 0.0187283952
  708.015 0.150468388 0.0191911143
  708.115 0.142889667 0.0183525408
  708.215 0.138901046 0.0175829844
  708.315 0.188815483 0.0222822609
  708.415 0.131713431 0.0165242676
  708.515 0.153114531 0.017975294
  708.615 0.143730884 0.0171247622
  708.715 0.121062595 0.0154898555
  708.815 0.117471627 0.0153646992
  708.915 0.12741407 0.0158554823
  709.015 0.139957978 0.0182286026
  709.115 0.156795741 0.0186970761
  709.215 0.110603418 0.0149660754
  709.315 0.124190464 0.0165375317
  709.415 0.107903174 0.015519048
  709.515 0.140107775 0.0171239047
  709.615 0.118630314 0.0164310726
  709.715 0.130104004 0.0165074345
  709.815 0.0998614707 0.0143815834
  709.915 0.129349672 0.0162346708
  710.015 0.127626942 0.0162135217
  710.115 0.108685145 0.0149544384
  710.215 0.0738402778 0.0132531881
  710.315 0.100533509 0.0145495525
  710.415 0.111166474 0.0149377709
  710.515 0.103023702 0.0144527931
  710.615 0.116512168 0.0158400474
  710.715 0.086858788 0.0131943621
  710.815 0.108756402 0.0150546732
  710.915 0.134548376 0.0167805399
  711.015 0.118722918 0.0155906199
  711.115 0.0978866608 0.0141444419
  711.215 0.102478924 0.0143536891
  711.315 0.0997998962 0.0144720888
  711.415 0.111916857 0.0148322817
  711.515 0.116263888 0.0158785685
  711.615 0.109944743 0.0149583113
  711.715 0.0843361438 0.013279619
  711.815 0.124690613 0.0158274928
  711.915 0.0815767465 0.0133707867
  712.015 0.100247606 0.01446568
  712.115 0.107064559 0.014560873
  712.215 0.0849198337 0.0132474582
  712.315 0.104607867 0.014372341
  712.415 0.0976136702 0.0144182801
  712.515 0.0884518174 0.0138839098
  712.615 0.0870607337 0.0128546774
  712.715 0.113057736 0.014845284
  712.815 0.112095544 0.0154919073
  712.915 0.0908156469 0.0134599603
  713.015 0.0952749599 0.013926279
  713.115 0.104603762 0.0147331232
  713.215 0.107991363 0.0153700279
  713.315 0.103311636 0.0141089757
  713.415 0.0924150872 0.0133623928
  713.515 0.0881939962 0.0138499189
  713.615 0.113535162 0.015138898
  713.715 0.103057939 0.0145879523
  713.815 0.0762750177 0.0126049827
  713.915 0.106334241 0.0160110644
  714.015 0.0913244956 0.0135602674
  714.115 0.0964545443 0.0138502724
  714.215 0.10764398 0.014057028
  714.315 0.0997541142 0.013816914
  714.415 0.0860420715 0.0123958042
  714.515 0.099621896 0.0140212907
  714.615 0.107794534 0.0142167231
  714.715 0.0830306241 0.0129586896
  714.815 0.0793356479 0.0123732219
  714.915 0.0975806154 0.0140801918
  715.015 0.103520754 0.01401047
  715.115 0.0624144092 0.0113560963
  715.215 0.116558949 0.0144824864
  715.315 0.0877832072 0.0133368702
  715.415 0.0848176807 0.0127564542
  715.515 0.0854940534 0.0128434358
  715.615 0.0838425108 0.0123662771
  715.715 0.11581676 0.0150851419
  715.815 0.104698912 0.0140050669
  715.915 0.0910734492 0.013282075
  716.015 0.0791965044 0.0125120525
  716.115 0.0911305249 0.0133269849
  716.215 0.0836857162 0.0131551
  716.315 0.0888538519 0.0128647747
  716.415 0.0939188181 0.0137821058
  716.515 0.0828418449 0.012303643
  716.615 0.0888060517 0.0133466169
  716.715 0.0892714282 0.0127055164
  716.815 0.106073975 0.0143031579
  716.915 0.101202353 0.0134833911
  717.015 0.0617382802 0.0114633879
  717.115 0.0907615606 0.012928614
  717.215 0.103109383 0.013947073
  717.315 0.0762375613 0.012298793
  717.415 0.0778837044 0.011901044
  717.515 0.100739567 0.014221971
  717.615 0.0967684507 0.013793252
  717.715 0.0965355148 0.0134357235
  717.815 0.0861013303 0.0132690334
  717.915 0.0998984928 0.0133123495
  718.015 0.0828731294 0.0131192929
  718.115 0.0980123684 0.0132092485
  718.215 0.0961920822 0.0132085264
  718.315 0.105552356 0.0139558445
  718.415 0.0920835452 0.0135103851
  718.515 0.124940679 0.0152708927
  718.615 0.0692466935 0.0116536731
  718.715 0.0735327639 0.0122285441
  718.815 0.0787304459 0.0123304977
  718.915 0.105387981 0.0137040195
  719.015 0.0853224162 0.0124417542
  719.115 0.0734716812 0.0118969688
  719.215 0.0930883831 0.0131856673
  719.315 0.0849899677 0.011983319
  719.415 0.105041776 0.0140140086
  719.515 0.070185185 0.0126599034
  719.615 0.0965295471 0.0136212056
  719.715 0.0740591303 0.012293582
  719.815 0.0834347107 0.0129088968
  719.915 0.0829715101 0.0128382023
  720.015 0.0947608594 0.0134825571
  720.115 0.083819167 0.0123524426
  720.215 0.0887804112 0.0130092239
  720.315 0.093969462 0.013377018
  720.415 0.097576895 0.0133008477
  720.515 0.109647276 0.0150905423
  720.615 0.0942833298 0.0133051714
  720.715 0.0797826101 0.0125991311
  720.815 0.0874523041 0.0130110027
  720.915 0.0966644437 0.013926948
  721.015 0.0815055701 0.0130844359
  721.115 0.0993938582 0.0133063277
  721.215 0.0843232035 0.0123883194
  721.315 0.116853011 0.0150232897
  721.415 0.099742015 0.0138850238
  721.515 0.0713532845 0.0121560356
  721.615 0.0917475882 0.0132229443
  721.715 0.0555908881 0.0107583536
  721.815 0.0687328976 0.0123337634
  721.915 0.0890974783 0.0126999166
  722.015 0.0740901003 0.0121403083
  722.115 0.0869938813 0.013397193
  722.215 0.0756878773 0.0125525411
  722.315 0.086653847 0.01336735
  722.415 0.0895028084 0.0126941141
  722.515 0.104241345 0.0138754856
  722.615 0.100598031 0.0136409475
  722.715 0.0913536124 0.0133436938
  722.815 0.0696988719 0.0116855633
  722.915 0.087538321 0.0130293403
  723.015 0.0851142821 0.0125881031
  723.115 0.073290315 0.0120242668
  723.215 0.0814925022 0.012597932
  723.315 0.113343753 0.0150267414
  723.415 0.128816417 0.0161362581
  723.515 0.087325283 0.0129119019
  723.615 0.0739130829 0.012909699
  723.715 0.075649775 0.0118874459
  723.815 0.100969162 0.013913694
  723.915 0.0736897075 0.0121783576
  724.015 0.0748933818 0.012521894
  724.115 0.0872090812 0.0127774789
  724.215 0.0801349937 0.0131679271
  724.315 0.0809799564 0.012996855
  724.415 0.0818590982 0.0128758731
  724.515 0.0934287535 0.013202572
  724.615 0.0967609206 0.013442016
  724.715 0.108087564 0.0142118369
  724.815 0.0723783869 0.0122271655
  724.915 0.0969305802 0.0132680015


