# Data from DA_130524_E7.h5 stim 3
# Ratiometric estimator
# Ratiometric estimator:
#    Time    Ca (est)    Ca (se)
 1105.015 0.0695087857 0.00643145639
 1105.115 0.0838769827 0.00666785614
 1105.215 0.0601223525 0.00610444309
 1105.315 0.0646066387 0.00614957433
 1105.415 0.0670352296 0.00620278835
 1105.515 0.0767002594 0.00652738998
 1105.615 0.0684473861 0.00634476415
 1105.715 0.0658226842 0.00620664705
 1105.815 0.076414272 0.00664545735
 1105.915 0.0755634723 0.00637556369
 1106.015 0.0657648317 0.00622555077
 1106.115 0.0707602167 0.00634350408
 1106.215 0.0680994543 0.00629787882
 1106.315 0.0675507872 0.00626045916
 1106.415 0.0734587187 0.00644104763
 1106.515 0.0617084168 0.00619031532
 1106.615 0.112960605 0.00815247051
 1106.715 0.14193797 0.00917223102
 1106.815 0.16044315 0.0104028203
 1106.915 0.181840269 0.0109453452
 1107.015 0.222845636 0.0135259574
 1107.115 0.185426914 0.0115741733
 1107.215 0.173693028 0.0107041973
 1107.315 0.201540658 0.0122807595
 1107.415 0.168124687 0.0105484196
 1107.515 0.170140412 0.0104132539
 1107.615 0.16869433 0.0106838211
 1107.715 0.145942161 0.00964248565
 1107.815 0.153356269 0.00981077431
 1107.915 0.146051078 0.00932623752
 1108.015 0.146856612 0.00956147885
 1108.115 0.144086909 0.00945052457
 1108.215 0.142256547 0.00911087995
 1108.315 0.11517031 0.00808943852
 1108.415 0.132303199 0.00888096505
 1108.515 0.124886793 0.00839722393
 1108.615 0.12996474 0.00878950228
 1108.715 0.13097241 0.00878953774
 1108.815 0.114239964 0.00794514528
 1108.915 0.11299897 0.00806741351
 1109.015 0.122584773 0.00834573983
 1109.115 0.118888777 0.008142435
 1109.215 0.117506342 0.00816591089
 1109.315 0.111292969 0.00788173514
 1109.415 0.104408058 0.00768477728
 1109.515 0.1042455 0.00782071221
 1109.615 0.105871965 0.00779489204
 1109.715 0.101137633 0.00743106028
 1109.815 0.102439643 0.00745565368
 1109.915 0.107834025 0.00775166758
 1110.015 0.114067775 0.00794490053
 1110.115 0.083421755 0.00675589876
 1110.215 0.0982778873 0.00731073575
 1110.315 0.0948673603 0.00717316153
 1110.415 0.105110586 0.00783785494
 1110.515 0.0881240218 0.00700213651
 1110.615 0.0964664184 0.00732926403
 1110.715 0.0968897695 0.00733741288
 1110.815 0.10343403 0.0074352025
 1110.915 0.0919344007 0.00721115062
 1111.015 0.0822243698 0.00694231785
 1111.115 0.0973428962 0.00716108297
 1111.215 0.09117287 0.00699700342
 1111.315 0.0871105478 0.00689853309
 1111.415 0.0928457959 0.00694130645
 1111.515 0.0853904842 0.00675662422
 1111.615 0.086547476 0.00695254221
 1111.715 0.097596732 0.00721666765
 1111.815 0.0770925606 0.0065651154
 1111.915 0.0794464752 0.00671713792
 1112.015 0.0974776031 0.00728565316
 1112.115 0.0768940026 0.00661288384
 1112.215 0.0822941609 0.00681755774
 1112.315 0.0785431266 0.00671347831
 1112.415 0.0747094629 0.00653744391
 1112.515 0.0865616045 0.00670200114
 1112.615 0.0834160301 0.00673051545
 1112.715 0.0789170176 0.00660119118
 1112.815 0.0736834751 0.00631869546
 1112.915 0.0813505088 0.00672035847
 1113.015 0.077977841 0.00668913777
 1113.115 0.0882913336 0.00701555604
 1113.215 0.0634177513 0.00620517481
 1113.315 0.0814251928 0.00660423051
 1113.415 0.0790506207 0.00654540453
 1113.515 0.0684916983 0.0063520865
 1113.615 0.0669799814 0.00628353755
 1113.715 0.0647910307 0.0061361192
 1113.815 0.0893886811 0.00707316271
 1113.915 0.0879965123 0.00688410726
 1114.015 0.0833551468 0.00657088514
 1114.115 0.0779209892 0.0065111396
 1114.215 0.0862500784 0.00692071247
 1114.315 0.0771601632 0.00654240506
 1114.415 0.0729240474 0.00630940498
 1114.515 0.0658279961 0.00625073623
 1114.615 0.0723363815 0.00623992204
 1114.715 0.0768418959 0.0067140842
 1114.815 0.0739369991 0.00635909584
 1114.915 0.077024983 0.00652684338
 1115.015 0.071637161 0.00623662739
 1115.115 0.0642786563 0.00593662142
 1115.215 0.0714987062 0.00617716082
 1115.315 0.0692479713 0.0061660447
 1115.415 0.0717216965 0.00637974602
 1115.515 0.0744542363 0.00636852167
 1115.615 0.0687811913 0.00635322874
 1115.715 0.067797222 0.0061794581
 1115.815 0.0708312431 0.00617082872
 1115.915 0.0749235159 0.00642873848
 1116.015 0.0721136645 0.0063180068
 1116.115 0.0647350036 0.00609033953
 1116.215 0.0686601086 0.0063361981
 1116.315 0.0686976994 0.0062688024
 1116.415 0.0772797776 0.00639025622
 1116.515 0.0678840065 0.00617770936
 1116.615 0.0660339052 0.00613502042
 1116.715 0.0657131941 0.00603897071
 1116.815 0.0684369082 0.00604038081
 1116.915 0.0715017087 0.00618358382
 1117.015 0.0764391775 0.00641914866
 1117.115 0.0767745788 0.00641247414
 1117.215 0.0739715398 0.00630025039
 1117.315 0.0715433326 0.00617494204
 1117.415 0.0710094171 0.00614264851
 1117.515 0.0697877776 0.00639126946
 1117.615 0.0774730603 0.0064607661
 1117.715 0.0651429889 0.00609660052
 1117.815 0.0699078619 0.00634513561
 1117.915 0.0771121159 0.00646392904
 1118.015 0.0592632959 0.00590019718
 1118.115 0.075940395 0.00637917658
 1118.215 0.0678806263 0.00612849137
 1118.315 0.0840546979 0.00668868125
 1118.415 0.0723843876 0.00642396
 1118.515 0.06059775 0.00594126288
 1118.615 0.0781447269 0.00628874592
 1118.715 0.0761998517 0.00625992804
 1118.815 0.066746304 0.00608046997
 1118.915 0.0632018763 0.00592198145
 1119.015 0.0725086822 0.0061965862
 1119.115 0.0700781056 0.00609638428
 1119.215 0.0805110632 0.00646736543
 1119.315 0.071446158 0.00601715465
 1119.415 0.0667918368 0.00606986721
 1119.515 0.0697928288 0.00608532799
 1119.615 0.0665492041 0.00604137538
 1119.715 0.0675130219 0.00596331571
 1119.815 0.0701942116 0.0062401607
 1119.915 0.0693138408 0.00636047135
 1120.015 0.0690860098 0.00609192729
 1120.115 0.0617622977 0.00592724873
 1120.215 0.0660016196 0.00599845867
 1120.315 0.0730074738 0.00617535479
 1120.415 0.0623952789 0.00586438826
 1120.515 0.0658003015 0.00576899507
 1120.615 0.0666625677 0.00590396913
 1120.715 0.068833295 0.00590965689
 1120.815 0.0630928364 0.00599745107
 1120.915 0.0614445726 0.00585065316
 1121.015 0.0561491192 0.00575314763
 1121.115 0.0646300635 0.00581138579
 1121.215 0.0837676303 0.00646307561
 1121.315 0.0738607402 0.00626829691
 1121.415 0.0614186084 0.00582217998
 1121.515 0.0776560207 0.00644563431
 1121.615 0.06604365 0.00601157517
 1121.715 0.0730896468 0.00616297661
 1121.815 0.0523536945 0.00553836066
 1121.915 0.0586671602 0.00565711847
 1122.015 0.0627935604 0.00581457542
 1122.115 0.0616597634 0.0056753527
 1122.215 0.0658502535 0.00594576331
 1122.315 0.0718490654 0.00602708405
 1122.415 0.058198601 0.00583957541
 1122.515 0.0696289776 0.00605559228
 1122.615 0.0623812587 0.00588627643
 1122.715 0.0686289683 0.00605604805
 1122.815 0.0617782891 0.00575052475
 1122.915 0.0666674005 0.00601393913
 1123.015 0.0718347448 0.00611305061
 1123.115 0.0771047257 0.00620984145
 1123.215 0.0668291325 0.00584950063
 1123.315 0.0747470193 0.00630862528
 1123.415 0.0604089524 0.00572546071
 1123.515 0.058417332 0.00568693115
 1123.615 0.0721336408 0.00603398197
 1123.715 0.0787488698 0.00620086887
 1123.815 0.0751528446 0.006088275
 1123.915 0.0751139521 0.00610982426
 1124.015 0.0689080322 0.00603304437
 1124.115 0.0741204743 0.00607752778
 1124.215 0.0740838385 0.00628079011
 1124.315 0.0681346078 0.00605179284
 1124.415 0.0700565608 0.0060200277
 1124.515 0.079507793 0.00637313123
 1124.615 0.0653983876 0.00602495443
 1124.715 0.0743561334 0.0061871575
 1124.815 0.0740246418 0.00610491179
 1124.915 0.066312978 0.00591752579


