# τ vs min κ linear regression for data set DA_130524_E7.h5
# Using stimulation: 1, 3, 4, 5
# Best fit: tau = 1.77285 + 0.0121204 kappa_Fura
# Covariance matrix:
# [ +6.25250e-02, -5.32695e-04  
#   -5.32695e-04, +5.36334e-06  ]
# Total sum of squares (TSS) = 28.742
# chisq (Residual sum of squares, RSS) = 1.35135
# Probability of observing a larger of equal RSS per DOF under the null hypothesis: 0.508812
# R squared (1-RSS/TSS) = 0.952983
# Estimated gamma/v with standard error: 82.5052 +/- 15.7645
# Estimates kappa_S with standard error (using error propagation): 145.269 +/- 34.7377
# kappa_S confidence intervals based on parametric bootstrap
# 0.95 CI for kappa_S: [76.4857,294.925]
# 0.99 CI for kappa_S: [60.213,387.768]


# The data
# κ_Fura  τ   τ_SE
7.85506 2.34616 0.610352
62.1397 2.54379 0.158424
105.238 2.94258 0.15628
171.709 3.96811 0.220803


# The fitted data
# Preticted values with lower and upper bounds of 0.95 CI
# κ_Fura  τ   τ_lwr  τ_upr
-182.587 -0.440182 -1.73416 0.853794
-181.135 -0.422589 -1.71005 0.864872
-179.683 -0.404996 -1.68594 0.87595
-178.232 -0.387403 -1.66183 0.88703
-176.78 -0.36981 -1.63773 0.89811
-175.329 -0.352216 -1.61362 0.909191
-173.877 -0.334623 -1.58952 0.920273
-172.426 -0.31703 -1.56542 0.931355
-170.974 -0.299437 -1.54131 0.942439
-169.523 -0.281844 -1.51721 0.953523
-168.071 -0.264251 -1.49311 0.964608
-166.62 -0.246658 -1.46901 0.975694
-165.168 -0.229065 -1.44491 0.986781
-163.717 -0.211471 -1.42081 0.997869
-162.265 -0.193878 -1.39671 1.00896
-160.814 -0.176285 -1.37262 1.02005
-159.362 -0.158692 -1.34852 1.03114
-157.911 -0.141099 -1.32443 1.04223
-156.459 -0.123506 -1.30033 1.05332
-155.008 -0.105913 -1.27624 1.06441
-153.556 -0.0883196 -1.25215 1.07551
-152.105 -0.0707265 -1.22806 1.0866
-150.653 -0.0531334 -1.20397 1.0977
-149.201 -0.0355403 -1.17988 1.1088
-147.75 -0.0179472 -1.15579 1.1199
-146.298 -0.000354058 -1.1317 1.131
-144.847 0.0172391 -1.10762 1.1421
-143.395 0.0348322 -1.08354 1.1532
-141.944 0.0524253 -1.05945 1.1643
-140.492 0.0700184 -1.03537 1.17541
-139.041 0.0876115 -1.01129 1.18651
-137.589 0.105205 -0.987209 1.19762
-136.138 0.122798 -0.963131 1.20873
-134.686 0.140391 -0.939054 1.21984
-133.235 0.157984 -0.914978 1.23095
-131.783 0.175577 -0.890903 1.24206
-130.332 0.19317 -0.86683 1.25317
-128.88 0.210763 -0.842758 1.26429
-127.429 0.228356 -0.818688 1.2754
-125.977 0.24595 -0.794619 1.28652
-124.526 0.263543 -0.770551 1.29764
-123.074 0.281136 -0.746485 1.30876
-121.623 0.298729 -0.72242 1.31988
-120.171 0.316322 -0.698357 1.331
-118.719 0.333915 -0.674295 1.34213
-117.268 0.351508 -0.650235 1.35325
-115.816 0.369101 -0.626176 1.36438
-114.365 0.386695 -0.602119 1.37551
-112.913 0.404288 -0.578064 1.38664
-111.462 0.421881 -0.55401 1.39777
-110.01 0.439474 -0.529959 1.40891
-108.559 0.457067 -0.505909 1.42004
-107.107 0.47466 -0.48186 1.43118
-105.656 0.492253 -0.457814 1.44232
-104.204 0.509846 -0.433769 1.45346
-102.753 0.527439 -0.409726 1.46461
-101.301 0.545033 -0.385686 1.47575
-99.8497 0.562626 -0.361647 1.4869
-98.3982 0.580219 -0.33761 1.49805
-96.9466 0.597812 -0.313576 1.5092
-95.4951 0.615405 -0.289543 1.52035
-94.0436 0.632998 -0.265513 1.53151
-92.5921 0.650591 -0.241485 1.54267
-91.1405 0.668184 -0.217459 1.55383
-89.689 0.685778 -0.193435 1.56499
-88.2375 0.703371 -0.169414 1.57616
-86.786 0.720964 -0.145395 1.58732
-85.3344 0.738557 -0.121379 1.59849
-83.8829 0.75615 -0.0973648 1.60966
-82.4314 0.773743 -0.0733536 1.62084
-80.9799 0.791336 -0.0493449 1.63202
-79.5283 0.808929 -0.025339 1.6432
-78.0768 0.826522 -0.00133588 1.65438
-76.6253 0.844116 0.0226644 1.66557
-75.1738 0.861709 0.0466619 1.67676
-73.7223 0.879302 0.0706563 1.68795
-72.2707 0.896895 0.0946478 1.69914
-70.8192 0.914488 0.118636 1.71034
-69.3677 0.932081 0.142621 1.72154
-67.9162 0.949674 0.166603 1.73275
-66.4646 0.967267 0.190582 1.74395
-65.0131 0.984861 0.214557 1.75516
-63.5616 1.00245 0.238528 1.76638
-62.1101 1.02005 0.262496 1.7776
-60.6585 1.03764 0.286461 1.78882
-59.207 1.05523 0.310421 1.80004
-57.7555 1.07283 0.334378 1.81127
-56.304 1.09042 0.358331 1.82251
-54.8524 1.10801 0.382279 1.83375
-53.4009 1.12561 0.406224 1.84499
-51.9494 1.1432 0.430164 1.85623
-50.4979 1.16079 0.454099 1.86748
-49.0463 1.17838 0.47803 1.87874
-47.5948 1.19598 0.501957 1.89
-46.1433 1.21357 0.525879 1.90126
-44.6918 1.23116 0.549795 1.91253
-43.2402 1.24876 0.573707 1.92381
-41.7887 1.26635 0.597613 1.93509
-40.3372 1.28394 0.621514 1.94637
-38.8857 1.30154 0.64541 1.95766
-37.4342 1.31913 0.6693 1.96896
-35.9826 1.33672 0.693184 1.98026
-34.5311 1.35432 0.717062 1.99157
-33.0796 1.37191 0.740934 2.00288
-31.6281 1.3895 0.764799 2.01421
-30.1765 1.4071 0.788658 2.02553
-28.725 1.42469 0.81251 2.03687
-27.2735 1.44228 0.836355 2.04821
-25.822 1.45987 0.860193 2.05956
-24.3704 1.47747 0.884023 2.07091
-22.9189 1.49506 0.907846 2.08228
-21.4674 1.51265 0.931661 2.09365
-20.0159 1.53025 0.955468 2.10503
-18.5643 1.54784 0.979266 2.11641
-17.1128 1.56543 1.00306 2.12781
-15.6613 1.58303 1.02684 2.13922
-14.2098 1.60062 1.05061 2.15063
-12.7582 1.61821 1.07437 2.16206
-11.3067 1.63581 1.09812 2.17349
-9.8552 1.6534 1.12186 2.18494
-8.40368 1.67099 1.14559 2.19639
-6.95215 1.68859 1.16931 2.20786
-5.50063 1.70618 1.19302 2.21934
-4.04911 1.72377 1.21672 2.23083
-2.59758 1.74136 1.2404 2.24233
-1.14606 1.75896 1.26407 2.25385
0.305466 1.77655 1.28773 2.26537
1.75699 1.79414 1.31137 2.27692
3.20851 1.81174 1.335 2.28847
4.66004 1.82933 1.35862 2.30004
6.11156 1.84692 1.38222 2.31163
7.56308 1.86452 1.4058 2.32323
9.01461 1.88211 1.42937 2.33485
10.4661 1.8997 1.45292 2.34649
11.9177 1.9173 1.47645 2.35814
13.3692 1.93489 1.49996 2.36982
14.8207 1.95248 1.52346 2.38151
16.2722 1.97008 1.54693 2.39322
17.7238 1.98767 1.57038 2.40496
19.1753 2.00526 1.59381 2.41671
20.6268 2.02285 1.61722 2.42849
22.0783 2.04045 1.6406 2.44029
23.5298 2.05804 1.66396 2.45212
24.9814 2.07563 1.68729 2.46398
26.4329 2.09323 1.7106 2.47586
27.8844 2.11082 1.73387 2.48777
29.3359 2.12841 1.75712 2.49971
30.7875 2.14601 1.78033 2.51168
32.239 2.1636 1.80351 2.52369
33.6905 2.18119 1.82666 2.53573
35.142 2.19879 1.84977 2.5478
36.5936 2.21638 1.87284 2.55991
38.0451 2.23397 1.89588 2.57207
39.4966 2.25157 1.91887 2.58426
40.9481 2.26916 1.94182 2.5965
42.3997 2.28675 1.96472 2.60878
43.8512 2.30434 1.98758 2.62111
45.3027 2.32194 2.01038 2.63349
46.7542 2.33953 2.03313 2.64593
48.2058 2.35712 2.05583 2.65842
49.6573 2.37472 2.07847 2.67097
51.1088 2.39231 2.10104 2.68358
52.5603 2.4099 2.12355 2.69625
54.0118 2.4275 2.14599 2.709
55.4634 2.44509 2.16836 2.72181
56.9149 2.46268 2.19066 2.73471
58.3664 2.48028 2.21287 2.74768
59.8179 2.49787 2.23501 2.76073
61.2695 2.51546 2.25705 2.77388
62.721 2.53305 2.279 2.78711
64.1725 2.55065 2.30085 2.80045
65.624 2.56824 2.3226 2.81388
67.0756 2.58583 2.34424 2.82743
68.5271 2.60343 2.36577 2.84109
69.9786 2.62102 2.38717 2.85487
71.4301 2.63861 2.40846 2.86877
72.8817 2.65621 2.42961 2.88281
74.3332 2.6738 2.45062 2.89698
75.7847 2.69139 2.47149 2.9113
77.2362 2.70899 2.49221 2.92577
78.6878 2.72658 2.51277 2.94039
80.1393 2.74417 2.53316 2.95518
81.5908 2.76177 2.55339 2.97014
83.0423 2.77936 2.57343 2.98528
84.4938 2.79695 2.5933 3.0006
85.9454 2.81454 2.61297 3.01612
87.3969 2.83214 2.63245 3.03182
88.8484 2.84973 2.65173 3.04773
90.2999 2.86732 2.6708 3.06385
91.7515 2.88492 2.68966 3.08017
93.203 2.90251 2.70831 3.09672
94.6545 2.9201 2.72673 3.11348
96.106 2.9377 2.74493 3.13046
97.5576 2.95529 2.76291 3.14767
99.0091 2.97288 2.78067 3.1651
100.461 2.99048 2.7982 3.18275
101.912 3.00807 2.8155 3.20064
103.364 3.02566 2.83258 3.21875
104.815 3.04326 2.84944 3.23708
106.267 3.06085 2.86607 3.25563
107.718 3.07844 2.88249 3.27439
109.17 3.09603 2.8987 3.29337
110.621 3.11363 2.91469 3.31256
112.073 3.13122 2.93049 3.33196
113.524 3.14881 2.94608 3.35155
114.976 3.16641 2.96148 3.37133
116.427 3.184 2.9767 3.3913
117.879 3.20159 2.99174 3.41145
119.33 3.21919 3.0066 3.43177
120.782 3.23678 3.0213 3.45226
122.233 3.25437 3.03583 3.47291
123.685 3.27197 3.05021 3.49372
125.137 3.28956 3.06445 3.51467
126.588 3.30715 3.07854 3.53576
128.04 3.32475 3.0925 3.55699
129.491 3.34234 3.10633 3.57834
130.943 3.35993 3.12004 3.59982
132.394 3.37752 3.13364 3.62141
133.846 3.39512 3.14712 3.64311
135.297 3.41271 3.1605 3.66492
136.749 3.4303 3.17378 3.68683
138.2 3.4479 3.18696 3.70883
139.652 3.46549 3.20005 3.73093
141.103 3.48308 3.21306 3.75311
142.555 3.50068 3.22599 3.77537
144.006 3.51827 3.23883 3.79771
145.458 3.53586 3.25161 3.82012
146.909 3.55346 3.26431 3.8426
148.361 3.57105 3.27695 3.86515
149.812 3.58864 3.28953 3.88776
151.264 3.60624 3.30204 3.91043
152.715 3.62383 3.3145 3.93316
154.167 3.64142 3.3269 3.95594
155.619 3.65901 3.33926 3.97877
157.07 3.67661 3.35156 4.00166
158.522 3.6942 3.36382 4.02458
159.973 3.71179 3.37603 4.04756
161.425 3.72939 3.3882 4.07057
162.876 3.74698 3.40033 4.09363
164.328 3.76457 3.41242 4.11673
165.779 3.78217 3.42447 4.13986
167.231 3.79976 3.43649 4.16303
168.682 3.81735 3.44848 4.18623
170.134 3.83495 3.46043 4.20946
171.585 3.85254 3.47236 4.23272
173.037 3.87013 3.48425 4.25601
174.488 3.88773 3.49612 4.27933
175.94 3.90532 3.50796 4.30268
177.391 3.92291 3.51977 4.32605
178.843 3.9405 3.53156 4.34945
