# Data from DA_130524_E7.h5 stim 5
# Ratiometric estimator
# Ratiometric estimator:
#    Time    Ca (est)    Ca (se)
 1864.015 0.0549267672 0.00287404168
 1864.115 0.0593408682 0.00296773296
 1864.215 0.0603452116 0.00297283621
 1864.315 0.0651872893 0.00306455573
 1864.415 0.0583863148 0.00292269553
 1864.515 0.0589517108 0.00288940237
 1864.615 0.0571699155 0.00286416212
 1864.715 0.0569238276 0.00290930189
 1864.815 0.057515717 0.00293146265
 1864.915 0.0602528704 0.00294610354
 1865.015 0.0614139164 0.00301951324
 1865.115 0.0626104715 0.00302126682
 1865.215 0.0610840001 0.00299561095
 1865.315 0.060411048 0.00296108667
 1865.415 0.0582524279 0.00294854583
 1865.515 0.0574996073 0.00296453438
 1865.615 0.0777643918 0.00328534207
 1865.715 0.0968728209 0.003623816
 1865.815 0.102321094 0.00380779527
 1865.915 0.120341342 0.00414111138
 1866.015 0.148805581 0.00480127084
 1866.115 0.139870601 0.00464667435
 1866.215 0.143181579 0.00464932178
 1866.315 0.141460471 0.00458844567
 1866.415 0.135715993 0.00451901104
 1866.515 0.134795883 0.00453445729
 1866.615 0.131142885 0.00446886311
 1866.715 0.132853002 0.00445284972
 1866.815 0.130973379 0.00437532442
 1866.915 0.132546119 0.00439089118
 1867.015 0.1308849 0.00436398733
 1867.115 0.125556354 0.00426362068
 1867.215 0.122474446 0.00418445866
 1867.315 0.122430878 0.00421318951
 1867.415 0.115624323 0.0040921982
 1867.515 0.119491329 0.00410827086
 1867.615 0.124538859 0.00423293111
 1867.715 0.122341942 0.00417909305
 1867.815 0.114281943 0.00397569035
 1867.915 0.111687192 0.00395229317
 1868.015 0.112498086 0.00397667164
 1868.115 0.114746528 0.00395325445
 1868.215 0.110713014 0.00398989303
 1868.315 0.111501554 0.003941144
 1868.415 0.109568847 0.00390411994
 1868.515 0.109198287 0.00393388244
 1868.615 0.10507621 0.00385637138
 1868.715 0.10233869 0.00368946445
 1868.815 0.10364697 0.00375135091
 1868.915 0.098793368 0.00364841974
 1869.015 0.100535741 0.00373483559
 1869.115 0.0956618167 0.00358461237
 1869.215 0.0989962515 0.00366535641
 1869.315 0.0949137396 0.00356283852
 1869.415 0.0938027162 0.00362864518
 1869.515 0.0965481872 0.00361152328
 1869.615 0.090290281 0.00351947231
 1869.715 0.0887902384 0.00346078787
 1869.815 0.0907156035 0.00350387179
 1869.915 0.0901453764 0.00356123605
 1870.015 0.0897638158 0.00356364671
 1870.115 0.0864646929 0.00344291342
 1870.215 0.0902404375 0.00350138351
 1870.315 0.0914699732 0.00355676482
 1870.415 0.0830176804 0.00336195612
 1870.515 0.0847003265 0.00341511606
 1870.615 0.082210199 0.00334322855
 1870.715 0.08273979 0.00337943862
 1870.815 0.0840707518 0.00336481094
 1870.915 0.0836117082 0.00336506058
 1871.015 0.0867527934 0.00344650457
 1871.115 0.0800803493 0.00331433379
 1871.215 0.0821989369 0.0033906463
 1871.315 0.0867152856 0.00345871713
 1871.415 0.0783609278 0.00332948669
 1871.515 0.0798092684 0.00324466157
 1871.615 0.0788412701 0.00328021253
 1871.715 0.0734965043 0.00317809488
 1871.815 0.0810066675 0.00329162035
 1871.915 0.075983787 0.00326660568
 1872.015 0.0802715106 0.00332038561
 1872.115 0.0728596844 0.00318765361
 1872.215 0.0817404653 0.0033443636
 1872.315 0.0785075286 0.00327047314
 1872.415 0.0736256852 0.00318876523
 1872.515 0.0813781235 0.00335036079
 1872.615 0.0702889115 0.00311926778
 1872.715 0.0754269999 0.00323634835
 1872.815 0.0736362863 0.00319371995
 1872.915 0.0757969089 0.00324669114
 1873.015 0.0707597741 0.0031117349
 1873.115 0.0709236872 0.00311079473
 1873.215 0.0746521336 0.00322242716
 1873.315 0.0750475547 0.00320987359
 1873.415 0.0762435634 0.00316548195
 1873.515 0.0730666976 0.00319969051
 1873.615 0.069323963 0.00309228708
 1873.715 0.0759737582 0.00326237459
 1873.815 0.0724162541 0.00316385561
 1873.915 0.0735456205 0.00317269877
 1874.015 0.0660824039 0.00303398889
 1874.115 0.0660302288 0.00299609859
 1874.215 0.0707984054 0.00310734536
 1874.315 0.0647549144 0.00301425856
 1874.415 0.0683413141 0.00312881171
 1874.515 0.0706060705 0.00312824141
 1874.615 0.0655068917 0.00306183875
 1874.715 0.0716959121 0.0031496008
 1874.815 0.0665567735 0.00308027267
 1874.915 0.066297362 0.00307960684
 1875.015 0.0645426862 0.00301964002
 1875.115 0.0725072962 0.00315469152
 1875.215 0.0675919931 0.00313947527
 1875.315 0.0631163145 0.00298682313
 1875.415 0.0634397774 0.00300429124
 1875.515 0.0679123803 0.00306505652
 1875.615 0.0685517319 0.00310678697
 1875.715 0.0641213234 0.00301735341
 1875.815 0.0675284885 0.00304883296
 1875.915 0.0591954082 0.00292184373
 1876.015 0.0665813337 0.00303909873
 1876.115 0.0637597585 0.00302220706
 1876.215 0.0714708492 0.00314899605
 1876.315 0.0635931011 0.00296619553
 1876.415 0.0675197495 0.00302369273
 1876.515 0.0594913315 0.0029217801
 1876.615 0.0631796221 0.0030268045
 1876.715 0.0638152198 0.00298461241
 1876.815 0.0676866246 0.00305020495
 1876.915 0.0654818986 0.00296166433
 1877.015 0.0605929938 0.00296491745
 1877.115 0.062846075 0.00291679122
 1877.215 0.0652338717 0.00301266631
 1877.315 0.0627559537 0.00298494793
 1877.415 0.0593111381 0.00295068143
 1877.515 0.0709552997 0.00312432265
 1877.615 0.0623290824 0.00295398935
 1877.715 0.0643139444 0.0029395808
 1877.815 0.0600062967 0.00286784056
 1877.915 0.0607455225 0.00292490359
 1878.015 0.0604602654 0.00288703987
 1878.115 0.0653043597 0.00299876195
 1878.215 0.063862947 0.00293140662
 1878.315 0.0622296766 0.00291196206
 1878.415 0.0614276622 0.00293512701
 1878.515 0.0612946885 0.00290518781
 1878.615 0.0622264209 0.00293953968
 1878.715 0.0595010528 0.00286925837
 1878.815 0.0646923952 0.00298268665
 1878.915 0.0579405788 0.0029196346
 1879.015 0.0617387999 0.0029191511
 1879.115 0.0618136415 0.00292191577
 1879.215 0.0556277155 0.00278742927
 1879.315 0.0567675515 0.00285682604
 1879.415 0.0625702639 0.00290477512
 1879.515 0.0593911931 0.00284144207
 1879.615 0.0592444999 0.00285024292
 1879.715 0.0578362827 0.00281166909
 1879.815 0.0580224072 0.00290968542
 1879.915 0.0659480394 0.00296131111
 1880.015 0.0608900743 0.00292633547
 1880.115 0.0678793969 0.00295743298
 1880.215 0.0580619167 0.00281886689
 1880.315 0.0614247442 0.00287597204
 1880.415 0.0606127516 0.00286676647
 1880.515 0.059543192 0.00288767169
 1880.615 0.0630719092 0.00290714593
 1880.715 0.0610476321 0.00288818936
 1880.815 0.0588054938 0.00285412101
 1880.915 0.0618301926 0.00290224817
 1881.015 0.0570381913 0.00286103857
 1881.115 0.0569599036 0.00281464156
 1881.215 0.0573753512 0.00282938296
 1881.315 0.0597506293 0.00284416676
 1881.415 0.0600634651 0.00287936652
 1881.515 0.060830605 0.00289007632
 1881.615 0.0629871285 0.00288994967
 1881.715 0.054935389 0.00278416589
 1881.815 0.0602333009 0.00286673183
 1881.915 0.0596462136 0.00283326061
 1882.015 0.0614578378 0.00287898942
 1882.115 0.062169734 0.00286008382
 1882.215 0.0607514844 0.00286212128
 1882.315 0.0534429107 0.00277808691
 1882.415 0.0591304445 0.0028543266
 1882.515 0.0670745797 0.00296354855
 1882.615 0.0576007243 0.00280404741
 1882.715 0.0575810853 0.00278681777
 1882.815 0.0621939413 0.0028932516
 1882.915 0.0552094862 0.00276654141
 1883.015 0.0584181025 0.00284413126
 1883.115 0.0632120049 0.00290018482
 1883.215 0.0620890433 0.00290361581
 1883.315 0.0608360689 0.00290565104
 1883.415 0.0583029908 0.00281622439
 1883.515 0.0568270108 0.00279670388
 1883.615 0.0580448626 0.0028328871
 1883.715 0.064288135 0.00292495809
 1883.815 0.0617218048 0.00289837287
 1883.915 0.0588275634 0.00285601111


