# Data from DA_130524_E7.h5 stim 4
# Ratiometric estimator
# Ratiometric estimator:
#    Time    Ca (est)    Ca (se)
 1505.015 0.06880347 0.00425877951
 1505.115 0.0600348635 0.00409865123
 1505.215 0.0606905308 0.00412076103
 1505.315 0.061405142 0.0041773773
 1505.415 0.0644632794 0.00420317367
 1505.515 0.0729622004 0.00443216201
 1505.615 0.0649497912 0.00410774056
 1505.715 0.0601236353 0.00405578981
 1505.815 0.0659107625 0.00417976408
 1505.915 0.0615530319 0.00404101593
 1506.015 0.0626470151 0.00415399564
 1506.115 0.0625359384 0.00420063676
 1506.215 0.0591247945 0.00403063414
 1506.315 0.0597799815 0.00408052957
 1506.415 0.0726153879 0.00440678984
 1506.515 0.0661604822 0.00419710196
 1506.615 0.0990470708 0.00507922071
 1506.715 0.127114468 0.00581899749
 1506.815 0.153356569 0.00672043753
 1506.915 0.151374776 0.00656075749
 1507.015 0.172519525 0.0073754818
 1507.115 0.174863925 0.00747954688
 1507.215 0.16689528 0.00706873001
 1507.315 0.164639028 0.00700826663
 1507.415 0.162624118 0.00698375452
 1507.515 0.162057501 0.00697355141
 1507.615 0.153464671 0.00672165384
 1507.715 0.162501314 0.00697398247
 1507.815 0.138217106 0.00627113225
 1507.915 0.144885713 0.00637955372
 1508.015 0.139195499 0.00619012899
 1508.115 0.132495503 0.00611668946
 1508.215 0.143744238 0.00629628278
 1508.315 0.13170891 0.00609259486
 1508.415 0.134640399 0.00611401751
 1508.515 0.115111752 0.00556370349
 1508.615 0.129509241 0.00590902565
 1508.715 0.130759701 0.0058917411
 1508.815 0.135176076 0.00604889612
 1508.915 0.116885068 0.00557520685
 1509.015 0.113117732 0.00545945284
 1509.115 0.117395615 0.00559813332
 1509.215 0.116056945 0.00565633846
 1509.315 0.111364889 0.00540690172
 1509.415 0.114464783 0.0055079321
 1509.515 0.100187422 0.00521043979
 1509.615 0.112776403 0.00553211217
 1509.715 0.100296311 0.00508130766
 1509.815 0.105557403 0.00527851077
 1509.915 0.107879201 0.00528265414
 1510.015 0.105031564 0.00527620722
 1510.115 0.0991704359 0.00504615571
 1510.215 0.099847822 0.00515492729
 1510.315 0.0984861092 0.00509435556
 1510.415 0.0987847637 0.00512636275
 1510.515 0.103530421 0.00516782844
 1510.615 0.0991049016 0.00514246524
 1510.715 0.0959080168 0.00506548467
 1510.815 0.0908230306 0.00485820296
 1510.915 0.0866554888 0.0048165756
 1511.015 0.0804784068 0.00474822672
 1511.115 0.0919043473 0.00487349623
 1511.215 0.0911256465 0.00486851103
 1511.315 0.0924483239 0.0049135761
 1511.415 0.0866004602 0.00474176474
 1511.515 0.0885152344 0.00486696566
 1511.615 0.0794422732 0.00462376653
 1511.715 0.0864366583 0.00476811174
 1511.815 0.0861178685 0.00473308752
 1511.915 0.0931101037 0.0049423618
 1512.015 0.0865849532 0.00476316632
 1512.115 0.0753860307 0.00448370087
 1512.215 0.0786377879 0.00460264308
 1512.315 0.0733646841 0.00449547866
 1512.415 0.0758728803 0.00455751011
 1512.515 0.0806949044 0.00454966733
 1512.615 0.0771309051 0.00448264624
 1512.715 0.0742371192 0.00446125347
 1512.815 0.0804230732 0.00460533532
 1512.915 0.076689007 0.00450594027
 1513.015 0.0765223966 0.00454765237
 1513.115 0.0755904701 0.00449469327
 1513.215 0.072144315 0.00446653773
 1513.315 0.0777094581 0.00456100981
 1513.415 0.0790114113 0.00452719216
 1513.515 0.0836129137 0.00464523547
 1513.615 0.0728450256 0.00442696699
 1513.715 0.0723992594 0.00442528664
 1513.815 0.0789755569 0.00445893255
 1513.915 0.0722003272 0.00440974441
 1514.015 0.0760704615 0.00445301643
 1514.115 0.0706716913 0.00433009805
 1514.215 0.0729075219 0.00441742126
 1514.315 0.0662853632 0.00431211195
 1514.415 0.0748507232 0.00441622691
 1514.515 0.0729717152 0.00446108324
 1514.615 0.0755046457 0.00444620513
 1514.715 0.0677155311 0.00430293051
 1514.815 0.0666248908 0.00423064874
 1514.915 0.0704979304 0.00438744873
 1515.015 0.0737621443 0.00440207625
 1515.115 0.0691569088 0.00431651254
 1515.215 0.0678446137 0.00430190724
 1515.315 0.0775878804 0.00445656814
 1515.415 0.070032021 0.00434702547
 1515.515 0.0692046826 0.00432970293
 1515.615 0.0724371367 0.00445879189
 1515.715 0.0768772379 0.00454379977
 1515.815 0.0779655785 0.00449515877
 1515.915 0.0686480012 0.00439127669
 1516.015 0.0757522329 0.00445594309
 1516.115 0.0786495332 0.00456708498
 1516.215 0.0700244129 0.00443765274
 1516.315 0.0624430971 0.00411482327
 1516.415 0.0764606216 0.00443370611
 1516.515 0.075238864 0.00441631427
 1516.615 0.0728091718 0.00438831779
 1516.715 0.0728421982 0.00446487747
 1516.815 0.0672953608 0.00418442816
 1516.915 0.0598533552 0.00407638591
 1517.015 0.0752890417 0.00438931729
 1517.115 0.06491182 0.00425465384
 1517.215 0.0709427782 0.00432069209
 1517.315 0.0668868774 0.00424481786
 1517.415 0.0644292994 0.00413833821
 1517.515 0.071805166 0.00436194647
 1517.615 0.0667169907 0.00426789117
 1517.715 0.0664574187 0.00420921767
 1517.815 0.065113943 0.00420451545
 1517.915 0.0739673186 0.00429576885
 1518.015 0.0696225718 0.00434489196
 1518.115 0.0704751028 0.00430980903
 1518.215 0.0710843834 0.00426344573
 1518.315 0.0735761268 0.00438742305
 1518.415 0.0716582326 0.00442956141
 1518.515 0.0699783666 0.0042896874
 1518.615 0.0698067041 0.00418431967
 1518.715 0.0626934263 0.00407099721
 1518.815 0.0676996542 0.00416760061
 1518.915 0.059619328 0.00402205396
 1519.015 0.0609997899 0.00405396478
 1519.115 0.0613257457 0.00406219731
 1519.215 0.0663059887 0.00413600839
 1519.315 0.0624544463 0.00403439625
 1519.415 0.0635170472 0.00404892994
 1519.515 0.0644687352 0.00412046995
 1519.615 0.062894675 0.00417422622
 1519.715 0.0564853414 0.00394944691
 1519.815 0.0639780865 0.00419494026
 1519.915 0.0600108011 0.00419634375
 1520.015 0.0616355772 0.004087452
 1520.115 0.0639576525 0.00411903291
 1520.215 0.0648331074 0.00413221918
 1520.315 0.0605389193 0.00406252918
 1520.415 0.0666218568 0.00415705688
 1520.515 0.0633818384 0.00402533296
 1520.615 0.0639465147 0.00415775463
 1520.715 0.0700266732 0.00425405323
 1520.815 0.0645515171 0.00427550459
 1520.915 0.0677846006 0.00424592136
 1521.015 0.061742933 0.00416275959
 1521.115 0.069334174 0.00424698971
 1521.215 0.0615882659 0.00409947725
 1521.315 0.0663966203 0.00422520291
 1521.415 0.0684887815 0.00424957459
 1521.515 0.067246592 0.00423238259
 1521.615 0.0646399697 0.00421224501
 1521.715 0.0729763793 0.00438852655
 1521.815 0.060351296 0.00409393587
 1521.915 0.0711158909 0.00433584259
 1522.015 0.0643564442 0.004212256
 1522.115 0.0557252769 0.00404805989
 1522.215 0.0640339547 0.00417843975
 1522.315 0.070247696 0.00424769289
 1522.415 0.065839014 0.00421544325
 1522.515 0.0613324732 0.00412235535
 1522.615 0.0647453226 0.00417011621
 1522.715 0.0570108575 0.00396530054
 1522.815 0.0705318511 0.00430913919
 1522.915 0.0633702994 0.00410496158
 1523.015 0.0662307809 0.00416516335
 1523.115 0.0640102856 0.00411639911
 1523.215 0.0595214821 0.00406326551
 1523.315 0.0647008515 0.00423578777
 1523.415 0.0625550944 0.00410460443
 1523.515 0.0653474967 0.00419145565
 1523.615 0.0612088241 0.00402673432
 1523.715 0.0653432979 0.00413641157
 1523.815 0.0646662327 0.00417165336
 1523.915 0.0716672807 0.00427725243
 1524.015 0.0706504623 0.00431365803
 1524.115 0.060149395 0.00402470976
 1524.215 0.0614960751 0.00408680028
 1524.315 0.0559370034 0.00404192447
 1524.415 0.0659212218 0.00415567163
 1524.515 0.0677088106 0.00419552071
 1524.615 0.0605637255 0.00406435319
 1524.715 0.0646396642 0.0041282332
 1524.815 0.0636184077 0.00407930231
 1524.915 0.0641035197 0.00408401715


