# τ vs max κ linear regression for data set DA_130524_E7.h5
# Using stimulation: 1, 3, 4, 5
# Best fit: tau = 1.73889 + 0.011156 kappa_Fura
# Covariance matrix:
# [ +6.49455e-02, -4.98671e-04  
#   -4.98671e-04, +4.49447e-06  ]
# Total sum of squares (TSS) = 28.742
# chisq (Residual sum of squares, RSS) = 1.05093
# Probability of observing a larger of equal RSS per DOF under the null hypothesis: 0.591281
# R squared (1-RSS/TSS) = 0.963436
# Estimated gamma/v with standard error: 89.6378 +/- 17.0342
# Estimates kappa_S with standard error (using error propagation): 154.87 +/- 37.406
# kappa_S confidence intervals based on parametric bootstrap
# 0.95 CI for kappa_S: [80.7846,307.464]
# 0.99 CI for kappa_S: [64.9674,401.518]


# The data
# κ_Fura  τ   τ_SE
11.8562 2.34616 0.610352
71.6316 2.54379 0.158424
115.256 2.94258 0.15628
191.711 3.96811 0.220803


# The fitted data
# Preticted values with lower and upper bounds of 0.95 CI
# κ_Fura  τ   τ_lwr  τ_upr
-194.587 -0.431933 -1.71599 0.852122
-193.004 -0.414267 -1.69182 0.863283
-191.42 -0.396601 -1.66765 0.874444
-189.837 -0.378935 -1.64348 0.885606
-188.253 -0.361269 -1.61931 0.896769
-186.67 -0.343603 -1.59514 0.907933
-185.086 -0.325937 -1.57097 0.919097
-183.503 -0.308271 -1.5468 0.930262
-181.919 -0.290605 -1.52264 0.941428
-180.336 -0.272939 -1.49847 0.952595
-178.752 -0.255273 -1.47431 0.963763
-177.169 -0.237607 -1.45015 0.974932
-175.585 -0.219941 -1.42598 0.986102
-174.001 -0.202275 -1.40182 0.997272
-172.418 -0.184609 -1.37766 1.00844
-170.834 -0.166943 -1.3535 1.01962
-169.251 -0.149277 -1.32934 1.03079
-167.667 -0.131611 -1.30519 1.04196
-166.084 -0.113945 -1.28103 1.05314
-164.5 -0.0962794 -1.25687 1.06432
-162.917 -0.0786134 -1.23272 1.07549
-161.333 -0.0609475 -1.20857 1.08667
-159.75 -0.0432815 -1.18441 1.09785
-158.166 -0.0256155 -1.16026 1.10903
-156.583 -0.00794959 -1.13611 1.12021
-154.999 0.00971637 -1.11196 1.1314
-153.415 0.0273823 -1.08782 1.14258
-151.832 0.0450483 -1.06367 1.15376
-150.248 0.0627143 -1.03952 1.16495
-148.665 0.0803802 -1.01538 1.17614
-147.081 0.0980462 -0.991235 1.18733
-145.498 0.115712 -0.967093 1.19852
-143.914 0.133378 -0.942952 1.20971
-142.331 0.151044 -0.918812 1.2209
-140.747 0.16871 -0.894674 1.23209
-139.164 0.186376 -0.870537 1.24329
-137.58 0.204042 -0.846402 1.25449
-135.997 0.221708 -0.822268 1.26568
-134.413 0.239374 -0.798135 1.27688
-132.829 0.25704 -0.774004 1.28808
-131.246 0.274706 -0.749874 1.29929
-129.662 0.292372 -0.725745 1.31049
-128.079 0.310038 -0.701618 1.32169
-126.495 0.327704 -0.677493 1.3329
-124.912 0.34537 -0.653369 1.34411
-123.328 0.363036 -0.629247 1.35532
-121.745 0.380702 -0.605127 1.36653
-120.161 0.398367 -0.581008 1.37774
-118.578 0.416033 -0.556891 1.38896
-116.994 0.433699 -0.532776 1.40017
-115.411 0.451365 -0.508662 1.41139
-113.827 0.469031 -0.48455 1.42261
-112.243 0.486697 -0.46044 1.43383
-110.66 0.504363 -0.436332 1.44506
-109.076 0.522029 -0.412226 1.45628
-107.493 0.539695 -0.388122 1.46751
-105.909 0.557361 -0.36402 1.47874
-104.326 0.575027 -0.33992 1.48997
-102.742 0.592693 -0.315822 1.50121
-101.159 0.610359 -0.291726 1.51244
-99.5752 0.628025 -0.267632 1.52368
-97.9917 0.645691 -0.24354 1.53492
-96.4081 0.663357 -0.219451 1.54616
-94.8246 0.681023 -0.195364 1.55741
-93.241 0.698689 -0.17128 1.56866
-91.6575 0.716355 -0.147198 1.57991
-90.074 0.734021 -0.123118 1.59116
-88.4904 0.751687 -0.099041 1.60241
-86.9069 0.769353 -0.0749665 1.61367
-85.3234 0.787019 -0.0508947 1.62493
-83.7398 0.804685 -0.0268256 1.63619
-82.1563 0.822351 -0.00275926 1.64746
-80.5727 0.840016 0.0213042 1.65873
-78.9892 0.857682 0.0453648 1.67
-77.4057 0.875348 0.0694223 1.68127
-75.8221 0.893014 0.0934768 1.69255
-74.2386 0.91068 0.117528 1.70383
-72.655 0.928346 0.141576 1.71512
-71.0715 0.946012 0.165621 1.7264
-69.488 0.963678 0.189663 1.73769
-67.9044 0.981344 0.213701 1.74899
-66.3209 0.99901 0.237735 1.76028
-64.7374 1.01668 0.261766 1.77159
-63.1538 1.03434 0.285794 1.78289
-61.5703 1.05201 0.309817 1.7942
-59.9867 1.06967 0.333836 1.80551
-58.4032 1.08734 0.357852 1.81683
-56.8197 1.10501 0.381863 1.82815
-55.2361 1.12267 0.40587 1.83947
-53.6526 1.14034 0.429873 1.8508
-52.0691 1.158 0.453871 1.86214
-50.4855 1.17567 0.477865 1.87347
-48.902 1.19334 0.501854 1.88482
-47.3184 1.211 0.525838 1.89617
-45.7349 1.22867 0.549817 1.90752
-44.1514 1.24633 0.573792 1.91888
-42.5678 1.264 0.59776 1.93024
-40.9843 1.28167 0.621724 1.94161
-39.4008 1.29933 0.645682 1.95298
-37.8172 1.317 0.669634 1.96436
-36.2337 1.33466 0.69358 1.97575
-34.6501 1.35233 0.71752 1.98714
-33.0666 1.37 0.741454 1.99854
-31.4831 1.38766 0.765381 2.00994
-29.8995 1.40533 0.789302 2.02135
-28.316 1.42299 0.813216 2.03277
-26.7324 1.44066 0.837123 2.0442
-25.1489 1.45833 0.861023 2.05563
-23.5654 1.47599 0.884915 2.06707
-21.9818 1.49366 0.908799 2.07851
-20.3983 1.51132 0.932676 2.08997
-18.8148 1.52899 0.956544 2.10143
-17.2312 1.54665 0.980404 2.11291
-15.6477 1.56432 1.00425 2.12439
-14.0641 1.58199 1.0281 2.13588
-12.4806 1.59965 1.05193 2.14738
-10.8971 1.61732 1.07575 2.15889
-9.31353 1.63498 1.09956 2.17041
-7.72999 1.65265 1.12337 2.18194
-6.14646 1.67032 1.14716 2.19348
-4.56292 1.68798 1.17094 2.20503
-2.97938 1.70565 1.19471 2.21659
-1.39584 1.72331 1.21846 2.22817
0.187695 1.74098 1.24221 2.23976
1.77123 1.75865 1.26594 2.25136
3.35477 1.77631 1.28965 2.26297
4.93831 1.79398 1.31336 2.2746
6.52185 1.81164 1.33705 2.28624
8.10538 1.82931 1.36072 2.2979
9.68892 1.84698 1.38438 2.30957
11.2725 1.86464 1.40802 2.32126
12.856 1.88231 1.43165 2.33297
14.4395 1.89997 1.45526 2.34469
16.0231 1.91764 1.47885 2.35643
17.6066 1.93531 1.50242 2.36819
19.1902 1.95297 1.52597 2.37997
20.7737 1.97064 1.5495 2.39177
22.3572 1.9883 1.57301 2.40359
23.9408 2.00597 1.5965 2.41544
25.5243 2.02364 1.61997 2.42731
27.1078 2.0413 1.64341 2.4392
28.6914 2.05897 1.66682 2.45112
30.2749 2.07663 1.69021 2.46306
31.8585 2.0943 1.71357 2.47503
33.442 2.11197 1.7369 2.48703
35.0255 2.12963 1.7602 2.49906
36.6091 2.1473 1.78347 2.51113
38.1926 2.16496 1.8067 2.52322
39.7761 2.18263 1.82991 2.53535
41.3597 2.2003 1.85307 2.54752
42.9432 2.21796 1.8762 2.55973
44.5268 2.23563 1.89928 2.57197
46.1103 2.25329 1.92233 2.58426
47.6938 2.27096 1.94533 2.59659
49.2774 2.28863 1.96828 2.60897
50.8609 2.30629 1.99119 2.6214
52.4444 2.32396 2.01404 2.63387
54.028 2.34162 2.03684 2.64641
55.6115 2.35929 2.05958 2.65899
57.1951 2.37696 2.08227 2.67164
58.7786 2.39462 2.10489 2.68435
60.3621 2.41229 2.12745 2.69713
61.9457 2.42995 2.14993 2.70997
63.5292 2.44762 2.17235 2.72289
65.1127 2.46528 2.19468 2.73588
66.6963 2.48295 2.21694 2.74896
68.2798 2.50062 2.23911 2.76212
69.8634 2.51828 2.26119 2.77537
71.4469 2.53595 2.28318 2.78871
73.0304 2.55361 2.30507 2.80216
74.614 2.57128 2.32686 2.81571
76.1975 2.58895 2.34853 2.82936
77.7811 2.60661 2.37009 2.84313
79.3646 2.62428 2.39153 2.85703
80.9481 2.64194 2.41284 2.87105
82.5317 2.65961 2.43402 2.8852
84.1152 2.67728 2.45506 2.89949
85.6987 2.69494 2.47596 2.91393
87.2823 2.71261 2.4967 2.92852
88.8658 2.73027 2.51728 2.94327
90.4494 2.74794 2.5377 2.95818
92.0329 2.76561 2.55794 2.97327
93.6164 2.78327 2.57801 2.98854
95.2 2.80094 2.59789 3.00399
96.7835 2.8186 2.61758 3.01963
98.367 2.83627 2.63707 3.03547
99.9506 2.85394 2.65637 3.05151
101.534 2.8716 2.67545 3.06775
103.118 2.88927 2.69432 3.08421
104.701 2.90693 2.71298 3.10089
106.285 2.9246 2.73141 3.11778
107.868 2.94227 2.74963 3.1349
109.452 2.95993 2.76762 3.15224
111.035 2.9776 2.78539 3.16981
112.619 2.99526 2.80293 3.1876
114.202 3.01293 2.82025 3.20561
115.786 3.0306 2.83734 3.22385
117.37 3.04826 2.85421 3.24231
118.953 3.06593 2.87086 3.26099
120.537 3.08359 2.8873 3.27989
122.12 3.10126 2.90353 3.29899
123.704 3.11893 2.91955 3.3183
125.287 3.13659 2.93536 3.33782
126.871 3.15426 2.95099 3.35753
128.454 3.17192 2.96642 3.37743
130.038 3.18959 2.98166 3.39752
131.621 3.20726 2.99673 3.41778
133.205 3.22492 3.01163 3.43821
134.788 3.24259 3.02636 3.45881
136.372 3.26025 3.04093 3.47957
137.955 3.27792 3.05536 3.50048
139.539 3.29558 3.06963 3.52154
141.123 3.31325 3.08377 3.54273
142.706 3.33092 3.09778 3.56406
144.29 3.34858 3.11166 3.58551
145.873 3.36625 3.12542 3.60708
147.457 3.38391 3.13906 3.62877
149.04 3.40158 3.1526 3.65056
150.624 3.41925 3.16603 3.67246
152.207 3.43691 3.17936 3.69446
153.791 3.45458 3.19261 3.71655
155.374 3.47224 3.20576 3.73873
156.958 3.48991 3.21882 3.761
158.541 3.50758 3.23181 3.78334
160.125 3.52524 3.24472 3.80577
161.709 3.54291 3.25756 3.82826
163.292 3.56057 3.27033 3.85082
164.876 3.57824 3.28303 3.87345
166.459 3.59591 3.29567 3.89614
168.043 3.61357 3.30825 3.91889
169.626 3.63124 3.32078 3.9417
171.21 3.6489 3.33325 3.96456
172.793 3.66657 3.34567 3.98747
174.377 3.68424 3.35805 4.01043
175.96 3.7019 3.37037 4.03343
177.544 3.71957 3.38266 4.05648
179.127 3.73723 3.3949 4.07957
180.711 3.7549 3.4071 4.1027
182.295 3.77257 3.41926 4.12587
183.878 3.79023 3.43139 4.14907
185.462 3.8079 3.44348 4.17231
187.045 3.82556 3.45554 4.19559
188.629 3.84323 3.46757 4.21889
190.212 3.8609 3.47957 4.24222
191.796 3.87856 3.49154 4.26559
193.379 3.89623 3.50348 4.28898
194.963 3.91389 3.51539 4.3124
196.546 3.93156 3.52728 4.33584
198.13 3.94923 3.53915 4.3593
199.713 3.96689 3.55099 4.38279
