# Cellular [Fura] for dataset DA_130524_E7.h5

# Loading curve with 112 elements
#    Time   AMPLITUDE
    0.021 2.19582961
   30.021 1.9987398
   60.021 2.34016676
   90.021 2.3145231
  120.021 2.71602948
  150.021 2.87575282
  180.021 2.73727708
  210.021 3.75935993
  240.021 4.34037191
  450.021 6.83073722
  480.021 7.66012631
  510.021 7.22564952
  540.021 8.43456472
  570.021 8.15394986
  600.021 10.3673637
  780.021 14.5135765
  810.021 16.440514
  840.021 15.3034011
  870.021 18.581393
  900.021 17.9322421
  930.021 20.2577554
  960.021 21.2637194
  990.021 22.3312281
 1020.021 23.543074
 1170.021 29.2293715
 1200.021 31.0808435
 1230.021 31.3248245
 1260.021 34.411588
 1290.021 32.7418197
 1320.021 35.896722
 1350.021 36.6696951
 1380.021 38.3343347
 1410.021 39.6978445
 1440.021 40.910423
 1560.021 44.9196255
 1590.021 47.2539308
 1620.021 47.8224873
 1650.021 49.177205
 1680.021 49.0108876
 1710.021 53.8135779
 1740.021 56.7955688
 1770.021 59.0632006
 1800.021 64.0563867
 1920.021 74.2266606
 1950.021 75.3564468
 1980.021 80.6720103
 2010.021 82.1029263
 2040.021 82.4231057
 2070.021 84.3983998
 2100.021 86.0388611
 2130.021 87.885937
 2160.021 89.6648741
 2190.021 95.8984804
 2220.021 100.066674
 2250.021 98.7515203
 2280.021 106.63438
 2310.021 109.466905
 2340.021 111.483962
 2370.021 114.811043
 2400.021 117.398121
 2430.021 121.199977
 2460.021 123.532817
 2490.021 126.353619
 2520.021 127.587445
 2550.021 131.151913
 2580.021 131.08524
 2610.021 130.467594
 2640.021 135.672523
 2670.021 133.843032
 2700.021 139.20915
 2730.021 145.324063
 2760.021 144.343742
 2790.021 144.732793
 2820.021 145.441291
 2850.021 144.264613
 2880.021 148.52952
 2910.021 149.858594
 2940.021 149.853465
 2970.021  150.7063
 3000.021 153.922747
 3030.021 157.326026
 3060.021 157.792741
 3090.021 161.565289
 3120.021 162.100875
 3150.021 166.079305
 3180.021 166.450039
 3210.021 168.134461
 3240.021 169.961022
 3270.021 169.821813
 3300.021 173.327667
 3330.021 173.023607
 3360.021 176.566827
 3390.021 177.716396
 3420.021 175.777003
 3450.021 176.388787
 3480.021 177.490732
 3510.021 176.550708
 3540.021 180.683733
 3570.021 181.646469
 3600.021 182.344709
 3630.021 183.506733
 3660.021 186.268189
 3690.021 184.856322
 3720.021 187.521064
 3750.021 191.666545
 3780.021 190.592442
 3810.021 194.353267
 3840.021 192.951658
 3870.021 196.857553
 3900.021 194.204534
 3930.021 196.003986
 3960.021       200


# Stim 1 with 200 elements
#    Time   AMPLITUDE
  345.015 5.77275325
  345.115 4.92504726
  345.215 5.41447474
  345.315 5.37564292
  345.415 5.69655496
  345.515 4.97999795
  345.615 4.93090866
  345.715 4.84225488
  345.815 5.29944463
  345.915 5.13532523
  346.015 5.21738493
  346.115 5.85774365
  346.215 4.67520478
  346.315 5.5009305
  346.415 4.75946251
  346.515 5.40788066
  346.615 5.3793063
  346.715 5.3184942
  346.815 5.0818399
  346.915 5.35659335
  347.015 4.98879006
  347.115 5.54196035
  347.215 5.13605791
  347.315 4.50229328
  347.415 4.76312589
  347.515 6.19477456
  347.615 4.43122372
  347.715 4.99245344
  347.815 4.65322451
  347.915 6.02992248
  348.015 4.8569084
  348.115 4.63270958
  348.215 5.14997875
  348.315 5.26061281
  348.415 5.48407895
  348.515 5.14338467
  348.615 5.19687001
  348.715 5.43498967
  348.815 4.95142359
  348.915 5.05546356
  349.015 5.61962399
  349.115 4.79682898
  349.215 4.97999795
  349.315 4.96607711
  349.415 4.58948171
  349.515 5.27966238
  349.615 5.01809709
  349.715 4.61659071
  349.815 5.79326817
  349.915 4.96387908
  350.015 5.22324634
  350.115 4.57702622
  350.215 5.41447474
  350.315 5.40788066
  350.415 4.83712615
  350.515 5.64746567
  350.615 5.73318875
  350.715 4.88401741
  350.815 5.50459388
  350.915 5.11041425
  351.015 5.29065252
  351.115 5.4584353
  351.215 4.59900649
  351.315 5.75223832
  351.415 5.15510748
  351.515 5.13972129
  351.615 5.70241637
  351.715 4.68546225
  351.815 5.71926791
  351.915 5.78227804
  352.015 5.0877013
  352.115 5.66138652
  352.215 5.64893103
  352.315 5.40788066
  352.415 5.74637692
  352.515 6.2753689
  352.615 5.84382281
  352.715 5.64233694
  352.815 5.03494864
  352.915 5.61302991
  353.015 5.0664537
  353.115 5.30237534
  353.215 5.23570183
  353.315 5.55954457
  353.415 5.25768211
  353.515 5.73685213
  353.615 5.99768474
  353.715 5.1726917
  353.815 5.16243424
  353.915 5.7317234
  354.015 5.22251366
  354.115 5.01736442
  354.215 4.90306698
  354.315 5.08623595
  354.415 4.71843266
  354.515 5.48920768
  354.615 5.87899125
  354.715 5.5434257
  354.815 5.3184942
  354.915 5.48188093
  355.015 5.26207816
  355.115 5.82184253
  355.215 5.15657284
  355.315 5.38736574
  355.415 5.03714667
  355.515 5.6496637
  355.615 4.82467066
  355.715 4.87229459
  355.815 5.36904884
  355.915 5.26354351
  356.015 5.66724792
  356.115 5.02981991
  356.215 5.16023621
  356.315 4.6502938
  356.415 5.98229855
  356.515 5.49653444
  356.615 6.37721085
  356.715 5.86726844
  356.815 5.08257257
  356.915 5.47748487
  357.015 5.33314772
  357.115 5.68190144
  357.215 6.07608106
  357.315 4.25904488
  357.415 5.70388172
  357.515 5.32142491
  357.615 5.57053471
  357.715 5.19540466
  357.815 4.35062937
  357.915 5.53316824
  358.015 5.25768211
  358.115 5.59764371
  358.215 4.91112642
  358.315 5.37051419
  358.415 5.48481163
  358.515 4.72136336
  358.615 6.37354747
  358.715 5.39249447
  358.815 5.8987735
  358.915 5.86140703
  359.015 4.73162083
  359.115 5.03128526
  359.215 5.69948566
  359.315 5.72512932
  359.415 5.50679191
  359.515 4.78290814
  359.615 5.24595929
  359.715 5.21738493
  359.815 5.35366265
  359.915 5.35952405
  360.015 5.0268892
  360.115 6.26364609
  360.215 5.44597981
  360.315 5.30237534
  360.415 4.90160163
  360.515 5.47089079
  360.615 5.51265331
  360.715 4.89354219
  360.815 4.96900781
  360.915 5.76542649
  361.015 6.10758613
  361.115 5.02908723
  361.215 5.39102912
  361.315 6.42849816
  361.415 5.34853392
  361.515 5.73392143
  361.615 4.86716586
  361.715 5.20346409
  361.815 5.47601952
  361.915 4.95069091
  362.015 4.66274929
  362.115 5.44158375
  362.215 4.46419413
  362.315 4.99758217
  362.415 5.36978152
  362.515 5.46796008
  362.615 4.97633457
  362.715 5.11993904
  362.815 6.16986358
  362.915 5.43498967
  363.015 5.21958296
  363.115 4.86130446
  363.215 4.63710564
  363.315 5.40421728
  363.415 5.08037454
  363.515 5.54196035
  363.615 5.75443635
  363.715 5.50239585
  363.815 5.52877218
  363.915 4.99465147
  364.015 5.04886948
  364.115 5.45916797
  364.215 4.91625515
  364.315 5.18221649
  364.415 5.99695207
  364.515 4.99904752
  364.615 5.92954589
  364.715 5.5617426
  364.815 5.99841742
  364.915 4.79389828


# Stim 2 with 200 elements
#    Time   AMPLITUDE
  705.015 12.3397272
  705.115 12.3573114
  705.215 12.4005392
  705.315 12.4481632
  705.415 12.643055
  705.515 13.1676509
  705.615 12.4606187
  705.715 12.220301
  705.815 12.4423018
  705.915 13.147136
  706.015 12.8533329
  706.115 11.8869335
  706.215 12.4012719
  706.315 12.6540451
  706.415 12.7251147
  706.515 13.1317498
  706.615 12.8723825
  706.715 12.3214103
  706.815 12.5866389
  706.915 12.5258268
  707.015 11.826854
  707.115 11.9887754
  707.215 12.118459
  707.315 12.330935
  707.415 12.6665006
  707.515 13.0196504
  707.615 11.6612693
  707.715 12.4503612
  707.815 12.3800243
  707.915 11.7938836
  708.015 12.4071333
  708.115 13.2724235
  708.215 11.8678839
  708.315  12.09135
  708.415 11.4971499
  708.515 12.6840848
  708.615 11.9162405
  708.715 12.7309761
  708.815 12.3624401
  708.915 12.1983207
  709.015 12.4796682
  709.115 11.7872895
  709.215 12.4796682
  709.315 11.8568937
  709.415 12.2444793
  709.515 12.3990739
  709.615 11.4172882
  709.715 12.7961842
  709.815 12.2078455
  709.915 12.5155694
  710.015 12.1543602
  710.115 11.9514089
  710.215 12.0972114
  710.315 13.5911376
  710.415 13.0716704
  710.515 12.9537095
  710.615 13.4827015
  710.715 12.0283399
  710.815 12.3111528
  710.915 13.0628782
  711.015 11.9953695
  711.115 12.0950134
  711.215 12.0342013
  711.315 13.1757103
  711.415 12.8313527
  711.515 12.6100846
  711.615 12.7258473
  711.715 12.2488753
  711.815 12.0026962
  711.915 12.3082221
  712.015 12.6034905
  712.115 12.4708761
  712.215 13.4262855
  712.315 12.2950339
  712.415 12.4686781
  712.515 12.5426784
  712.615 12.2107762
  712.715 11.9367554
  712.815 11.9887754
  712.915 11.3235057
  713.015 11.8986563
  713.115 13.3955131
  713.215 12.9940067
  713.315 12.5126387
  713.415 12.1038055
  713.515 11.7938836
  713.615 12.8218279
  713.715 12.4217868
  713.815 11.8979236
  713.915 13.1969579
  714.015 12.4437671
  714.115 12.7419662
  714.215 12.7983823
  714.315 12.7610158
  714.415 13.232859
  714.515 12.5734508
  714.615 12.1382413
  714.715 12.7331741
  714.815 12.2217663
  714.915 13.5427809
  715.015 12.4027373
  715.115 12.0085577
  715.215 12.6613719
  715.315 13.0841258
  715.415 12.509708
  715.515 12.6489164
  715.615 13.5273948
  715.715 12.7317087
  715.815 12.5741834
  715.915 12.4401037
  716.015 13.895198
  716.115 12.6071538
  716.215 12.8408775
  716.315 12.8203625
  716.415 12.3719649
  716.515 13.3984438
  716.615 12.7507583
  716.715 12.8320853
  716.815 11.980716
  716.915 13.0877892
  717.015 12.5243615
  717.115 12.9566402
  717.215 12.6826195
  717.315 13.1339478
  717.415 13.5061472
  717.515 13.5332562
  717.615 12.8526003
  717.715 12.9104817
  717.815 12.2063801
  717.915 12.9434521
  718.015 12.6884809
  718.115 12.4825989
  718.215 13.5420483
  718.315 13.6929795
  718.415 12.4745395
  718.515 13.524464
  718.615 13.8475741
  718.715 12.7463623
  718.815 13.0775318
  718.915 12.6921442
  719.015 12.9668977
  719.115 13.124423
  719.215  12.72658
  719.315 12.7405009
  719.415 13.1046408
  719.515 12.8496696
  719.615 12.3624401
  719.715 12.0737658
  719.815 13.4870976
  719.915 12.568322
  720.015 12.8855707
  720.115 12.966165
  720.215 13.226265
  720.315 13.6966429
  720.415 12.1858652
  720.515 12.7024017
  720.615 12.9441848
  720.715 13.2819483
  720.815 13.2269976
  720.915 12.4203215
  721.015 12.1243204
  721.115 12.8276893
  721.215 12.2701229
  721.315 11.8407749
  721.415 12.9896107
  721.515 11.878874
  721.615 12.591035
  721.715 12.8086397
  721.815 12.5903023
  721.915 13.0445613
  722.015 12.991076
  722.115 12.9947394
  722.215 13.1661855
  722.315 12.2254297
  722.415 12.5463417
  722.515 13.3141861
  722.615 12.1294492
  722.715 12.5258268
  722.815 13.0562842
  722.915 12.1038055
  723.015 12.1294492
  723.115 13.7713758
  723.215 12.2840438
  723.315 12.5763815
  723.415 12.6782234
  723.515 12.7558871
  723.615 12.2437466
  723.715 12.6240054
  723.815 12.6884809
  723.915 11.930894
  724.015 12.0232112
  724.115 12.330935
  724.215 13.0841258
  724.315 12.5302229
  724.415 12.3367964
  724.515 12.9676304
  724.615 12.6877482
  724.715 11.4846944
  724.815 13.0130563
  724.915 12.7939862


# Stim 3 with 200 elements
#    Time   AMPLITUDE
 1105.015 26.777838
 1105.115 25.4311798
 1105.215 25.9147458
 1105.315 26.4056387
 1105.415 27.3551866
 1105.515 26.7631845
 1105.615 26.9763932
 1105.715 26.5485105
 1105.815 26.5660947
 1105.915 27.1683543
 1106.015 26.2437173
 1106.115 25.7931216
 1106.215 26.7426696
 1106.315 26.5082133
 1106.415 27.8783172
 1106.515 27.040136
 1106.615 26.7573231
 1106.715 25.8861715
 1106.815 26.3917178
 1106.915 25.6780915
 1107.015 25.2267632
 1107.115 25.7850622
 1107.215 25.848805
 1107.315 26.6107879
 1107.415 25.4839324
 1107.515 25.7528245
 1107.615 26.800551
 1107.715 25.9748253
 1107.815 25.9696965
 1107.915 25.2106443
 1108.015 25.8011811
 1108.115 25.3864865
 1108.215 25.8458743
 1108.315 25.5901704
 1108.415 26.5807482
 1108.515 26.0773999
 1108.615 26.8152045
 1108.715 27.7442375
 1108.815 25.613616
 1108.915 25.8033791
 1109.015 26.1792418
 1109.115 27.4409097
 1109.215 26.9741952
 1109.315  26.14041
 1109.415 26.4444705
 1109.515 25.2282285
 1109.615 26.1470041
 1109.715 25.6062893
 1109.815 26.6129859
 1109.915 26.2664303
 1110.015 26.3953812
 1110.115 26.111103
 1110.215 26.1023109
 1110.315 26.2341925
 1110.415 26.8327887
 1110.515 27.4621573
 1110.615 25.3168823
 1110.715 26.9939774
 1110.815 27.0137597
 1110.915 27.1830078
 1111.015 26.829858
 1111.115 27.2606714
 1111.215 25.7073986
 1111.315 27.0306112
 1111.415 27.4328503
 1111.515 25.8744487
 1111.615 26.4986885
 1111.715 25.7257155
 1111.815 26.9551456
 1111.915 26.3228463
 1112.015 25.638527
 1112.115 25.686151
 1112.215 27.1500374
 1112.315 26.0913207
 1112.415 27.2159782
 1112.515 27.1295224
 1112.615 26.0173205
 1112.715 26.3646088
 1112.815 27.0679777
 1112.915 27.7984555
 1113.015 27.7259206
 1113.115 26.5836789
 1113.215 27.331741
 1113.315 26.8203332
 1113.415 26.1169644
 1113.515 27.1031461
 1113.615 27.7955248
 1113.715 26.7631845
 1113.815 26.8379174
 1113.915 26.7045704
 1114.015 26.3221136
 1114.115 26.9045909
 1114.215 27.4533652
 1114.315 26.2166083
 1114.415 27.0408687
 1114.515 27.4812069
 1114.615 27.044532
 1114.715 27.1903345
 1114.815 27.2438199
 1114.915 27.5061178
 1115.015 25.9594391
 1115.115 26.3704702
 1115.215 27.4489691
 1115.315 27.7632871
 1115.415 26.7697786
 1115.515 26.4920944
 1115.615 27.5515437
 1115.715 27.0599182
 1115.815 27.8658617
 1115.915 27.2401565
 1116.015 27.0247498
 1116.115 27.1097402
 1116.215 26.8774819
 1116.315 27.4489691
 1116.415 26.7880955
 1116.515 27.1903345
 1116.615 26.8738186
 1116.715 26.7434023
 1116.815 26.9991061
 1116.915 27.5999004
 1117.015 27.2892458
 1117.115 27.3551866
 1117.215 26.9141157
 1117.315 27.0122943
 1117.415 27.385959
 1117.515 27.6841581
 1117.615 27.8856439
 1117.715 27.1639582
 1117.815 28.0417039
 1117.915 27.8424161
 1118.015 27.9655056
 1118.115 26.9104524
 1118.215 28.0622188
 1118.315 27.5881775
 1118.415 27.548613
 1118.515 27.5280981
 1118.615 27.9948127
 1118.715 26.2554401
 1118.815 27.0635816
 1118.915 28.1611301
 1119.015 27.6394649
 1119.115 27.6607125
 1119.215 28.0548921
 1119.315 27.8028516
 1119.415 27.1287898
 1119.515 27.4819395
 1119.615 27.9383966
 1119.715 27.596237
 1119.815 28.1420805
 1119.915 27.5478804
 1120.015 27.9515848
 1120.115 28.1472092
 1120.215 27.8570696
 1120.315 27.5508111
 1120.415 27.9347332
 1120.515 28.0182583
 1120.615 27.8592676
 1120.715 27.3932858
 1120.815 28.0167929
 1120.915 27.5141773
 1121.015 27.4936624
 1121.115 27.173483
 1121.215 28.9846578
 1121.315 26.6071245
 1121.415 28.5868148
 1121.515 28.1684568
 1121.615 28.0065355
 1121.715 28.8454494
 1121.815 29.0615887
 1121.915 28.6058643
 1122.015 27.9281391
 1122.115 28.5047551
 1122.215 27.5119793
 1122.315 28.2278036
 1122.415 27.702475
 1122.515 28.0475653
 1122.615 28.4329528
 1122.715 27.2013247
 1122.815 27.5259001
 1122.915 27.8717231
 1123.015 27.413068
 1123.115 28.3728734
 1123.215 28.2006946
 1123.315 27.9852879
 1123.415 28.0929912
 1123.515 27.8145744
 1123.615 28.2541799
 1123.715 26.7118972
 1123.815 28.2593086
 1123.915 27.1917999
 1124.015  28.09812
 1124.115 28.0138622
 1124.215 28.4615272
 1124.315 28.6556863
 1124.415 28.0014067
 1124.515 28.5787553
 1124.615 27.6379995
 1124.715 28.1017833
 1124.815 27.1053441
 1124.915 27.8277626


# Stim 4 with 200 elements
#    Time   AMPLITUDE
 1505.015 44.8229122
 1505.115 43.6792052
 1505.215 42.999282
 1505.315 43.6008089
 1505.415 44.4902774
 1505.515 44.0704541
 1505.615 43.1296983
 1505.715 43.9715429
 1505.815 43.2798968
 1505.915 43.5128878
 1506.015 43.2608473
 1506.115 42.2563486
 1506.215 44.6236244
 1506.315 42.0504667
 1506.415 43.7502748
 1506.515 42.2732002
 1506.615 42.5845874
 1506.715 42.5948449
 1506.815 42.3779728
 1506.915 41.1463447
 1507.015 42.4856762
 1507.115 43.1875797
 1507.215 42.6160925
 1507.315 43.186847
 1507.415 42.9435986
 1507.515 43.6022742
 1507.615 42.5655379
 1507.715 42.9670442
 1507.815 42.9428659
 1507.915 43.8814237
 1508.015 43.3766101
 1508.115 42.8637369
 1508.215 43.6923934
 1508.315 42.1325264
 1508.415 43.5509869
 1508.515 44.5825946
 1508.615 43.2242135
 1508.715 43.4418182
 1508.815 42.3156954
 1508.915 43.7326905
 1509.015 42.9802324
 1509.115 42.3296162
 1509.215 43.4967689
 1509.315 41.6379702
 1509.415 42.4175373
 1509.515 42.5552804
 1509.615 42.5091218
 1509.715 41.7464062
 1509.815 42.4219334
 1509.915 42.5083891
 1510.015 42.3691807
 1510.115 42.4732207
 1510.215  42.26221
 1510.315 42.0131002
 1510.415 42.8300338
 1510.515 43.1919757
 1510.615 42.6468649
 1510.715 42.6659145
 1510.815 42.4937356
 1510.915 43.4960362
 1511.015 42.0636549
 1511.115 42.9370045
 1511.215 42.6138945
 1511.315 42.0409419
 1511.415 43.7532055
 1511.515 43.8550474
 1511.615 42.6725085
 1511.715 43.4630658
 1511.815 44.2001377
 1511.915 43.4344914
 1512.015 42.603637
 1512.115 43.0937972
 1512.215 43.6264525
 1512.315 42.3801709
 1512.415 43.7781164
 1512.515 42.9164896
 1512.615 42.7245285
 1512.715 42.124467
 1512.815 44.4419208
 1512.915 42.9619155
 1513.015 43.6103337
 1513.115 43.3692833
 1513.215 43.2176194
 1513.315 43.0293217
 1513.415 43.8037601
 1513.515 43.0022127
 1513.615 42.8776578
 1513.715 42.8842519
 1513.815 43.8755623
 1513.915 42.2981112
 1514.015 42.4219334
 1514.115 44.0294243
 1514.215 43.6447694
 1514.315 43.0388465
 1514.415 43.1590053
 1514.515 42.6322114
 1514.615 41.8819513
 1514.715 43.2916197
 1514.815 43.2286095
 1514.915 43.6491655
 1515.015 42.3691807
 1515.115 43.9898598
 1515.215 43.0132028
 1515.315  43.42863
 1515.415 42.4116759
 1515.515 42.4109432
 1515.615 43.1721935
 1515.715 42.7655584
 1515.815 42.8285685
 1515.915 43.0857377
 1516.015 43.4484123
 1516.115 42.8190437
 1516.215 42.9538561
 1516.315 42.5296367
 1516.415 43.9913251
 1516.515 43.6777398
 1516.615 43.1333617
 1516.715 43.2557185
 1516.815 43.6066703
 1516.915 43.905602
 1517.015 43.8689682
 1517.115 44.0286916
 1517.215 43.613997
 1517.315 43.4447489
 1517.415 43.6777398
 1517.515 44.3613264
 1517.615 43.372214
 1517.715 44.1254048
 1517.815 45.3196665
 1517.915 43.6799379
 1518.015 44.2778014
 1518.115 45.6017467
 1518.215 43.720235
 1518.315 43.5290066
 1518.415 43.5539176
 1518.515 44.7547734
 1518.615 43.9451665
 1518.715 43.8733643
 1518.815 44.4792873
 1518.915 45.2222206
 1519.015 45.3687558
 1519.115 44.7086148
 1519.215 43.0945298
 1519.315 44.2690093
 1519.415 43.8880178
 1519.515 44.4880794
 1519.615 45.2676465
 1519.715 45.200973
 1519.815 45.0998637
 1519.915 44.1583752
 1520.015 44.1532465
 1520.115 43.2176194
 1520.215 44.269742
 1520.315 43.8550474
 1520.415 43.3854022
 1520.515 44.515921
 1520.615 43.8623742
 1520.715 43.7085122
 1520.815 43.6953241
 1520.915 43.8902158
 1521.015 44.0177014
 1521.115 41.9610803
 1521.215 42.1691602
 1521.315 43.7524728
 1521.415 44.2323755
 1521.515 42.8227071
 1521.615 42.553815
 1521.715 42.4109432
 1521.815 44.4990695
 1521.915 42.1178729
 1522.015 43.426432
 1522.115 43.5040957
 1522.215 43.1905104
 1522.315 43.9796023
 1522.415 43.4982343
 1522.515 42.9985493
 1522.615 42.7919347
 1522.715 43.8257404
 1522.815 42.9487273
 1522.915 44.3334848
 1523.015 44.9196255
 1523.115 44.1686327
 1523.215 43.2527878
 1523.315 43.9949885
 1523.415 43.1465498
 1523.515 43.534868
 1523.615 44.5716044
 1523.715 42.6761719
 1523.815 43.6396407
 1523.915 43.9708102
 1524.015 43.4799174
 1524.115 43.5158185
 1524.215 43.3714813
 1524.315 44.0242955
 1524.415 43.501165
 1524.515 44.488812
 1524.615 44.1620386
 1524.715 43.9700775
 1524.815 44.9870316
 1524.915 43.4110458


# Stim 5 with 200 elements
#    Time   AMPLITUDE
 1864.015 67.9827968
 1864.115 67.9564204
 1864.215 68.7403836
 1864.315 68.2472928
 1864.415 68.0370148
 1864.515 68.1674311
 1864.615 67.9893909
 1864.715 67.0054071
 1864.815 67.6062014
 1864.915 67.8282022
 1865.015 68.4099468
 1865.115 67.8369943
 1865.215 68.1212725
 1865.315 67.4889732
 1865.415 68.7836115
 1865.515 66.6815644
 1865.615 67.098457
 1865.715 67.2984775
 1865.815 67.2244772
 1865.915 65.9430271
 1866.015 66.7716835
 1866.115 65.7224917
 1866.215 66.0712454
 1866.315 67.792301
 1866.415 65.7686503
 1866.515 66.0514632
 1866.615 65.5356593
 1866.715 65.5693624
 1866.815 66.6639802
 1866.915 66.6009701
 1867.015 66.8434858
 1867.115 67.6040033
 1867.215 66.1437803
 1867.315 67.466993
 1867.415 67.3666164
 1867.515 67.7556672
 1867.615 67.1578037
 1867.715 66.4676231
 1867.815 66.4229298
 1867.915 66.5606729
 1868.015 68.133728
 1868.115 67.0076052
 1868.215 67.3431707
 1868.315 67.6062014
 1868.415 67.1328928
 1868.515  66.86107
 1868.615 65.8206703
 1868.715 67.6582214
 1868.815 66.673505
 1868.915 67.8040239
 1869.015 67.2464575
 1869.115 67.1534077
 1869.215 67.0207933
 1869.315 67.2940814
 1869.415 68.4062834
 1869.515 67.6179242
 1869.615 66.838357
 1869.715 67.6325777
 1869.815 65.4367481
 1869.915 67.5578448
 1870.015 67.4523394
 1870.115 68.5117888
 1870.215 67.9974503
 1870.315 68.2663423
 1870.415 67.3461014
 1870.515 68.7953343
 1870.615 66.7965945
 1870.715 68.6480665
 1870.815 66.888179
 1870.915 67.3036062
 1871.015 68.9118298
 1871.115 68.3725803
 1871.215 68.4553727
 1871.315 68.7425817
 1871.415 68.6414724
 1871.515 67.8538458
 1871.615 69.1748604
 1871.715 67.758598
 1871.815 69.4547426
 1871.915 67.9520244
 1872.015 68.4920065
 1872.115 69.1821872
 1872.215 67.5021614
 1872.315 69.4466832
 1872.415 66.9775655
 1872.515 68.4495113
 1872.615 69.0305233
 1872.715 67.6530926
 1872.815 67.5439239
 1872.915 68.5345017
 1873.015 67.8450537
 1873.115 67.4142403
 1873.215 69.7866448
 1873.315 68.5359671
 1873.415 67.8487171
 1873.515 67.5871518
 1873.615 68.8839881
 1873.715 68.7477104
 1873.815 69.6042085
 1873.915 69.1990387
 1874.015 69.3594947
 1874.115 67.896341
 1874.215 69.1843852
 1874.315 68.6238882
 1874.415 69.3778116
 1874.515 68.4143429
 1874.615 69.9507642
 1874.715 68.1769559
 1874.815 68.7682253
 1874.915 68.0509356
 1875.015 68.7176707
 1875.115 68.2956494
 1875.215 69.3206629
 1875.315 68.9785033
 1875.415 68.640007
 1875.515 68.1908767
 1875.615 68.2634116
 1875.715 69.4459505
 1875.815 68.8275721
 1875.915 67.7534692
 1876.015 69.5932184
 1876.115 69.4701288
 1876.215 68.6825022
 1876.315 69.2202863
 1876.415 68.7257301
 1876.515 70.5075978
 1876.615 71.103996
 1876.715 70.5024691
 1876.815 69.6020105
 1876.915 71.0094808
 1877.015 69.300148
 1877.115 70.5896575
 1877.215 69.1052562
 1877.315 70.4064886
 1877.415 70.8109257
 1877.515 70.3889044
 1877.615 70.2694782
 1877.715 69.5455944
 1877.815 70.2768049
 1877.915 69.9595563
 1878.015 69.2495934
 1878.115 70.7698958
 1878.215 69.8760312
 1878.315 70.8548862
 1878.415 70.629222
 1878.515 71.1823923
 1878.615 70.174963
 1878.715 71.8637809
 1878.815 71.2974224
 1878.915 70.5178553
 1879.015 70.2892604
 1879.115 70.098032
 1879.215 70.3823103
 1879.315 69.7558724
 1879.415 70.9369459
 1879.515 70.2057354
 1879.615 71.6784139
 1879.715 70.8299752
 1879.815 71.343581
 1879.915 70.1332005
 1880.015 71.2813036
 1880.115 71.2966898
 1880.215 71.2263529
 1880.315 70.6761133
 1880.415 70.920827
 1880.515 70.9940946
 1880.615 72.4469909
 1880.715 71.5494629
 1880.815 71.0578374
 1880.915 69.9119324
 1881.015 71.4835221
 1881.115 70.8343713
 1881.215 70.0401506
 1881.315 71.504037
 1881.415 71.4373635
 1881.515 71.6615624
 1881.615 71.556057
 1881.715 71.153818
 1881.815 71.5274827
 1881.915 71.6432455
 1882.015 72.6448134
 1882.115 70.8299752
 1882.215 71.1442932
 1882.315 72.193485
 1882.415 70.6284894
 1882.515 72.3876442
 1882.615 71.366294
 1882.715 72.8836657
 1882.815 71.1684715
 1882.915 72.8506953
 1883.015 71.6564336
 1883.115 71.8652463
 1883.215 71.3582345
 1883.315 71.9905338
 1883.415 73.0595079
 1883.515 72.9503392
 1883.615 72.2132673
 1883.715 70.649737
 1883.815 73.0587753
 1883.915 70.5486277


