# Data from DA_130524_E7.h5 stim 5
# Ratiometric estimator mono-exponential fit
# Fitted model Ca = baseline+delta*exp(-(t-t0)/tau)
# nobs = 160
# number of degrees of freedom = 157
# baseline length = 7
# fit started from point 47
# estimated baseline 0.0582513 and standard error 0.000550247
# estimated delta 0.0436697 and standard error 0.00109433
# estimated tau 3.96811 and standard error 0.220803
# residual sum of squares: 147.116
# RSS per degree of freedom: 0.937042
# Probability of observing a larger of equal RSS per DOF under the null hypothesis: 0.702681

# rss per degree of freedom: 0.937042

# Time    Ca  Prediction  Residual
1864.02 0.0549268 0.0582513 -1.15675
1864.12 0.0593409 0.0582513 0.367129
1864.21 0.0603452 0.0582513 0.704339
1864.31 0.0651873 0.0582513 2.26328
1864.41 0.0583863 0.0582513 0.0461857
1864.51 0.0589517 0.0582513 0.242397
1864.61 0.0571699 0.0582513 -0.377567

1868.71 0.102339 0.101921 0.113212
1868.81 0.103647 0.100834 0.749793
1868.91 0.0987934 0.0997745 -0.268923
1869.01 0.100536 0.0987412 0.480497
1869.11 0.0956618 0.0977335 -0.577947
1869.21 0.0989963 0.096751 0.612566
1869.31 0.0949137 0.0957929 -0.246751
1869.41 0.0938027 0.0948586 -0.290989
1869.51 0.0965482 0.0939476 0.72008
1869.61 0.0902903 0.0930593 -0.786761
1869.71 0.0887902 0.092193 -0.983242
1869.81 0.0907156 0.0913484 -0.180587
1869.91 0.0901454 0.0905247 -0.106515
1870.01 0.0897638 0.0897215 0.0118614
1870.11 0.0864647 0.0889384 -0.718486
1870.21 0.0902404 0.0881747 0.589978
1870.31 0.09147 0.08743 1.13585
1870.41 0.0830177 0.0867039 -1.09645
1870.51 0.0847003 0.0859958 -0.379338
1870.61 0.0822102 0.0853054 -0.9258
1870.71 0.0827398 0.0846321 -0.559945
1870.81 0.0840708 0.0839756 0.028285
1870.91 0.0836117 0.0833354 0.0821099
1871.01 0.0867528 0.0827112 1.17268
1871.11 0.0800803 0.0821025 -0.610108
1871.21 0.0821989 0.0815089 0.203514
1871.31 0.0867153 0.0809301 1.67264
1871.41 0.0783609 0.0803657 -0.602132
1871.51 0.0798093 0.0798154 -0.001883
1871.61 0.0788413 0.0792787 -0.133365
1871.71 0.0734965 0.0787554 -1.65475
1871.81 0.0810067 0.0782452 0.838945
1871.91 0.0759838 0.0777476 -0.539956
1872.01 0.0802715 0.0772624 0.906246
1872.11 0.0728597 0.0767893 -1.23277
1872.21 0.0817405 0.076328 1.61839
1872.31 0.0785075 0.0758781 0.803984
1872.41 0.0736257 0.0754395 -0.568802
1872.51 0.0813781 0.0750117 1.90022
1872.61 0.0702889 0.0745946 -1.38036
1872.71 0.075427 0.0741879 0.382871
1872.81 0.0736363 0.0737913 -0.0485364
1872.91 0.0757969 0.0734046 0.736855
1873.01 0.0707598 0.0730275 -0.728755
1873.11 0.0709237 0.0726597 -0.558076
1873.21 0.0746521 0.0723012 0.729561
1873.31 0.0750476 0.0719515 0.964531
1873.41 0.0762436 0.0716106 1.46359
1873.51 0.0730667 0.0712781 0.558982
1873.61 0.069324 0.0709539 -0.527112
1873.71 0.0759738 0.0706378 1.6356
1873.81 0.0724163 0.0703296 0.659537
1873.91 0.0735456 0.070029 1.1084
1874.01 0.0660824 0.0697359 -1.20419
1874.11 0.0660302 0.0694501 -1.14144
1874.21 0.0707984 0.0691714 0.523601
1874.31 0.0647549 0.0688996 -1.37504
1874.41 0.0683413 0.0686346 -0.0937516
1874.51 0.0706061 0.0683762 0.712805
1874.61 0.0655069 0.0681243 -0.854841
1874.71 0.0716959 0.0678786 1.21201
1874.81 0.0665568 0.067639 -0.351339
1874.91 0.0662974 0.0674054 -0.359789
1875.01 0.0645427 0.0671776 -0.87258
1875.11 0.0725073 0.0669554 1.75988
1875.21 0.067592 0.0667388 0.271758
1875.31 0.0631163 0.0665276 -1.14211
1875.41 0.0634398 0.0663216 -0.959246
1875.51 0.0679124 0.0661208 0.58452
1875.61 0.0685517 0.065925 0.845497
1875.71 0.0641213 0.065734 -0.534463
1875.81 0.0675285 0.0655478 0.649663
1875.91 0.0591954 0.0653662 -2.11195
1876.01 0.0665813 0.0651891 0.458097
1876.11 0.0637598 0.0650165 -0.415829
1876.21 0.0714708 0.0648481 2.10312
1876.31 0.0635931 0.064684 -0.367761
1876.41 0.0675197 0.0645239 0.990802
1876.51 0.0594913 0.0643678 -1.669
1876.61 0.0631796 0.0642156 -0.342254
1876.71 0.0638152 0.0640671 -0.0844033
1876.81 0.0676866 0.0639224 1.23409
1876.91 0.0654819 0.0637813 0.574214
1877.01 0.060593 0.0636436 -1.02892
1877.11 0.0628461 0.0635095 -0.227435
1877.21 0.0652339 0.0633786 0.615823
1877.31 0.062756 0.063251 -0.165849
1877.41 0.0593111 0.0631266 -1.29307
1877.51 0.0709553 0.0630053 2.54457
1877.61 0.0623291 0.062887 -0.188852
1877.71 0.0643139 0.0627716 0.524686
1877.81 0.0600063 0.0626591 -0.925017
1877.91 0.0607455 0.0625494 -0.616732
1878.01 0.0604603 0.0624424 -0.686578
1878.11 0.0653044 0.0623381 0.989147
1878.21 0.0638629 0.0622364 0.554856
1878.31 0.0622297 0.0621373 0.0317355
1878.41 0.0614277 0.0620406 -0.208814
1878.51 0.0612947 0.0619463 -0.224278
1878.61 0.0622264 0.0618543 0.126589
1878.71 0.0595011 0.0617646 -0.788911
1878.81 0.0646924 0.0616772 1.0109
1878.91 0.0579406 0.061592 -1.25063
1879.01 0.0617388 0.0615088 0.0787834
1879.11 0.0618136 0.0614278 0.132067
1879.21 0.0556277 0.0613487 -2.05242
1879.31 0.0567676 0.0612716 -1.5766
1879.41 0.0625703 0.0611965 0.472947
1879.51 0.0593912 0.0611232 -0.609541
1879.61 0.0592445 0.0610517 -0.634051
1879.71 0.0578363 0.060982 -1.11881
1879.81 0.0580224 0.0609141 -0.9938
1879.91 0.065948 0.0608478 1.7223
1880.01 0.0608901 0.0607832 0.036531
1880.11 0.0678794 0.0607202 2.42076
1880.21 0.0580619 0.0606587 -0.921224
1880.31 0.0614247 0.0605988 0.287183
1880.41 0.0606128 0.0605404 0.0252399
1880.51 0.0595432 0.0604834 -0.325604
1880.61 0.0630719 0.0604279 0.909493
1880.71 0.0610476 0.0603737 0.233335
1880.81 0.0588055 0.0603209 -0.530953
1880.91 0.0618302 0.0602694 0.53779
1881.01 0.0570382 0.0602192 -1.11183
1881.11 0.0569599 0.0601702 -1.14057
1881.21 0.0573754 0.0601224 -0.970917
1881.31 0.0597506 0.0600759 -0.114358
1881.41 0.0600635 0.0600305 0.0114569
1881.51 0.0608306 0.0599862 0.292174
1881.61 0.0629871 0.059943 1.05334
1881.71 0.0549354 0.0599009 -1.78349
1881.81 0.0602333 0.0598599 0.130262
1881.91 0.0596462 0.0598198 -0.061283
1882.01 0.0614578 0.0597808 0.582506
1882.11 0.0621697 0.0597427 0.848572
1882.21 0.0607515 0.0597056 0.365412
1882.31 0.0534429 0.0596694 -2.2413
1882.41 0.0591304 0.0596341 -0.17647
1882.51 0.0670746 0.0595997 2.52226
1882.61 0.0576007 0.0595662 -0.700935
1882.71 0.0575811 0.0595335 -0.700574
1882.81 0.0621939 0.0595016 0.930576
1882.91 0.0552095 0.0594704 -1.54017
1883.01 0.0584181 0.0594401 -0.359335
1883.11 0.063212 0.0594105 1.31078
1883.21 0.062089 0.0593817 0.932415
1883.31 0.0608361 0.0593535 0.510223
1883.41 0.058303 0.0593261 -0.363294
1883.51 0.056827 0.0592994 -0.884023
1883.61 0.0580449 0.0592733 -0.433627
1883.71 0.0642881 0.0592478 1.7232
1883.81 0.0617218 0.059223 0.862124
1883.91 0.0588276 0.0591989 -0.130007
