# τ vs mean κ linear regression for data set DA_130524_E7.h5
# Using stimulation: 1, 3, 4, 5
# Best fit: tau = 1.75973 + 0.0115694 kappa_Fura
# Covariance matrix:
# [ +6.31837e-02, -5.09259e-04  
#   -5.09259e-04, +4.84153e-06  ]
# Total sum of squares (TSS) = 28.742
# chisq (Residual sum of squares, RSS) = 1.09542
# Probability of observing a larger of equal RSS per DOF under the null hypothesis: 0.578272
# R squared (1-RSS/TSS) = 0.961888
# Estimated gamma/v with standard error: 86.4347 +/- 16.4387
# Estimates kappa_S with standard error (using error propagation): 151.102 +/- 36.1781
# kappa_S confidence intervals based on parametric bootstrap
# 0.95 CI for kappa_S: [79.6982,307.537]
# 0.99 CI for kappa_S: [66.0618,408.438]


# The data
# κ_Fura  τ   τ_SE
9.79956 2.34616 0.610352
67.0263 2.54379 0.158424
109.739 2.94258 0.15628
182.705 3.96811 0.220803


# The fitted data
# Preticted values with lower and upper bounds of 0.95 CI
# κ_Fura  τ   τ_lwr  τ_upr
-189.877 -0.437041 -1.72399 0.849907
-188.351 -0.419376 -1.69981 0.861061
-186.824 -0.401711 -1.67564 0.872216
-185.297 -0.384046 -1.65146 0.883372
-183.77 -0.366381 -1.62729 0.894529
-182.243 -0.348716 -1.60312 0.905686
-180.716 -0.331051 -1.57895 0.916844
-179.189 -0.313386 -1.55477 0.928003
-177.662 -0.295721 -1.5306 0.939163
-176.136 -0.278056 -1.50644 0.950324
-174.609 -0.260391 -1.48227 0.961486
-173.082 -0.242726 -1.4581 0.972648
-171.555 -0.225061 -1.43393 0.983812
-170.028 -0.207396 -1.40977 0.994976
-168.501 -0.189731 -1.3856 1.00614
-166.974 -0.172066 -1.36144 1.01731
-165.447 -0.154401 -1.33728 1.02847
-163.921 -0.136735 -1.31311 1.03964
-162.394 -0.11907 -1.28895 1.05081
-160.867 -0.101405 -1.26479 1.06198
-159.34 -0.0837405 -1.24063 1.07315
-157.813 -0.0660754 -1.21648 1.08433
-156.286 -0.0484104 -1.19232 1.0955
-154.759 -0.0307454 -1.16816 1.10667
-153.233 -0.0130804 -1.14401 1.11785
-151.706 0.00458461 -1.11986 1.12902
-150.179 0.0222496 -1.0957 1.1402
-148.652 0.0399146 -1.07155 1.15138
-147.125 0.0575797 -1.0474 1.16256
-145.598 0.0752447 -1.02325 1.17374
-144.071 0.0929097 -0.999105 1.18492
-142.544 0.110575 -0.974958 1.19611
-141.018 0.12824 -0.950813 1.20729
-139.491 0.145905 -0.926669 1.21848
-137.964 0.16357 -0.902526 1.22967
-136.437 0.181235 -0.878385 1.24085
-134.91 0.1989 -0.854245 1.25204
-133.383 0.216565 -0.830106 1.26324
-131.856 0.23423 -0.805969 1.27443
-130.329 0.251895 -0.781833 1.28562
-128.803 0.26956 -0.757699 1.29682
-127.276 0.287225 -0.733566 1.30802
-125.749 0.30489 -0.709435 1.31921
-124.222 0.322555 -0.685305 1.33041
-122.695 0.34022 -0.661177 1.34162
-121.168 0.357885 -0.63705 1.35282
-119.641 0.37555 -0.612925 1.36402
-118.114 0.393215 -0.588802 1.37523
-116.588 0.41088 -0.56468 1.38644
-115.061 0.428545 -0.54056 1.39765
-113.534 0.44621 -0.516442 1.40886
-112.007 0.463875 -0.492325 1.42008
-110.48 0.48154 -0.468211 1.43129
-108.953 0.499205 -0.444098 1.44251
-107.426 0.51687 -0.419987 1.45373
-105.9 0.534535 -0.395878 1.46495
-104.373 0.5522 -0.371771 1.47617
-102.846 0.569865 -0.347667 1.4874
-101.319 0.58753 -0.323564 1.49862
-99.7921 0.605195 -0.299463 1.50985
-98.2652 0.62286 -0.275365 1.52108
-96.7383 0.640525 -0.251268 1.53232
-95.2114 0.65819 -0.227174 1.54355
-93.6846 0.675855 -0.203083 1.55479
-92.1577 0.69352 -0.178993 1.56603
-90.6308 0.711185 -0.154906 1.57728
-89.104 0.72885 -0.130822 1.58852
-87.5771 0.746515 -0.10674 1.59977
-86.0502 0.76418 -0.0826606 1.61102
-84.5234 0.781845 -0.0585839 1.62227
-82.9965 0.79951 -0.0345099 1.63353
-81.4696 0.817175 -0.0104386 1.64479
-79.9428 0.83484 0.0136299 1.65605
-78.4159 0.852505 0.0376954 1.66732
-76.889 0.87017 0.061758 1.67858
-75.3621 0.887835 0.0858176 1.68985
-73.8353 0.9055 0.109874 1.70113
-72.3084 0.923165 0.133927 1.7124
-70.7815 0.94083 0.157977 1.72368
-69.2547 0.958495 0.182024 1.73497
-67.7278 0.97616 0.206067 1.74625
-66.2009 0.993825 0.230107 1.75754
-64.6741 1.01149 0.254143 1.76884
-63.1472 1.02916 0.278176 1.78014
-61.6203 1.04682 0.302204 1.79144
-60.0934 1.06449 0.326229 1.80274
-58.5666 1.08215 0.35025 1.81405
-57.0397 1.09982 0.374267 1.82536
-55.5128 1.11748 0.398279 1.83668
-53.986 1.13515 0.422287 1.848
-52.4591 1.15281 0.446291 1.85933
-50.9322 1.17048 0.47029 1.87066
-49.4054 1.18814 0.494285 1.882
-47.8785 1.20581 0.518275 1.89334
-46.3516 1.22347 0.54226 1.90468
-44.8247 1.24114 0.566239 1.91603
-43.2979 1.2588 0.590214 1.92739
-41.771 1.27647 0.614183 1.93875
-40.2441 1.29413 0.638147 1.95011
-38.7173 1.3118 0.662105 1.96149
-37.1904 1.32946 0.686057 1.97286
-35.6635 1.34713 0.710003 1.98425
-34.1367 1.36479 0.733943 1.99564
-32.6098 1.38246 0.757877 2.00703
-31.0829 1.40012 0.781804 2.01844
-29.556 1.41779 0.805724 2.02985
-28.0292 1.43545 0.829638 2.04126
-26.5023 1.45312 0.853544 2.05269
-24.9754 1.47078 0.877442 2.06412
-23.4486 1.48845 0.901333 2.07556
-21.9217 1.50611 0.925216 2.08701
-20.3948 1.52378 0.949091 2.09846
-18.868 1.54144 0.972958 2.10992
-17.3411 1.55911 0.996815 2.1214
-15.8142 1.57677 1.02066 2.13288
-14.2873 1.59444 1.0445 2.14437
-12.7605 1.6121 1.06833 2.15587
-11.2336 1.62977 1.09215 2.16738
-9.70674 1.64743 1.11596 2.1789
-8.17987 1.6651 1.13976 2.19043
-6.653 1.68276 1.16355 2.20197
-5.12613 1.70043 1.18733 2.21353
-3.59926 1.71809 1.21109 2.22509
-2.07239 1.73576 1.23484 2.23667
-0.545521 1.75342 1.25858 2.24826
0.981348 1.77109 1.28231 2.25986
2.50822 1.78875 1.30602 2.27148
4.03509 1.80642 1.32972 2.28311
5.56196 1.82408 1.3534 2.29476
7.08883 1.84175 1.37707 2.30642
8.6157 1.85941 1.40072 2.3181
10.1426 1.87708 1.42436 2.32979
11.6694 1.89474 1.44798 2.34151
13.1963 1.91241 1.47158 2.35324
14.7232 1.93007 1.49516 2.36498
16.25 1.94774 1.51872 2.37675
17.7769 1.9654 1.54226 2.38854
19.3038 1.98307 1.56578 2.40035
20.8307 2.00073 1.58928 2.41218
22.3575 2.0184 1.61276 2.42404
23.8844 2.03606 1.63621 2.43591
25.4113 2.05373 1.65963 2.44782
26.9381 2.07139 1.68303 2.45975
28.465 2.08906 1.70641 2.47171
29.9919 2.10672 1.72975 2.48369
31.5187 2.12439 1.75307 2.49571
33.0456 2.14205 1.77635 2.50775
34.5725 2.15972 1.7996 2.51983
36.0994 2.17738 1.82282 2.53195
37.6262 2.19505 1.846 2.5441
39.1531 2.21271 1.86914 2.55628
40.68 2.23038 1.89224 2.56851
42.2068 2.24804 1.9153 2.58078
43.7337 2.26571 1.93832 2.59309
45.2606 2.28337 1.96129 2.60545
46.7874 2.30104 1.98422 2.61785
48.3143 2.3187 2.00709 2.63031
49.8412 2.33637 2.02991 2.64282
51.3681 2.35403 2.05268 2.65538
52.8949 2.3717 2.07538 2.66801
54.4218 2.38936 2.09803 2.68069
55.9487 2.40703 2.12061 2.69344
57.4755 2.42469 2.14312 2.70626
59.0024 2.44236 2.16556 2.71915
60.5293 2.46002 2.18793 2.73211
62.0561 2.47769 2.21021 2.74516
63.583 2.49535 2.23242 2.75829
65.1099 2.51302 2.25453 2.7715
66.6367 2.53068 2.27655 2.78481
68.1636 2.54835 2.29847 2.79822
69.6905 2.56601 2.32029 2.81173
71.2174 2.58368 2.34201 2.82535
72.7442 2.60134 2.3636 2.83908
74.2711 2.61901 2.38508 2.85293
75.798 2.63667 2.40644 2.8669
77.3248 2.65434 2.42766 2.88101
78.8517 2.672 2.44875 2.89526
80.3786 2.68967 2.46969 2.90964
81.9054 2.70733 2.49048 2.92418
83.4323 2.725 2.51111 2.93888
84.9592 2.74266 2.53158 2.95374
86.4861 2.76033 2.55188 2.96877
88.0129 2.77799 2.57201 2.98398
89.5398 2.79566 2.59195 2.99937
91.0667 2.81332 2.6117 3.01495
92.5935 2.83099 2.63125 3.03072
94.1204 2.84865 2.65061 3.0467
95.6473 2.86632 2.66976 3.06288
97.1741 2.88398 2.68869 3.07927
98.701 2.90165 2.70741 3.09588
100.228 2.91931 2.72592 3.11271
101.755 2.93698 2.7442 3.12975
103.282 2.95464 2.76226 3.14703
104.808 2.97231 2.78009 3.16452
106.335 2.98997 2.7977 3.18224
107.862 3.00764 2.81508 3.20019
109.389 3.0253 2.83224 3.21836
110.916 3.04297 2.84918 3.23676
112.443 3.06063 2.86589 3.25537
113.97 3.0783 2.88239 3.2742
115.497 3.09596 2.89868 3.29325
117.023 3.11363 2.91475 3.3125
118.55 3.13129 2.93063 3.33196
120.077 3.14896 2.9463 3.35161
121.604 3.16662 2.96179 3.37146
123.131 3.18429 2.97708 3.39149
124.658 3.20195 2.9922 3.41171
126.185 3.21962 3.00714 3.43209
127.712 3.23728 3.02192 3.45265
129.238 3.25495 3.03653 3.47336
130.765 3.27261 3.05099 3.49423
132.292 3.29028 3.06531 3.51524
133.819 3.30794 3.07948 3.5364
135.346 3.32561 3.09352 3.55769
136.873 3.34327 3.10743 3.57911
138.4 3.36094 3.12122 3.60065
139.926 3.3786 3.1349 3.62231
141.453 3.39627 3.14846 3.64408
142.98 3.41393 3.16192 3.66595
144.507 3.4316 3.17527 3.68792
146.034 3.44926 3.18853 3.70999
147.561 3.46693 3.20171 3.73215
149.088 3.48459 3.21479 3.75439
150.615 3.50226 3.2278 3.77672
152.141 3.51992 3.24072 3.79912
153.668 3.53759 3.25357 3.8216
155.195 3.55525 3.26636 3.84415
156.722 3.57292 3.27907 3.86676
158.249 3.59058 3.29173 3.88944
159.776 3.60825 3.30432 3.91217
161.303 3.62591 3.31686 3.93497
162.83 3.64358 3.32934 3.95782
164.356 3.66124 3.34177 3.98072
165.883 3.67891 3.35415 4.00367
167.41 3.69657 3.36648 4.02666
168.937 3.71424 3.37877 4.0497
170.464 3.7319 3.39102 4.07278
171.991 3.74957 3.40323 4.09591
173.518 3.76723 3.4154 4.11907
175.045 3.7849 3.42753 4.14227
176.571 3.80256 3.43962 4.1655
178.098 3.82023 3.45169 4.18877
179.625 3.83789 3.46372 4.21207
181.152 3.85556 3.47572 4.2354
182.679 3.87322 3.48769 4.25876
184.206 3.89089 3.49963 4.28214
185.733 3.90855 3.51155 4.30556
187.259 3.92622 3.52344 4.329
188.786 3.94388 3.5353 4.35246
190.313 3.96155 3.54715 4.37595
