# Data from DA_130524_E7.h5 stim 1
# Ratiometric estimator
# Ratiometric estimator:
#    Time    Ca (est)    Ca (se)
  345.015 0.132689117 0.0359520754
  345.115 0.144407438 0.0463387013
  345.215 0.121683943 0.0402080849
  345.315 0.135791507 0.0418001332
  345.415 0.0821438289 0.0354503866
  345.515 0.153063919 0.0446048745
  345.615 0.13579917 0.038329496
  345.715 0.067419189 0.0295179726
  345.815 0.167213711 0.0404549282
  345.915 0.150323604 0.0455399996
  346.015 0.193233741 0.0515017498
  346.115 0.127093235 0.0391216469
  346.215 0.188997669 0.0506329179
  346.315 0.189740252 0.0517840109
  346.415 0.117237077 0.0430172708
  346.515 0.107408697 0.0355281203
  346.615 0.325668127 0.0901782452
  346.715 0.367878943 0.103075031
  346.815 0.311281121 0.100426953
  346.915 0.300741236 0.0778922532
  347.015 0.305074625 0.0755344461
  347.115 0.228006017 0.0610748064
  347.215 0.252031201 0.0704957844
  347.315 0.171977285 0.0501168888
  347.415 0.223383003 0.0550856126
  347.515 0.188589048 0.0532031526
  347.615 0.235512597 0.0636703564
  347.715 0.244432785 0.0729322845
  347.815 0.265464203 0.0817043314
  347.915 0.232455762 0.0643128539
  348.015 0.187261737 0.0485777702
  348.115 0.273860314 0.0822250402
  348.215 0.234549002 0.0688659006
  348.315 0.244462963 0.0604959191
  348.415 0.228642488 0.0608161454
  348.515 0.104992804 0.0340063113
  348.615 0.260953919 0.0643537327
  348.715 0.29161464 0.0765383141
  348.815 0.141528848 0.041185828
  348.915 0.312830232 0.0805093356
  349.015 0.203779223 0.0508688412
  349.115 0.151867251 0.0458403372
  349.215 0.199878761 0.0553517954
  349.315 0.287422794 0.0695290915
  349.415 0.247927966 0.0609265681
  349.515 0.197044368 0.0542732944
  349.615 0.155896961 0.044754521
  349.715 0.126231699 0.0420367383
  349.815 0.137530625 0.0378732427
  349.915 0.224796351 0.0569760516
  350.015 0.187343875 0.0501260286
  350.115 0.134787433 0.038298513
  350.215 0.18706807 0.0494634029
  350.315 0.127466962 0.0364500688
  350.415 0.170850011 0.0473528088
  350.515 0.215848162 0.0551101251
  350.615 0.116444562 0.0367061928
  350.715 0.0462178541 0.0281634308
  350.815 0.150952971 0.0424704425
  350.915 0.0818099085 0.031641314
  351.015 0.0983938171 0.0327801845
  351.115 0.170170366 0.0433120179
  351.215 0.157314561 0.0407530363
  351.315 0.105283616 0.0386712205
  351.415 0.172259532 0.0498441666
  351.515 0.144106036 0.0391179038
  351.615 0.114547437 0.038321208
  351.715 0.166650375 0.0502191493
  351.815 0.173977655 0.0527749291
  351.915 0.166362622 0.0459734759
  352.015 0.133537764 0.0382241532
  352.115 0.157419642 0.0412128795
  352.215 0.174115053 0.0442130752
  352.315 0.122306588 0.0383225118
  352.415 0.139378482 0.0394264804
  352.515 0.116651642 0.0348878308
  352.615 0.11220405 0.0340382371
  352.715 0.0498246278 0.0267702397
  352.815 0.1378481 0.0389428269
  352.915 0.151489989 0.0389970011
  353.015 0.120335857 0.0383465969
  353.115 0.196550725 0.0522919828
  353.215 0.182963097 0.0571530876
  353.315 0.162052594 0.043966171
  353.415 0.213064424 0.0530433555
  353.515 0.242576548 0.0585388426
  353.615 0.201247064 0.0536487694
  353.715 0.121913466 0.0352612275
  353.815 0.110919698 0.0344905192
  353.915 0.133725157 0.0368888194
  354.015 0.116723378 0.0352855652
  354.115 0.150622331 0.0421942522
  354.215 0.100849941 0.0307067775
  354.315 0.12757085 0.0360530858
  354.415 0.146573878 0.0390678736
  354.515 0.134443838 0.0374299357
  354.615 0.106171237 0.0315214977
  354.715 0.183141657 0.0472513544
  354.815 0.186850403 0.0449994401
  354.915 0.232718508 0.0537223311
  355.015 0.101173839 0.0346363732
  355.115 0.156075704 0.0401386362
  355.215 0.131615327 0.0365794996
  355.315 0.130827825 0.03677704
  355.415 0.0953219721 0.031899899
  355.515 0.123403548 0.0373486729
  355.615 0.168822731 0.0423058888
  355.715 0.164590273 0.0445070547
  355.815 0.123675407 0.0371162214
  355.915 0.0858936411 0.0328990506
  356.015 0.153191193 0.0396420768
  356.115 0.111802629 0.0371137225
  356.215 0.136753519 0.0398465417
  356.315 0.0745374863 0.0312406259
  356.415 0.104586459 0.03185397
  356.515 0.106443019 0.0293000827
  356.615 0.113835812 0.0359879864
  356.715 0.104321171 0.0358637043
  356.815 0.169994079 0.04727274
  356.915 0.150241194 0.0413340171
  357.015 0.176289793 0.0478888476
  357.115 0.135159484 0.0369552596
  357.215 0.12822412 0.0354632814
  357.315 0.0919813241 0.0329236845
  357.415 0.116727642 0.0371887897
  357.515 0.12559344 0.0342573505
  357.615 0.111027097 0.0360961074
  357.715 0.114468048 0.0331384719
  357.815 0.151692136 0.0459894594
  357.915 0.117655918 0.0386120972
  358.015 0.175189645 0.0431407022
  358.115 0.100820876 0.0350673037
  358.215 0.140489513 0.039120973
  358.315 0.114401802 0.038401032
  358.415 0.187454995 0.0459458535
  358.515 0.0807512936 0.0279478663
  358.615 0.101598501 0.0323972237
  358.715 0.0728551439 0.0307940756
  358.815 0.148563154 0.0433812948
  358.915 0.22504919 0.0564353696
  359.015 0.121777487 0.0354959335
  359.115 0.0821968993 0.0316353019
  359.215 0.141525997 0.0346972337
  359.315 0.148757446 0.0415176471
  359.415 0.0837303401 0.0314749652
  359.515 0.104885574 0.0305307071
  359.615 0.0915774367 0.0266234409
  359.715 0.106271242 0.0342377815
  359.815 0.128281211 0.0374828101
  359.915 0.201639961 0.0519503765
  360.015 0.177956075 0.0440098875
  360.115 0.11762395 0.0356739633
  360.215 0.127978409 0.0369717652
  360.315 0.174085205 0.0427937812
  360.415 0.0829006134 0.0314521582
  360.515 0.122751452 0.0367602457
  360.615 0.0701077503 0.029462144
  360.715 0.164110807 0.0413065035
  360.815 0.158861272 0.041532652
  360.915 0.139609442 0.0371389214
  361.015 0.0934026268 0.030672212
  361.115 0.139093123 0.0381431986
  361.215 0.133164413 0.0370289571
  361.315 0.103710121 0.0332098457
  361.415 0.132676995 0.037365876
  361.515 0.135547043 0.040030705
  361.615 0.101244869 0.0349362858
  361.715 0.0837693581 0.0293310823
  361.815 0.0962244725 0.0299495139
  361.915 0.0782802709 0.0294291701
  362.015 0.130818174 0.0358127925
  362.115 0.0936927483 0.0317828096
  362.215 0.144244797 0.0395698842
  362.315 0.0771414344 0.0260661363
  362.415 0.100254201 0.0326670562
  362.515 0.165806156 0.0425562357
  362.615 0.167104946 0.0421381362
  362.715 0.138035363 0.037974662
  362.815 0.160277118 0.043295167
  362.915 0.156013692 0.0441847199
  363.015 0.185551403 0.0440413111
  363.115 0.105392775 0.0376625209
  363.215 0.106309123 0.032825863
  363.315 0.168608647 0.0410732509
  363.415 0.186709971 0.0460070631
  363.515 0.111151264 0.0315655252
  363.615 0.154208093 0.0396491206
  363.715 0.1049652 0.0323009142
  363.815 0.0843285166 0.0320903527
  363.915 0.0791407372 0.0317830821
  364.015 0.14406981 0.0373155721
  364.115 0.149489697 0.0422723642
  364.215 0.101707333 0.0319389231
  364.315 0.130213167 0.0348236575
  364.415 0.15370583 0.0398080287
  364.515 0.0985026295 0.0285745034
  364.615 0.0723382852 0.0258221606
  364.715 0.0922021237 0.0292590789
  364.815 0.141499368 0.0393697198
  364.915 0.137669248 0.035425907


