# Data from DA_130514_E5.h5 stim 3
# Ratiometric estimator
# Ratiometric estimator:
#    Time    Ca (est)    Ca (se)
 2340.015 0.072515042 0.0024020243
 2340.115 0.0749757372 0.00243713879
 2340.215 0.0731327502 0.00243635457
 2340.315 0.0748927839 0.00247485201
 2340.415 0.0717529445 0.00239290329
 2340.515 0.0789446992 0.00248511712
 2340.615 0.0685946562 0.00232274512
 2340.715 0.071403813 0.00237986131
 2340.815 0.0716107841 0.00239322189
 2340.915 0.0762203028 0.00245709038
 2341.015 0.0704768386 0.00241159707
 2341.115 0.0741321598 0.00244570049
 2341.215 0.0698760898 0.00236325889
 2341.315 0.0718026246 0.002407044
 2341.415 0.0719398961 0.00240491889
 2341.515 0.0709977144 0.00239828172
 2341.615 0.0857733849 0.00261487065
 2341.715 0.104027163 0.00286341287
 2341.815 0.109160247 0.00301922766
 2341.915 0.119197474 0.00314877938
 2342.015 0.133167508 0.00343279416
 2342.115 0.137497769 0.00355422499
 2342.215 0.133266887 0.00342509017
 2342.315 0.127376996 0.00331508135
 2342.415 0.132321117 0.00341016438
 2342.515 0.133053273 0.00344459602
 2342.615 0.133411831 0.0034873049
 2342.715 0.129759974 0.00336144153
 2342.815 0.129087773 0.00336336252
 2342.915 0.129780177 0.00334779383
 2343.015 0.131028867 0.00335293867
 2343.115 0.125608151 0.00327987261
 2343.215 0.123531508 0.0032073914
 2343.315 0.122635707 0.00323610763
 2343.415 0.121522007 0.00324998799
 2343.515 0.124076726 0.00321916575
 2343.615 0.125520393 0.00329323962
 2343.715 0.117813468 0.00312847706
 2343.815 0.118837008 0.00315689637
 2343.915 0.115489312 0.00312110461
 2344.015 0.113783088 0.00307207741
 2344.115 0.116275007 0.00310430947
 2344.215 0.112433625 0.0030656839
 2344.315 0.116727162 0.00312249301
 2344.415 0.108248818 0.00299415944
 2344.515 0.106764829 0.00297464568
 2344.615 0.112937497 0.00306872851
 2344.715 0.106762713 0.00291075528
 2344.815 0.102811717 0.00288925453
 2344.915 0.10345706 0.00287272079
 2345.015 0.0998927439 0.00286617695
 2345.115 0.0985240914 0.00278614666
 2345.215 0.105893276 0.00293288381
 2345.315 0.101817927 0.00285625562
 2345.415 0.100863508 0.00287250054
 2345.515 0.10489323 0.00291046362
 2345.615 0.0999228006 0.00283799393
 2345.715 0.101587775 0.00285146796
 2345.815 0.0945129943 0.00272450936
 2345.915 0.0964728969 0.00282148311
 2346.015 0.0971934496 0.00287010321
 2346.115 0.093893443 0.00273404325
 2346.215 0.0960278844 0.00278245189
 2346.315 0.0946437764 0.00274736004
 2346.415 0.0945781976 0.00273376454
 2346.515 0.0927474646 0.00273931836
 2346.615 0.0983800835 0.00280843497
 2346.715 0.0927575446 0.0027397857
 2346.815 0.0911506334 0.00267545373
 2346.915 0.0894223353 0.00265533652
 2347.015 0.0883133193 0.00268435526
 2347.115 0.0899537724 0.00269704405
 2347.215 0.0945162768 0.00276902607
 2347.315 0.0889674079 0.00270094469
 2347.415 0.0857471833 0.00264572102
 2347.515 0.0922333019 0.00267029334
 2347.615 0.0912580248 0.00269253629
 2347.715 0.0932058931 0.00271386502
 2347.815 0.0852303184 0.00259883922
 2347.915 0.0870206558 0.00262536811
 2348.015 0.0866170336 0.00262761685
 2348.115 0.087770856 0.00266312046
 2348.215 0.0908948726 0.0027211744
 2348.315 0.0864902923 0.00262754492
 2348.415 0.0813958866 0.00252032987
 2348.515 0.086581761 0.00265132681
 2348.615 0.0871824233 0.00265006411
 2348.715 0.0897026963 0.0026728047
 2348.815 0.0836502437 0.00258853504
 2348.915 0.0851880306 0.00263791346
 2349.015 0.0837596289 0.00258560716
 2349.115 0.084211713 0.00256392675
 2349.215 0.0801696914 0.00254846357
 2349.315 0.0798959803 0.0025203672
 2349.415 0.0847974116 0.00256410306
 2349.515 0.083028289 0.00257692226
 2349.615 0.0834183493 0.00253718949
 2349.715 0.0806342743 0.00256802123
 2349.815 0.0857355166 0.00262762136
 2349.915 0.0760180551 0.00246580372
 2350.015 0.080527425 0.00250355084
 2350.115 0.0831031226 0.00252859644
 2350.215 0.0766194401 0.00245494126
 2350.315 0.0811232902 0.00251934739
 2350.415 0.0764485779 0.00248448975
 2350.515 0.0793832482 0.00250348572
 2350.615 0.0796984267 0.00253373058
 2350.715 0.0758918397 0.00248986534
 2350.815 0.0799821352 0.00250445187
 2350.915 0.0794117354 0.0025464397
 2351.015 0.0800172799 0.00252075397
 2351.115 0.0830111994 0.00255908724
 2351.215 0.0811414714 0.00257928556
 2351.315 0.0793818034 0.00251648353
 2351.415 0.0805167571 0.00252093857
 2351.515 0.0802019636 0.00253218973
 2351.615 0.0747973773 0.00246580508
 2351.715 0.0732288574 0.00243365178
 2351.815 0.0772301002 0.00245551279
 2351.915 0.0753032108 0.00246043603
 2352.015 0.0787970565 0.00247877105
 2352.115 0.0831132219 0.00259397293
 2352.215 0.0749478234 0.00247214463
 2352.315 0.0724952845 0.00241089495
 2352.415 0.074671364 0.0024112248
 2352.515 0.0834793567 0.00258380975
 2352.615 0.0744933025 0.00246564891
 2352.715 0.0786811167 0.00250717319
 2352.815 0.0749851468 0.00245283072
 2352.915 0.079578299 0.00247290519
 2353.015 0.0785958484 0.00251109073
 2353.115 0.0775615723 0.00244248177
 2353.215 0.0743405151 0.00243060927
 2353.315 0.0738953243 0.00245784686
 2353.415 0.0740353765 0.00248621223
 2353.515 0.075444436 0.00245901161
 2353.615 0.0780500883 0.00246416992
 2353.715 0.0787667751 0.00249272762
 2353.815 0.0732074848 0.00239847706
 2353.915 0.0737455275 0.0024274086
 2354.015 0.0757120484 0.00244148796
 2354.115 0.0736903131 0.00243234193
 2354.215 0.0733986662 0.00241581754
 2354.315 0.0777004623 0.00245124668
 2354.415 0.0728333534 0.00240007245
 2354.515 0.0721778379 0.00238583908
 2354.615 0.0793563481 0.00252057313
 2354.715 0.0752052665 0.00243332165
 2354.815 0.0768533764 0.00247085478
 2354.915 0.0729975309 0.00246914546
 2355.015 0.0762850803 0.00245791883
 2355.115 0.0755703611 0.00243500445
 2355.215 0.0738856246 0.00241365562
 2355.315 0.0731073487 0.00240527148
 2355.415 0.0719469059 0.00238958086
 2355.515 0.0705012789 0.00233600034
 2355.615 0.0744083368 0.00241196061
 2355.715 0.0740163027 0.00239836941
 2355.815 0.0723567933 0.00244596565
 2355.915 0.0736867463 0.00242551557
 2356.015 0.0752406519 0.00245694905
 2356.115 0.073140916 0.00240367507
 2356.215 0.0716543726 0.00237260398
 2356.315 0.0716394002 0.00240022205
 2356.415 0.0759355824 0.00245340665
 2356.515 0.0699723114 0.00240400344
 2356.615 0.0739472642 0.00242148366
 2356.715 0.0733959837 0.00242744673
 2356.815 0.0731254124 0.00242417692
 2356.915 0.0743884889 0.00241867613
 2357.015 0.0719439214 0.00241398582
 2357.115 0.07331281 0.00239797542
 2357.215 0.0707558242 0.00237808007
 2357.315 0.0758897322 0.00245002839
 2357.415 0.0723453834 0.00242092248
 2357.515 0.0694399995 0.00234206184
 2357.615 0.0700966306 0.00237139618
 2357.715 0.0729476486 0.0024377408
 2357.815 0.0711415963 0.0024016722
 2357.915 0.0732094059 0.00241946229
 2358.015 0.0707984287 0.00237809354
 2358.115 0.0740259194 0.00240566521
 2358.215 0.07227221 0.00239837344
 2358.315 0.0705001006 0.00241372756
 2358.415 0.0698921619 0.00235564637
 2358.515 0.0745725109 0.00239909947
 2358.615 0.0729319051 0.00241530495
 2358.715 0.075024167 0.00241668922
 2358.815 0.0706184593 0.00237416296
 2358.915 0.0741354456 0.00240686858
 2359.015 0.0745506286 0.00243478099
 2359.115 0.0757442387 0.00244936073
 2359.215 0.0727242873 0.00239373383
 2359.315 0.0724535518 0.00244360107
 2359.415 0.0697916726 0.00236155074
 2359.515 0.0726544565 0.00237997326
 2359.615 0.0727870707 0.00241443561
 2359.715 0.0712476079 0.00236165995
 2359.815 0.0743135717 0.00243139561
 2359.915 0.0715971555 0.00241328118


