# Data from DA_130514_E5.h5 stim 4
# Ratiometric estimator
# Ratiometric estimator:
#    Time    Ca (est)    Ca (se)
 2780.015 0.0671798605 0.0020314394
 2780.115 0.0680177033 0.00204857
 2780.215 0.0674426012 0.00203335708
 2780.315 0.0698898471 0.00207391598
 2780.415 0.0694014013 0.00206272004
 2780.515 0.0651977888 0.00200343186
 2780.615 0.0693378858 0.00205033125
 2780.715 0.0690168041 0.00205602395
 2780.815 0.0653114983 0.00201479611
 2780.915 0.0693052313 0.00205505529
 2781.015 0.0682870307 0.0020757572
 2781.115 0.0648088147 0.00203187995
 2781.215 0.0667495133 0.0020338134
 2781.315 0.068100021 0.00204852293
 2781.415 0.066286358 0.00202430998
 2781.515 0.0680819711 0.00206620278
 2781.615 0.0731496035 0.00212531713
 2781.715 0.0863070977 0.00227543335
 2781.815 0.097463432 0.00245469208
 2781.915 0.110427284 0.00260753018
 2782.015 0.114386167 0.00272196373
 2782.115 0.110196626 0.00268719442
 2782.215 0.116484046 0.00271874116
 2782.315 0.115484905 0.00270157117
 2782.415 0.118973471 0.00277264151
 2782.515 0.11473224 0.00273419038
 2782.615 0.116895321 0.00279516257
 2782.715 0.113355225 0.00270165286
 2782.815 0.118556604 0.00276532793
 2782.915 0.115061067 0.00270152418
 2783.015 0.113747221 0.00269335541
 2783.115 0.116663303 0.00272729312
 2783.215 0.113916457 0.00266948263
 2783.315 0.112475385 0.0026817145
 2783.415 0.112165665 0.00269941993
 2783.515 0.110308109 0.00260796527
 2783.615 0.108234509 0.00262906159
 2783.715 0.106449649 0.00258901394
 2783.815 0.107153309 0.00257289409
 2783.915 0.105858594 0.00258417802
 2784.015 0.10720889 0.00259776994
 2784.115 0.105002982 0.0025383034
 2784.215 0.10657517 0.0026175208
 2784.315 0.0984082757 0.00246336733
 2784.415 0.104178219 0.00255478997
 2784.515 0.0995965108 0.0025132455
 2784.615 0.10039253 0.00252362721
 2784.715 0.10283135 0.0024926764
 2784.815 0.0988022656 0.00246474385
 2784.915 0.0989814061 0.00245435006
 2785.015 0.0979729167 0.00248201465
 2785.115 0.100495256 0.00245631918
 2785.215 0.0954931279 0.00242860144
 2785.315 0.0976413282 0.00242883956
 2785.415 0.0958523574 0.00244697772
 2785.515 0.0995752686 0.00247513314
 2785.615 0.0991469087 0.00246329525
 2785.715 0.0959640475 0.0024341982
 2785.815 0.0923708906 0.00236291765
 2785.915 0.0914364349 0.00239174048
 2786.015 0.0909948258 0.00239371741
 2786.115 0.0883479708 0.00230169309
 2786.215 0.0951811074 0.00242354168
 2786.315 0.0866779034 0.00230620449
 2786.415 0.0896305444 0.00232421784
 2786.515 0.0940085344 0.00241953498
 2786.615 0.0866800737 0.0023027793
 2786.715 0.0877126921 0.00232348096
 2786.815 0.0831587237 0.00224380027
 2786.915 0.087381936 0.00230096295
 2787.015 0.0892641083 0.00235866632
 2787.115 0.0844697132 0.00228498532
 2787.215 0.0867348563 0.00233023312
 2787.315 0.0864257832 0.00231087267
 2787.415 0.0839630704 0.00232502582
 2787.515 0.0841088354 0.00224981462
 2787.615 0.0858357268 0.00227324302
 2787.715 0.0830933843 0.00227007041
 2787.815 0.0826567549 0.00223011252
 2787.915 0.0850841764 0.00229723866
 2788.015 0.0876143961 0.00232435692
 2788.115 0.0844393355 0.00228224736
 2788.215 0.0826587122 0.00226241353
 2788.315 0.0824415059 0.00223892222
 2788.415 0.0860661029 0.00226408623
 2788.515 0.0825706006 0.00227611189
 2788.615 0.0825692718 0.00224886478
 2788.715 0.082978136 0.00225245054
 2788.815 0.0824378681 0.0022467587
 2788.915 0.0800505753 0.00221831587
 2789.015 0.0815097115 0.00222598416
 2789.115 0.0798157396 0.00220175892
 2789.215 0.0780838992 0.00219681709
 2789.315 0.0799730628 0.00220934892
 2789.415 0.0799731837 0.0021698733
 2789.515 0.0814333308 0.00224642474
 2789.615 0.0781478993 0.00215910322
 2789.715 0.0761169848 0.00217650261
 2789.815 0.0782182102 0.00217856747
 2789.915 0.0772167248 0.00215837646
 2790.015 0.0816294397 0.00220807965
 2790.115 0.0793674545 0.00216693134
 2790.215 0.0772818694 0.00215039035
 2790.315 0.0774832276 0.00217068269
 2790.415 0.0783472638 0.00219372461
 2790.515 0.0816709098 0.00224324446
 2790.615 0.0755660821 0.00215085477
 2790.715 0.0748258989 0.00215360659
 2790.815 0.0763287237 0.00215329177
 2790.915 0.0789898208 0.00221086304
 2791.015 0.0742309676 0.00216150044
 2791.115 0.0793051686 0.00219211451
 2791.215 0.076008993 0.00221278273
 2791.315 0.0732031677 0.00211640846
 2791.415 0.0757735282 0.00215052154
 2791.515 0.0753130904 0.00212227894
 2791.615 0.076132436 0.00216774355
 2791.715 0.0745248415 0.00215370325
 2791.815 0.076898897 0.00216205814
 2791.915 0.0724324352 0.0021149271
 2792.015 0.0723223004 0.00210245922
 2792.115 0.0693634027 0.0021034464
 2792.215 0.0769640464 0.00217593466
 2792.315 0.0717697053 0.00209628211
 2792.415 0.068739733 0.00205162459
 2792.515 0.0745759853 0.00214959991
 2792.615 0.0724086601 0.00212827301
 2792.715 0.0736350154 0.00211892285
 2792.815 0.075159639 0.00215564366
 2792.915 0.0722788631 0.00206971742
 2793.015 0.0772166306 0.00218969181
 2793.115 0.0693764957 0.00204624649
 2793.215 0.0750164083 0.00214725124
 2793.315 0.069388414 0.00209256368
 2793.415 0.0735350122 0.00214920677
 2793.515 0.0753880695 0.00215349132
 2793.615 0.0731662188 0.00210330328
 2793.715 0.0692020208 0.00205179499
 2793.815 0.0738220447 0.0021010326
 2793.915 0.0693818161 0.00207014626
 2794.015 0.071012594 0.00209237311
 2794.115 0.0732437902 0.00211937983
 2794.215 0.0741714511 0.0021237852
 2794.315 0.0734955826 0.00209937523
 2794.415 0.0712442751 0.00207987502
 2794.515 0.0703483709 0.0020666287
 2794.615 0.0676976516 0.00205351744
 2794.715 0.068852299 0.00205175114
 2794.815 0.0702249518 0.0020880706
 2794.915 0.0727185489 0.00216174
 2795.015 0.0701798244 0.00209998628
 2795.115 0.0716403465 0.00207806382
 2795.215 0.0708639797 0.0020553593
 2795.315 0.0698740979 0.00206135676
 2795.415 0.0672630177 0.00203027804
 2795.515 0.0725857258 0.00206084253
 2795.615 0.0683136234 0.00206467461
 2795.715 0.0723331638 0.00208145689
 2795.815 0.0684528589 0.00209713246
 2795.915 0.0692545102 0.00206833326
 2796.015 0.0693834316 0.00209347258
 2796.115 0.0651558364 0.0019948372
 2796.215 0.0679591344 0.00203634071
 2796.315 0.0674416982 0.0020479583
 2796.415 0.0730050437 0.00211229828
 2796.515 0.0677932296 0.00207381744
 2796.615 0.0707164391 0.00207284628
 2796.715 0.0665470282 0.00204459063
 2796.815 0.0726927946 0.0021011714
 2796.915 0.0687489243 0.00206412447
 2797.015 0.0691632948 0.00207409977
 2797.115 0.0707532685 0.00208129954
 2797.215 0.0673353371 0.00206392723
 2797.315 0.0688190855 0.00203671512
 2797.415 0.0681531925 0.00207276699
 2797.515 0.0715900815 0.00209850766
 2797.615 0.0661736489 0.0020379582
 2797.715 0.0645310234 0.00201515656
 2797.815 0.0687495522 0.00206743714
 2797.915 0.0721759306 0.00209708192
 2798.015 0.0703188026 0.00206941559
 2798.115 0.0644444431 0.00199572185
 2798.215 0.0699117392 0.00206178044
 2798.315 0.0693562976 0.00209889785
 2798.415 0.0657121374 0.00202000066
 2798.515 0.0697805815 0.00205763482
 2798.615 0.0651150922 0.00201203121
 2798.715 0.0694598434 0.00206175616
 2798.815 0.070823087 0.00206487123
 2798.915 0.0670744092 0.00201980039
 2799.015 0.0692517317 0.00208215085
 2799.115 0.0664721863 0.00203772687
 2799.215 0.0704817366 0.0020774497
 2799.315 0.0710526923 0.00212135371
 2799.415 0.0662738176 0.00202517433
 2799.515 0.067773347 0.00203177162
 2799.615 0.0683920726 0.00206189275
 2799.715 0.0678174628 0.00203581563
 2799.815 0.0657082732 0.00201978782
 2799.915 0.0662701607 0.0020501696


