# Data from DA_130514_E5.h5 stim 1
# Ratiometric estimator
# Ratiometric estimator:
#    Time    Ca (est)    Ca (se)
 1535.015 0.0839634068 0.0046485521
 1535.115 0.0718527282 0.00443792407
 1535.215 0.0727491106 0.00437705997
 1535.315 0.0745361452 0.00446188829
 1535.415 0.0864315354 0.004802462
 1535.515 0.0832254669 0.004686705
 1535.615 0.0740543444 0.0043780322
 1535.715 0.0720607036 0.00437638604
 1535.815 0.0831672502 0.00460454187
 1535.915 0.0788213548 0.00450038245
 1536.015 0.0769826999 0.0046179988
 1536.115 0.0842832654 0.00472371124
 1536.215 0.0713475421 0.00436750482
 1536.315 0.0844220884 0.00464811687
 1536.415 0.0792964027 0.00452161245
 1536.515 0.0838417256 0.00475311739
 1536.615 0.100794301 0.0052232183
 1536.715 0.133005624 0.00607172428
 1536.815 0.156964746 0.0069474026
 1536.915 0.166793859 0.00726665772
 1537.015 0.182860407 0.00787286688
 1537.115 0.17269602 0.00766442723
 1537.215 0.173374941 0.00754022434
 1537.315 0.167150698 0.00734951363
 1537.415 0.15663715 0.00692072703
 1537.515 0.146493548 0.00664226242
 1537.615 0.166453657 0.00727886937
 1537.715 0.141591031 0.00645226256
 1537.815 0.127704605 0.00599090482
 1537.915 0.135918852 0.00620386313
 1538.015 0.138036483 0.00626733206
 1538.115 0.123680921 0.0058175509
 1538.215 0.126625061 0.00586753919
 1538.315 0.126589786 0.00595014705
 1538.415 0.118140677 0.0057705903
 1538.515 0.12370378 0.00580091562
 1538.615 0.110243662 0.00551801006
 1538.715 0.110663267 0.00542298242
 1538.815 0.119299101 0.00562189342
 1538.915 0.117467615 0.0056584799
 1539.015 0.114246767 0.00562790126
 1539.115 0.107939807 0.00532220919
 1539.215 0.0964382904 0.00514861787
 1539.315 0.113577332 0.00549180815
 1539.415 0.109362803 0.00545545833
 1539.515 0.10914315 0.00544155553
 1539.615 0.107502007 0.00542350602
 1539.715 0.0943313734 0.00493773788
 1539.815 0.0996938864 0.00505061234
 1539.915 0.0967301175 0.00494232691
 1540.015 0.0998470003 0.00515094463
 1540.115 0.0899263943 0.00481429088
 1540.215 0.0903798263 0.00486973205
 1540.315 0.0897595866 0.00477468507
 1540.415 0.0857473796 0.00480775616
 1540.515 0.100148207 0.00508738777
 1540.615 0.0943174823 0.0049842931
 1540.715 0.0925064499 0.00488145467
 1540.815 0.0955697442 0.0049605565
 1540.915 0.0952366761 0.00503556322
 1541.015 0.0912434397 0.00501766371
 1541.115 0.0889184387 0.00492446371
 1541.215 0.0867798442 0.00474217439
 1541.315 0.0892784196 0.00485834627
 1541.415 0.0938873458 0.00491902325
 1541.515 0.0907942789 0.00490743085
 1541.615 0.0894629623 0.00483368794
 1541.715 0.0814923719 0.0045999668
 1541.815 0.0920593187 0.00485120839
 1541.915 0.087998675 0.00476025398
 1542.015 0.0831755474 0.00464045065
 1542.115 0.088069803 0.00480481206
 1542.215 0.0871598678 0.00481513587
 1542.315 0.0823932537 0.00465073622
 1542.415 0.0902173749 0.00488507461
 1542.515 0.0828251655 0.00463855261
 1542.615 0.086385878 0.0047174704
 1542.715 0.0837332513 0.00466168478
 1542.815 0.0898989151 0.00483844802
 1542.915 0.0876437863 0.00482849499
 1543.015 0.0890242554 0.0048640297
 1543.115 0.085907869 0.00471306361
 1543.215 0.086008365 0.00477152996
 1543.315 0.0832685391 0.00468519723
 1543.415 0.0853400618 0.00461592026
 1543.515 0.0753423206 0.0044915489
 1543.615 0.0849010946 0.00469316412
 1543.715 0.0852279967 0.00463888479
 1543.815 0.0826503667 0.0046293262
 1543.915 0.0819794513 0.00459610001
 1544.015 0.0718091782 0.00437953746
 1544.115 0.081873714 0.00459348764
 1544.215 0.0852422684 0.00470530051
 1544.315 0.0827066148 0.00460388056
 1544.415 0.0706562296 0.00427615336
 1544.515 0.0775916997 0.00458382728
 1544.615 0.0749940952 0.00438661729
 1544.715 0.0775828454 0.00455866642
 1544.815 0.0790642886 0.00452217489
 1544.915 0.0854010266 0.00466674622
 1545.015 0.0896513303 0.00473467197
 1545.115 0.0759677516 0.00439425149
 1545.215 0.082085285 0.00455376829
 1545.315 0.0726388246 0.00428556922
 1545.415 0.0723341345 0.00444541034
 1545.515 0.0772776459 0.00452098219
 1545.615 0.0826946696 0.00462023487
 1545.715 0.0816121103 0.00464321249
 1545.815 0.07801929 0.00446655439
 1545.915 0.0758844951 0.00453827084
 1546.015 0.0726606536 0.00436916001
 1546.115 0.0832551822 0.00453478767
 1546.215 0.0842887471 0.00474440462
 1546.315 0.0760650225 0.00441684572
 1546.415 0.0702987482 0.00430055237
 1546.515 0.0739574916 0.00439055912
 1546.615 0.0770423488 0.00442574956
 1546.715 0.0776521728 0.00460506439
 1546.815 0.0780680862 0.00444207462
 1546.915 0.080503541 0.00453270374
 1547.015 0.0841879232 0.00456696384
 1547.115 0.0810575423 0.00465184658
 1547.215 0.0781641488 0.00449729359
 1547.315 0.0780602465 0.00446328821
 1547.415 0.0744225282 0.00434995825
 1547.515 0.080497658 0.00461027998
 1547.615 0.0846541604 0.00470129906
 1547.715 0.0812679555 0.00451484338
 1547.815 0.0806692604 0.00455551129
 1547.915 0.0860663436 0.00458696349
 1548.015 0.0798567121 0.00457342614
 1548.115 0.0794600106 0.00446141238
 1548.215 0.0770214901 0.00446318651
 1548.315 0.0777975931 0.00446188321
 1548.415 0.0810566786 0.0046490285
 1548.515 0.0770376558 0.00449230784
 1548.615 0.0812827535 0.00449530519
 1548.715 0.0755493998 0.00439377063
 1548.815 0.0753961257 0.00438925781
 1548.915 0.0885198383 0.00476966806
 1549.015 0.0800998009 0.00457552609
 1549.115 0.0799802539 0.0045158957
 1549.215 0.0753789929 0.00437512749
 1549.315 0.0658305536 0.00414168096
 1549.415 0.0772727932 0.00439841822
 1549.515 0.0764275505 0.00441705767
 1549.615 0.0793995752 0.00447613424
 1549.715 0.0836594074 0.00452329574
 1549.815 0.0790206878 0.00451233195
 1549.915 0.0785751559 0.00460011826
 1550.015 0.0713674209 0.0043562165
 1550.115 0.0702876159 0.00428789017
 1550.215 0.0737445428 0.00433466126
 1550.315 0.0733686597 0.00429388788
 1550.415 0.073648283 0.00434985485
 1550.515 0.0789691161 0.00437706195
 1550.615 0.075328457 0.00438911065
 1550.715 0.0721429946 0.0042728168
 1550.815 0.0727580729 0.00435987116
 1550.915 0.0817540248 0.00454746524
 1551.015 0.0754916432 0.00447283095
 1551.115 0.0775879874 0.00440545896
 1551.215 0.0835506254 0.00460290693
 1551.315 0.0777668256 0.00444331249
 1551.415 0.0686077429 0.00422234025
 1551.515 0.0785197681 0.00451108338
 1551.615 0.0828043146 0.00457555265
 1551.715 0.0771214986 0.00437291561
 1551.815 0.0782376328 0.00446935221
 1551.915 0.0726387 0.0043570956
 1552.015 0.0685524773 0.00425622657
 1552.115 0.0817311908 0.00448201976
 1552.215 0.073310686 0.00432073538
 1552.315 0.0767048349 0.00443437227
 1552.415 0.0869129942 0.0046763676
 1552.515 0.0771836177 0.00442587524
 1552.615 0.0838180751 0.0046294599
 1552.715 0.0760828012 0.00439349588
 1552.815 0.0800517817 0.00449393247
 1552.915 0.072598729 0.00436395104
 1553.015 0.07022153 0.00427890949
 1553.115 0.0810944866 0.00450813645
 1553.215 0.0845628346 0.00462869202
 1553.315 0.0814204282 0.00456108111
 1553.415 0.0819013502 0.00450301615
 1553.515 0.0732808348 0.00435606671
 1553.615 0.0796527609 0.00448571918
 1553.715 0.0764468769 0.00439231303
 1553.815 0.0767152209 0.00439114883
 1553.915 0.0705832732 0.00422770891
 1554.015 0.0774713208 0.00449444911
 1554.115 0.0775067101 0.00443015972
 1554.215 0.072874124 0.00430365033
 1554.315 0.0764675051 0.00445896711
 1554.415 0.0785690815 0.00441732574
 1554.515 0.0780061749 0.00435959914
 1554.615 0.0752409509 0.00441276298
 1554.715 0.0812237604 0.00443010739
 1554.815 0.0740278248 0.00429376233
 1554.915 0.0801294734 0.00456503637


