# Data from DA_130514_E5.h5 stim 2
# Ratiometric estimator
# Ratiometric estimator:
#    Time    Ca (est)    Ca (se)
 1925.015 0.0792119502 0.00313936219
 1925.115 0.0754263815 0.00314266988
 1925.215 0.0757223428 0.00313149052
 1925.315 0.0755915563 0.00311988171
 1925.415 0.0754038628 0.00309570897
 1925.515 0.0745841256 0.0031007995
 1925.615 0.0741459919 0.00304547936
 1925.715 0.0779924729 0.00314561118
 1925.815 0.0720200917 0.00307932097
 1925.915 0.0697830103 0.00302584115
 1926.015 0.0704022902 0.00304973761
 1926.115 0.0672445401 0.00301009931
 1926.215 0.0745061363 0.00313155143
 1926.315 0.0740931755 0.00308511675
 1926.415 0.0744190271 0.00310291877
 1926.515 0.0784220686 0.0032240242
 1926.615 0.0941513782 0.00350229424
 1926.715 0.106725497 0.00376044144
 1926.815 0.123768053 0.0041309224
 1926.915 0.136964888 0.00440398017
 1927.015 0.166835461 0.00513276737
 1927.115 0.156801616 0.00497469
 1927.215 0.155789642 0.00489980514
 1927.315 0.159317522 0.00491215595
 1927.415 0.156344922 0.00484354177
 1927.515 0.162845293 0.0050485341
 1927.615 0.148357879 0.00474603599
 1927.715 0.142850039 0.00455799076
 1927.815 0.133840811 0.00434797257
 1927.915 0.137456265 0.00446093496
 1928.015 0.126971329 0.00422781437
 1928.115 0.136753908 0.00446390577
 1928.215 0.129809183 0.00420148536
 1928.315 0.126492131 0.00414818436
 1928.415 0.128342382 0.00426688998
 1928.515 0.129355542 0.00419781062
 1928.615 0.115316094 0.00398787842
 1928.715 0.115775775 0.00394244299
 1928.815 0.114728884 0.00391355267
 1928.915 0.113876427 0.00392473769
 1929.015 0.113827673 0.00388096783
 1929.115 0.114494511 0.00390786464
 1929.215 0.117154238 0.00398392088
 1929.315 0.108929693 0.0037946358
 1929.415 0.107769921 0.00382419263
 1929.515 0.10219176 0.00371490281
 1929.615 0.110480732 0.0038455971
 1929.715 0.104240016 0.00364865857
 1929.815 0.109969874 0.00378060633
 1929.915 0.10903106 0.00372641234
 1930.015 0.105001547 0.00371789241
 1930.115 0.101226119 0.00359603166
 1930.215 0.100307388 0.00358204132
 1930.315 0.103962455 0.00361684621
 1930.415 0.100867263 0.00366415937
 1930.515 0.0950288112 0.00349792806
 1930.615 0.094945771 0.00351480083
 1930.715 0.0931603709 0.00347529718
 1930.815 0.0909725639 0.00338514438
 1930.915 0.0916996407 0.00348828663
 1931.015 0.0966867059 0.00360611477
 1931.115 0.0863309848 0.00331758446
 1931.215 0.0898496031 0.00344638399
 1931.315 0.093996827 0.00349186975
 1931.415 0.0932119026 0.00341571548
 1931.515 0.0871967217 0.00340001951
 1931.615 0.0860742842 0.0033227562
 1931.715 0.0948744074 0.003515621
 1931.815 0.0886643426 0.00338097016
 1931.915 0.0892912996 0.00339888572
 1932.015 0.0823114008 0.00326094484
 1932.115 0.0850153358 0.0032985896
 1932.215 0.0879134407 0.0034081112
 1932.315 0.0900398577 0.00340701953
 1932.415 0.0784774083 0.00321790535
 1932.515 0.0879035249 0.00331107976
 1932.615 0.0844317545 0.00329998049
 1932.715 0.0799523099 0.00322566183
 1932.815 0.0801615767 0.00319837098
 1932.915 0.079170828 0.00320892163
 1933.015 0.0790367386 0.00321945592
 1933.115 0.0806493709 0.00323833479
 1933.215 0.0804736712 0.00322322777
 1933.315 0.0801628379 0.00319465748
 1933.415 0.0838440612 0.00325236887
 1933.515 0.0805166455 0.00321285233
 1933.615 0.0846729982 0.00331114011
 1933.715 0.0770736288 0.0031580031
 1933.815 0.0753850446 0.00312925021
 1933.915 0.0764169417 0.00315298758
 1934.015 0.0746807947 0.00312077927
 1934.115 0.0770930664 0.00312513953
 1934.215 0.0793527556 0.00320119111
 1934.315 0.0810390958 0.00322624121
 1934.415 0.0768740203 0.00309391225
 1934.515 0.0851039651 0.00329620597
 1934.615 0.0807097493 0.00316668775
 1934.715 0.0782419451 0.00321278513
 1934.815 0.0790071174 0.00315642259
 1934.915 0.0774631374 0.00314785328
 1935.015 0.0829085329 0.00321453415
 1935.115 0.0768195952 0.00311601975
 1935.215 0.0845115666 0.00325816158
 1935.315 0.0789726915 0.00314084462
 1935.415 0.0808777529 0.00319910732
 1935.515 0.0823931696 0.00322207067
 1935.615 0.0776765214 0.00315971171
 1935.715 0.0828594417 0.0032395375
 1935.815 0.0819583869 0.00318719588
 1935.915 0.0763827586 0.00315939788
 1936.015 0.0770420047 0.00316770527
 1936.115 0.077935501 0.00313611946
 1936.215 0.0721868905 0.00314419873
 1936.315 0.0778026018 0.00314510753
 1936.415 0.0763879637 0.00314198709
 1936.515 0.0750801904 0.00307752363
 1936.615 0.0759625432 0.00311463148
 1936.715 0.0736051431 0.00311083469
 1936.815 0.0777935402 0.00309668157
 1936.915 0.0768388271 0.00313227169
 1937.015 0.0807327438 0.00315530587
 1937.115 0.0778410061 0.00319452339
 1937.215 0.0802692944 0.00321060717
 1937.315 0.0741667683 0.00305883738
 1937.415 0.0801490294 0.0031525135
 1937.515 0.0769497813 0.00315947679
 1937.615 0.0801712688 0.00322434019
 1937.715 0.081805999 0.00319609222
 1937.815 0.074361461 0.0031220155
 1937.915 0.0778694302 0.00308638178
 1938.015 0.0777701718 0.00320858379
 1938.115 0.0822014393 0.00317771154
 1938.215 0.0775696176 0.00315322795
 1938.315 0.0779748929 0.00318421643
 1938.415 0.0810582866 0.00324223181
 1938.515 0.0753596897 0.00312899196
 1938.615 0.0739642035 0.00304693657
 1938.715 0.0737997778 0.00305310621
 1938.815 0.0730894675 0.00302742216
 1938.915 0.0768190484 0.00310196733
 1939.015 0.0780149543 0.00311810108
 1939.115 0.0774639053 0.00313396651
 1939.215 0.0714058385 0.00304222297
 1939.315 0.0737499879 0.0030327462
 1939.415 0.0758720959 0.00310703616
 1939.515 0.0747923885 0.00307777585
 1939.615 0.0772324354 0.00318258603
 1939.715 0.0716513163 0.00302186388
 1939.815 0.0686692841 0.00297836929
 1939.915 0.076709126 0.00318561807
 1940.015 0.0715052529 0.00305771262
 1940.115 0.0771552427 0.00313093908
 1940.215 0.0724160061 0.00299257412
 1940.315 0.074536983 0.00305663659
 1940.415 0.0753713276 0.00309124957
 1940.515 0.0697315903 0.00294054618
 1940.615 0.0722135502 0.00303350817
 1940.715 0.0760680022 0.00307043697
 1940.815 0.0747206713 0.00315123894
 1940.915 0.0783285176 0.00314661622
 1941.015 0.0728113393 0.00306827868
 1941.115 0.0751355259 0.00304832728
 1941.215 0.0717035293 0.0030014171
 1941.315 0.0763463743 0.00309783929
 1941.415 0.073207598 0.00308305207
 1941.515 0.0738590687 0.00310139042
 1941.615 0.0739624436 0.00306264078
 1941.715 0.0747835069 0.00310227633
 1941.815 0.0760022453 0.00310912359
 1941.915 0.0708867718 0.00301449086
 1942.015 0.0737665575 0.00306862974
 1942.115 0.0732432441 0.00305774904
 1942.215 0.0708942969 0.00301533283
 1942.315 0.0691484382 0.00297181526
 1942.415 0.0688415804 0.00300898377
 1942.515 0.0734720884 0.00306440553
 1942.615 0.0762052393 0.00310488249
 1942.715 0.0690337075 0.00296728888
 1942.815 0.071513509 0.00304614161
 1942.915 0.075379015 0.00306728415
 1943.015 0.0738290484 0.00307273576
 1943.115 0.0733316778 0.00303558382
 1943.215 0.0726829452 0.00303121164
 1943.315 0.077371584 0.00316908696
 1943.415 0.0730202225 0.00304521035
 1943.515 0.0739195975 0.0030423461
 1943.615 0.0712655019 0.0029928811
 1943.715 0.078551723 0.00314404472
 1943.815 0.0818433588 0.00319136138
 1943.915 0.0711985932 0.00299149911
 1944.015 0.0693169731 0.00299891648
 1944.115 0.0776887932 0.00311886158
 1944.215 0.0776199131 0.00312906176
 1944.315 0.073451294 0.00313918001
 1944.415 0.0771322043 0.00312438395
 1944.515 0.0774395603 0.00313071299
 1944.615 0.0723056717 0.00303884878
 1944.715 0.0720475801 0.00301523817
 1944.815 0.0738088466 0.00306452813
 1944.915 0.0756336567 0.00312332758


