# τ vs mean κ linear regression for data set DA_130514_E5.h5
# Using stimulation: 1, 2, 3, 4
# Best fit: tau = 0.736919 + 0.0109346 kappa_Fura
# Covariance matrix:
# [ +6.57028e-02, -2.97364e-04  
#   -2.97364e-04, +1.53090e-06  ]
# Total sum of squares (TSS) = 85.8331
# chisq (Residual sum of squares, RSS) = 7.73081
# Probability of observing a larger of equal RSS per DOF under the null hypothesis: 0.0209545
# R squared (1-RSS/TSS) = 0.909932
# Estimated gamma/v with standard error: 91.4524 +/- 10.3482
# Estimates kappa_S with standard error (using error propagation): 66.3931 +/- 24.6508
# kappa_S confidence intervals based on parametric bootstrap
# 0.95 CI for kappa_S: [16.4927,144.046]
# 0.99 CI for kappa_S: [5.28205,181.321]


# The data
# κ_Fura  τ   τ_SE
122.851 2.26968 0.143607
201.623 2.64688 0.138896
288.939 4.10667 0.243325
364.417 5.01376 0.339135


# The fitted data
# Preticted values with lower and upper bounds of 0.95 CI
# κ_Fura  τ   τ_lwr  τ_upr
-83.9913 -0.181496 -0.878481 0.515489
-82.1248 -0.161086 -0.85369 0.531517
-80.2583 -0.140677 -0.828901 0.547548
-78.3918 -0.120267 -0.804114 0.56358
-76.5253 -0.0998573 -0.779329 0.579614
-74.6588 -0.0794476 -0.754546 0.595651
-72.7922 -0.0590379 -0.729765 0.611689
-70.9257 -0.0386281 -0.704986 0.62773
-69.0592 -0.0182184 -0.680209 0.643772
-67.1927 0.00219129 -0.655434 0.659817
-65.3262 0.022601 -0.630662 0.675864
-63.4596 0.0430107 -0.605892 0.691913
-61.5931 0.0634204 -0.581124 0.707965
-59.7266 0.0838302 -0.556358 0.724018
-57.8601 0.10424 -0.531595 0.740075
-55.9936 0.12465 -0.506834 0.756133
-54.127 0.145059 -0.482076 0.772194
-52.2605 0.165469 -0.45732 0.788258
-50.394 0.185879 -0.432567 0.804324
-48.5275 0.206288 -0.407816 0.820393
-46.661 0.226698 -0.383068 0.836464
-44.7945 0.247108 -0.358323 0.852539
-42.9279 0.267518 -0.333581 0.868616
-41.0614 0.287927 -0.308841 0.884696
-39.1949 0.308337 -0.284105 0.900779
-37.3284 0.328747 -0.259371 0.916865
-35.4619 0.349156 -0.234641 0.932954
-33.5953 0.369566 -0.209914 0.949046
-31.7288 0.389976 -0.18519 0.965141
-29.8623 0.410386 -0.160469 0.98124
-27.9958 0.430795 -0.135751 0.997342
-26.1293 0.451205 -0.111037 1.01345
-24.2628 0.471615 -0.086327 1.02956
-22.3962 0.492025 -0.0616202 1.04567
-20.5297 0.512434 -0.036917 1.06179
-18.6632 0.532844 -0.0122176 1.07791
-16.7967 0.553254 0.0124779 1.09403
-14.9302 0.573663 0.0371695 1.11016
-13.0636 0.594073 0.061857 1.12629
-11.1971 0.614483 0.0865404 1.14243
-9.3306 0.634893 0.11122 1.15857
-7.46408 0.655302 0.135894 1.17471
-5.59756 0.675712 0.160565 1.19086
-3.73104 0.696122 0.18523 1.20701
-1.86453 0.716531 0.209891 1.22317
0.00199244 0.736941 0.234548 1.23933
1.86851 0.757351 0.259199 1.2555
3.73503 0.777761 0.283845 1.27168
5.60155 0.79817 0.308486 1.28785
7.46807 0.81858 0.333122 1.30404
9.33459 0.83899 0.357752 1.32023
11.2011 0.859399 0.382377 1.33642
13.0676 0.879809 0.406996 1.35262
14.9341 0.900219 0.431609 1.36883
16.8007 0.920629 0.456216 1.38504
18.6672 0.941038 0.480817 1.40126
20.5337 0.961448 0.505411 1.41749
22.4002 0.981858 0.529998 1.43372
24.2667 1.00227 0.554579 1.44996
26.1333 1.02268 0.579153 1.4662
27.9998 1.04309 0.60372 1.48245
29.8663 1.0635 0.628279 1.49871
31.7328 1.08391 0.652831 1.51498
33.5993 1.10432 0.677375 1.53126
35.4658 1.12473 0.701911 1.54754
37.3324 1.14514 0.726439 1.56383
39.1989 1.16555 0.750958 1.58013
41.0654 1.18595 0.775469 1.59644
42.9319 1.20636 0.79997 1.61276
44.7984 1.22677 0.824462 1.62909
46.665 1.24718 0.848944 1.64542
48.5315 1.26759 0.873417 1.66177
50.398 1.288 0.897879 1.67813
52.2645 1.30841 0.922331 1.6945
54.131 1.32882 0.946772 1.71087
55.9976 1.34923 0.971202 1.72726
57.8641 1.36964 0.99562 1.74366
59.7306 1.39005 1.02003 1.76008
61.5971 1.41046 1.04442 1.7765
63.4636 1.43087 1.0688 1.79294
65.3301 1.45128 1.09317 1.80939
67.1967 1.47169 1.11752 1.82586
69.0632 1.4921 1.14186 1.84234
70.9297 1.51251 1.16619 1.85883
72.7962 1.53292 1.1905 1.87534
74.6627 1.55333 1.2148 1.89186
76.5293 1.57374 1.23907 1.9084
78.3958 1.59415 1.26334 1.92496
80.2623 1.61456 1.28758 1.94154
82.1288 1.63497 1.31181 1.95813
83.9953 1.65538 1.33602 1.97474
85.8619 1.67579 1.36021 1.99137
87.7284 1.6962 1.38438 2.00802
89.5949 1.71661 1.40853 2.02469
91.4614 1.73702 1.43265 2.04138
93.3279 1.75743 1.45676 2.0581
95.1944 1.77784 1.48084 2.07483
97.061 1.79825 1.5049 2.09159
98.9275 1.81866 1.52893 2.10838
100.794 1.83907 1.55294 2.12519
102.661 1.85948 1.57692 2.14203
104.527 1.87989 1.60088 2.15889
106.394 1.9003 1.6248 2.17579
108.26 1.9207 1.6487 2.19271
110.127 1.94111 1.67256 2.20967
111.993 1.96152 1.69639 2.22666
113.86 1.98193 1.72019 2.24368
115.726 2.00234 1.74395 2.26074
117.593 2.02275 1.76768 2.27783
119.459 2.04316 1.79137 2.29496
121.326 2.06357 1.81502 2.31213
123.192 2.08398 1.83863 2.32934
125.059 2.10439 1.86219 2.34659
126.925 2.1248 1.88572 2.36389
128.792 2.14521 1.90919 2.38123
130.658 2.16562 1.93262 2.39862
132.525 2.18603 1.956 2.41606
134.391 2.20644 1.97933 2.43355
136.258 2.22685 2.00261 2.45109
138.124 2.24726 2.02583 2.46869
139.991 2.26767 2.04899 2.48635
141.857 2.28808 2.07209 2.50406
143.724 2.30849 2.09514 2.52184
145.59 2.3289 2.11811 2.53969
147.457 2.34931 2.14102 2.5576
149.323 2.36972 2.16386 2.57558
151.19 2.39013 2.18663 2.59363
153.057 2.41054 2.20932 2.61175
154.923 2.43095 2.23194 2.62995
156.79 2.45136 2.25448 2.64823
158.656 2.47177 2.27694 2.6666
160.523 2.49218 2.29931 2.68504
162.389 2.51259 2.32159 2.70358
164.256 2.533 2.34379 2.7222
166.122 2.55341 2.36589 2.74092
167.989 2.57382 2.3879 2.75973
169.855 2.59423 2.40981 2.77864
171.722 2.61464 2.43162 2.79765
173.588 2.63504 2.45333 2.81676
175.455 2.65545 2.47494 2.83597
177.321 2.67586 2.49644 2.85529
179.188 2.69627 2.51783 2.87472
181.054 2.71668 2.53911 2.89426
182.921 2.73709 2.56028 2.91391
184.787 2.7575 2.58133 2.93368
186.654 2.77791 2.60227 2.95355
188.52 2.79832 2.6231 2.97355
190.387 2.81873 2.64381 2.99366
192.253 2.83914 2.6644 3.01388
194.12 2.85955 2.68488 3.03423
195.986 2.87996 2.70524 3.05469
197.853 2.90037 2.72548 3.07526
199.719 2.92078 2.7456 3.09596
201.586 2.94119 2.76561 3.11677
203.453 2.9616 2.7855 3.1377
205.319 2.98201 2.80528 3.15874
207.186 3.00242 2.82495 3.17989
209.052 3.02283 2.8445 3.20116
210.919 3.04324 2.86394 3.22253
212.785 3.06365 2.88328 3.24402
214.652 3.08406 2.90251 3.26561
216.518 3.10447 2.92163 3.28731
218.385 3.12488 2.94065 3.3091
220.251 3.14529 2.95957 3.331
222.118 3.1657 2.9784 3.353
223.984 3.18611 2.99713 3.37509
225.851 3.20652 3.01576 3.39727
227.717 3.22693 3.03431 3.41954
229.584 3.24734 3.05277 3.4419
231.45 3.26775 3.07114 3.46435
233.317 3.28816 3.08943 3.48688
235.183 3.30857 3.10765 3.50949
237.05 3.32898 3.12578 3.53217
238.916 3.34939 3.14384 3.55493
240.783 3.36979 3.16183 3.57776
242.649 3.3902 3.17975 3.60066
244.516 3.41061 3.1976 3.62363
246.382 3.43102 3.21539 3.64666
248.249 3.45143 3.23311 3.66976
250.115 3.47184 3.25078 3.69291
251.982 3.49225 3.26838 3.71612
253.849 3.51266 3.28593 3.73939
255.715 3.53307 3.30343 3.76271
257.582 3.55348 3.32088 3.78609
259.448 3.57389 3.33827 3.80951
261.315 3.5943 3.35562 3.83298
263.181 3.61471 3.37292 3.8565
265.048 3.63512 3.39018 3.88006
266.914 3.65553 3.4074 3.90367
268.781 3.67594 3.42457 3.92731
270.647 3.69635 3.44171 3.95099
272.514 3.71676 3.4588 3.97472
274.38 3.73717 3.47586 3.99847
276.247 3.75758 3.49289 4.02227
278.113 3.77799 3.50988 4.0461
279.98 3.7984 3.52684 4.06996
281.846 3.81881 3.54377 4.09385
283.713 3.83922 3.56067 4.11777
285.579 3.85963 3.57754 4.14172
287.446 3.88004 3.59438 4.16569
289.312 3.90045 3.6112 4.1897
291.179 3.92086 3.62798 4.21373
293.045 3.94127 3.64475 4.23779
294.912 3.96168 3.66149 4.26186
296.778 3.98209 3.67821 4.28597
298.645 4.0025 3.6949 4.31009
300.511 4.02291 3.71157 4.33424
302.378 4.04332 3.72823 4.3584
304.245 4.06373 3.74486 4.38259
306.111 4.08413 3.76147 4.4068
307.978 4.10454 3.77807 4.43102
309.844 4.12495 3.79464 4.45526
311.711 4.14536 3.8112 4.47953
313.577 4.16577 3.82775 4.5038
315.444 4.18618 3.84427 4.52809
317.31 4.20659 3.86078 4.5524
319.177 4.227 3.87728 4.57673
321.043 4.24741 3.89376 4.60107
322.91 4.26782 3.91023 4.62542
324.776 4.28823 3.92668 4.64978
326.643 4.30864 3.94312 4.67416
328.509 4.32905 3.95955 4.69856
330.376 4.34946 3.97596 4.72296
332.242 4.36987 3.99236 4.74738
334.109 4.39028 4.00876 4.77181
335.975 4.41069 4.02514 4.79625
337.842 4.4311 4.0415 4.8207
339.708 4.45151 4.05786 4.84516
341.575 4.47192 4.07421 4.86963
343.441 4.49233 4.09055 4.89411
345.308 4.51274 4.10688 4.9186
347.174 4.53315 4.1232 4.9431
349.041 4.55356 4.13951 4.96761
350.908 4.57397 4.15581 4.99213
352.774 4.59438 4.1721 5.01665
354.641 4.61479 4.18839 5.04119
356.507 4.6352 4.20466 5.06573
358.374 4.65561 4.22093 5.09028
360.24 4.67602 4.23719 5.11484
362.107 4.69643 4.25345 5.13941
363.973 4.71684 4.26969 5.16398
365.84 4.73725 4.28593 5.18856
367.706 4.75766 4.30216 5.21315
369.573 4.77807 4.31839 5.23774
371.439 4.79847 4.33461 5.26234
373.306 4.81888 4.35082 5.28695
375.172 4.83929 4.36703 5.31156
377.039 4.8597 4.38323 5.33618
378.905 4.88011 4.39943 5.3608
380.772 4.90052 4.41562 5.38543
