# τ vs min κ linear regression for data set DA_130514_E5.h5
# Using stimulation: 1, 2, 3, 4
# Best fit: tau = 0.803076 + 0.0108867 kappa_Fura
# Covariance matrix:
# [ +6.24324e-02, -2.88276e-04  
#   -2.88276e-04, +1.52510e-06  ]
# Total sum of squares (TSS) = 85.8331
# chisq (Residual sum of squares, RSS) = 8.12035
# Probability of observing a larger of equal RSS per DOF under the null hypothesis: 0.017246
# R squared (1-RSS/TSS) = 0.905394
# Estimated gamma/v with standard error: 91.8554 +/- 10.4198
# Estimates kappa_S with standard error (using error propagation): 72.7668 +/- 24.4293
# kappa_S confidence intervals based on parametric bootstrap
# 0.95 CI for kappa_S: [22.3533,150.215]
# 0.99 CI for kappa_S: [8.60853,184.788]


# The data
# κ_Fura  τ   τ_SE
117.05 2.26968 0.143607
197.084 2.64688 0.138896
283.585 4.10667 0.243325
358.631 5.01376 0.339135


# The fitted data
# Preticted values with lower and upper bounds of 0.95 CI
# κ_Fura  τ   τ_lwr  τ_upr
-91.9585 -0.198047 -0.900231 0.504136
-90.0844 -0.177645 -0.875436 0.520146
-88.2104 -0.157242 -0.850642 0.536158
-86.3363 -0.13684 -0.825851 0.552171
-84.4622 -0.116437 -0.801061 0.568187
-82.5881 -0.0960345 -0.776273 0.584204
-80.714 -0.0756319 -0.751488 0.600224
-78.8399 -0.0552293 -0.726704 0.616245
-76.9659 -0.0348268 -0.701922 0.632269
-75.0918 -0.0144242 -0.677143 0.648294
-73.2177 0.00597836 -0.652366 0.664322
-71.3436 0.0263809 -0.627591 0.680352
-69.4695 0.0467835 -0.602818 0.696385
-67.5954 0.0671861 -0.578047 0.712419
-65.7213 0.0875886 -0.553279 0.728456
-63.8473 0.107991 -0.528513 0.744495
-61.9732 0.128394 -0.50375 0.760537
-60.0991 0.148796 -0.478989 0.776581
-58.225 0.169199 -0.45423 0.792628
-56.3509 0.189601 -0.429474 0.808677
-54.4768 0.210004 -0.404721 0.824729
-52.6027 0.230407 -0.379971 0.840784
-50.7287 0.250809 -0.355223 0.856841
-48.8546 0.271212 -0.330478 0.872902
-46.9805 0.291614 -0.305736 0.888965
-45.1064 0.312017 -0.280997 0.905031
-43.2323 0.332419 -0.256261 0.9211
-41.3582 0.352822 -0.231528 0.937172
-39.4842 0.373225 -0.206799 0.953248
-37.6101 0.393627 -0.182072 0.969326
-35.736 0.41403 -0.157349 0.985408
-33.8619 0.434432 -0.132629 1.00149
-31.9878 0.454835 -0.107912 1.01758
-30.1137 0.475237 -0.0831993 1.03367
-28.2396 0.49564 -0.05849 1.04977
-26.3656 0.516042 -0.0337843 1.06587
-24.4915 0.536445 -0.00908241 1.08197
-22.6174 0.556848 0.0156156 1.09808
-20.7433 0.57725 0.0403097 1.11419
-18.8692 0.597653 0.0649997 1.13031
-16.9951 0.618055 0.0896855 1.14643
-15.121 0.638458 0.114367 1.16255
-13.247 0.65886 0.139044 1.17868
-11.3729 0.679263 0.163717 1.19481
-9.49879 0.699666 0.188385 1.21095
-7.62471 0.720068 0.213049 1.22709
-5.75062 0.740471 0.237707 1.24323
-3.87653 0.760873 0.262361 1.25939
-2.00245 0.781276 0.28701 1.27554
-0.128365 0.801678 0.311653 1.2917
1.74572 0.822081 0.336291 1.30787
3.61981 0.842484 0.360924 1.32404
5.49389 0.862886 0.385551 1.34022
7.36798 0.883289 0.410172 1.3564
9.24206 0.903691 0.434788 1.37259
11.1161 0.924094 0.459397 1.38879
12.9902 0.944496 0.484 1.40499
14.8643 0.964899 0.508596 1.4212
16.7384 0.985301 0.533186 1.43742
18.6125 1.0057 0.557769 1.45364
20.4866 1.02611 0.582346 1.46987
22.3607 1.04651 0.606915 1.4861
24.2347 1.06691 0.631476 1.50235
26.1088 1.08731 0.65603 1.5186
27.9829 1.10772 0.680576 1.53486
29.857 1.12812 0.705114 1.55112
31.7311 1.14852 0.729644 1.5674
33.6052 1.16892 0.754165 1.58368
35.4793 1.18933 0.778678 1.59998
37.3533 1.20973 0.803181 1.61628
39.2274 1.23013 0.827675 1.63259
41.1015 1.25053 0.85216 1.64891
42.9756 1.27094 0.876634 1.66524
44.8497 1.29134 0.901098 1.68158
46.7238 1.31174 0.925552 1.69793
48.5978 1.33215 0.949995 1.7143
50.4719 1.35255 0.974426 1.73067
52.346 1.37295 0.998846 1.74705
54.2201 1.39335 1.02325 1.76345
56.0942 1.41376 1.04765 1.77986
57.9683 1.43416 1.07203 1.79628
59.8424 1.45456 1.0964 1.81272
61.7164 1.47496 1.12076 1.82917
63.5905 1.49537 1.1451 1.84563
65.4646 1.51577 1.16943 1.86211
67.3387 1.53617 1.19374 1.8786
69.2128 1.55657 1.21803 1.89511
71.0869 1.57698 1.24231 1.91164
72.961 1.59738 1.26658 1.92818
74.835 1.61778 1.29082 1.94474
76.7091 1.63818 1.31505 1.96131
78.5832 1.65859 1.33926 1.97791
80.4573 1.67899 1.36345 1.99453
82.3314 1.69939 1.38762 2.01116
84.2055 1.71979 1.41177 2.02782
86.0795 1.7402 1.4359 2.04449
87.9536 1.7606 1.46001 2.06119
89.8277 1.781 1.48409 2.07791
91.7018 1.8014 1.50815 2.09466
93.5759 1.82181 1.53218 2.11143
95.45 1.84221 1.55619 2.12823
97.3241 1.86261 1.58017 2.14505
99.1981 1.88301 1.60412 2.16191
101.072 1.90342 1.62805 2.17879
102.946 1.92382 1.65194 2.1957
104.82 1.94422 1.6758 2.21264
106.694 1.96462 1.69963 2.22961
108.569 1.98503 1.72343 2.24662
110.443 2.00543 1.74719 2.26367
112.317 2.02583 1.77092 2.28075
114.191 2.04623 1.7946 2.29786
116.065 2.06664 1.81825 2.31502
117.939 2.08704 1.84186 2.33222
119.813 2.10744 1.86542 2.34946
121.687 2.12785 1.88894 2.36675
123.561 2.14825 1.91242 2.38408
125.435 2.16865 1.93584 2.40146
127.309 2.18905 1.95922 2.41889
129.184 2.20946 1.98254 2.43637
131.058 2.22986 2.00582 2.4539
132.932 2.25026 2.02903 2.47149
134.806 2.27066 2.05219 2.48914
136.68 2.29107 2.07528 2.50685
138.554 2.31147 2.09832 2.52462
140.428 2.33187 2.12129 2.54245
142.302 2.35227 2.14419 2.56036
144.176 2.37268 2.16702 2.57833
146.05 2.39308 2.18978 2.59637
147.924 2.41348 2.21247 2.61449
149.798 2.43388 2.23508 2.63269
151.673 2.45429 2.25761 2.65097
153.547 2.47469 2.28005 2.66933
155.421 2.49509 2.30241 2.68777
157.295 2.51549 2.32468 2.7063
159.169 2.5359 2.34687 2.72493
161.043 2.5563 2.36896 2.74364
162.917 2.5767 2.39095 2.76245
164.791 2.5971 2.41285 2.78136
166.665 2.61751 2.43464 2.80037
168.539 2.63791 2.45634 2.81948
170.413 2.65831 2.47792 2.8387
172.287 2.67871 2.49941 2.85802
174.162 2.69912 2.52078 2.87746
176.036 2.71952 2.54204 2.897
177.91 2.73992 2.56319 2.91665
179.784 2.76032 2.58423 2.93642
181.658 2.78073 2.60515 2.95631
183.532 2.80113 2.62595 2.97631
185.406 2.82153 2.64664 2.99643
187.28 2.84193 2.66721 3.01666
189.154 2.86234 2.68766 3.03701
191.028 2.88274 2.708 3.05748
192.902 2.90314 2.72822 3.07807
194.776 2.92355 2.74832 3.09877
196.651 2.94395 2.7683 3.1196
198.525 2.96435 2.78817 3.14053
200.399 2.98475 2.80792 3.16158
202.273 3.00516 2.82756 3.18275
204.147 3.02556 2.84709 3.20403
206.021 3.04596 2.86651 3.22542
207.895 3.06636 2.88581 3.24691
209.769 3.08677 2.90502 3.26852
211.643 3.10717 2.92411 3.29022
213.517 3.12757 2.94311 3.31203
215.391 3.14797 2.962 3.33394
217.266 3.16838 2.9808 3.35595
219.14 3.18878 2.9995 3.37806
221.014 3.20918 3.01811 3.40025
222.888 3.22958 3.03663 3.42254
224.762 3.24999 3.05506 3.44491
226.636 3.27039 3.07341 3.46737
228.51 3.29079 3.09168 3.48991
230.384 3.31119 3.10986 3.51253
232.258 3.3316 3.12797 3.53522
234.132 3.352 3.146 3.55799
236.006 3.3724 3.16397 3.58084
237.88 3.3928 3.18186 3.60375
239.755 3.41321 3.19969 3.62673
241.629 3.43361 3.21745 3.64977
243.503 3.45401 3.23515 3.67288
245.377 3.47441 3.25279 3.69604
247.251 3.49482 3.27037 3.71926
249.125 3.51522 3.2879 3.74254
250.999 3.53562 3.30537 3.76588
252.873 3.55602 3.32279 3.78926
254.747 3.57643 3.34016 3.81269
256.621 3.59683 3.35749 3.83617
258.495 3.61723 3.37477 3.8597
260.369 3.63763 3.392 3.88327
262.244 3.65804 3.40919 3.90688
264.118 3.67844 3.42634 3.93054
265.992 3.69884 3.44346 3.95423
267.866 3.71925 3.46053 3.97796
269.74 3.73965 3.47757 4.00173
271.614 3.76005 3.49457 4.02553
273.488 3.78045 3.51154 4.04936
275.362 3.80086 3.52848 4.07323
277.236 3.82126 3.54539 4.09713
279.11 3.84166 3.56226 4.12106
280.984 3.86206 3.57911 4.14501
282.858 3.88247 3.59593 4.169
284.733 3.90287 3.61273 4.19301
286.607 3.92327 3.62949 4.21705
288.481 3.94367 3.64624 4.24111
290.355 3.96408 3.66296 4.2652
292.229 3.98448 3.67965 4.2893
294.103 4.00488 3.69633 4.31344
295.977 4.02528 3.71298 4.33759
297.851 4.04569 3.72961 4.36176
299.725 4.06609 3.74622 4.38595
301.599 4.08649 3.76282 4.41017
303.473 4.10689 3.77939 4.4344
305.348 4.1273 3.79595 4.45865
307.222 4.1477 3.81249 4.48291
309.096 4.1681 3.82901 4.50719
310.97 4.1885 3.84552 4.53149
312.844 4.20891 3.86201 4.55581
314.718 4.22931 3.87848 4.58014
316.592 4.24971 3.89494 4.60448
318.466 4.27011 3.91139 4.62884
320.34 4.29052 3.92783 4.65321
322.214 4.31092 3.94425 4.67759
324.088 4.33132 3.96065 4.70199
325.962 4.35172 3.97705 4.7264
327.837 4.37213 3.99343 4.75082
329.711 4.39253 4.0098 4.77525
331.585 4.41293 4.02617 4.7997
333.459 4.43333 4.04252 4.82415
335.333 4.45374 4.05885 4.84862
337.207 4.47414 4.07518 4.8731
339.081 4.49454 4.0915 4.89758
340.955 4.51495 4.10781 4.92208
342.829 4.53535 4.12411 4.94658
344.703 4.55575 4.14041 4.9711
346.577 4.57615 4.15669 4.99562
348.451 4.59656 4.17296 5.02015
350.326 4.61696 4.18923 5.04469
352.2 4.63736 4.20549 5.06924
354.074 4.65776 4.22174 5.09379
355.948 4.67817 4.23798 5.11835
357.822 4.69857 4.25421 5.14292
359.696 4.71897 4.27044 5.1675
361.57 4.73937 4.28666 5.19208
363.444 4.75978 4.30288 5.21668
365.318 4.78018 4.31908 5.24127
367.192 4.80058 4.33529 5.26588
369.066 4.82098 4.35148 5.29049
370.94 4.84139 4.36767 5.3151
372.815 4.86179 4.38385 5.33973
374.689 4.88219 4.40003 5.36435
