# τ vs max κ linear regression for data set DA_130514_E5.h5
# Using stimulation: 1, 2, 3, 4
# Best fit: tau = 0.708661 + 0.0107767 kappa_Fura
# Covariance matrix:
# [ +6.75454e-02, -2.98446e-04  
#   -2.98446e-04, +1.49438e-06  ]
# Total sum of squares (TSS) = 85.8331
# chisq (Residual sum of squares, RSS) = 8.11799
# Probability of observing a larger of equal RSS per DOF under the null hypothesis: 0.0172664
# R squared (1-RSS/TSS) = 0.905421
# Estimated gamma/v with standard error: 92.7932 +/- 10.526
# Estimates kappa_S with standard error (using error propagation): 64.7589 +/- 25.2438
# kappa_S confidence intervals based on parametric bootstrap
# 0.95 CI for kappa_S: [13.7162,139.806]
# 0.99 CI for kappa_S: [0.972533,173.861]


# The data
# κ_Fura  τ   τ_SE
127.053 2.26968 0.143607
207.868 2.64688 0.138896
294.733 4.10667 0.243325
371.714 5.01376 0.339135


# The fitted data
# Preticted values with lower and upper bounds of 0.95 CI
# κ_Fura  τ   τ_lwr  τ_upr
-81.9487 -0.174471 -0.871569 0.522627
-80.0597 -0.154114 -0.846831 0.538603
-78.1707 -0.133757 -0.822095 0.554581
-76.2817 -0.1134 -0.797361 0.570561
-74.3927 -0.093043 -0.772629 0.586543
-72.5037 -0.072686 -0.747899 0.602527
-70.6147 -0.052329 -0.723171 0.618514
-68.7257 -0.0319719 -0.698446 0.634502
-66.8367 -0.0116149 -0.673722 0.650492
-64.9477 0.00874213 -0.649 0.666484
-63.0587 0.0290992 -0.624281 0.682479
-61.1697 0.0494562 -0.599563 0.698476
-59.2808 0.0698132 -0.574849 0.714475
-57.3918 0.0901703 -0.550136 0.730476
-55.5028 0.110527 -0.525426 0.74648
-53.6138 0.130884 -0.500718 0.762487
-51.7248 0.151241 -0.476013 0.778495
-49.8358 0.171598 -0.45131 0.794507
-47.9468 0.191955 -0.42661 0.810521
-46.0578 0.212312 -0.401912 0.826537
-44.1688 0.232669 -0.377217 0.842556
-42.2798 0.253027 -0.352525 0.858578
-40.3908 0.273384 -0.327836 0.874603
-38.5018 0.293741 -0.30315 0.890631
-36.6128 0.314098 -0.278466 0.906661
-34.7238 0.334455 -0.253786 0.922695
-32.8348 0.354812 -0.229108 0.938732
-30.9458 0.375169 -0.204434 0.954772
-29.0568 0.395526 -0.179763 0.970815
-27.1679 0.415883 -0.155095 0.986861
-25.2789 0.43624 -0.130431 1.00291
-23.3899 0.456597 -0.10577 1.01896
-21.5009 0.476954 -0.0811127 1.03502
-19.6119 0.497311 -0.0564589 1.05108
-17.7229 0.517668 -0.0318087 1.06714
-15.8339 0.538025 -0.00716231 1.08321
-13.9449 0.558382 0.0174802 1.09928
-12.0559 0.578739 0.0421188 1.11536
-10.1669 0.599096 0.0667533 1.13144
-8.27791 0.619453 0.0913837 1.14752
-6.38892 0.63981 0.11601 1.16361
-4.49993 0.660167 0.140632 1.1797
-2.61093 0.680524 0.165249 1.1958
-0.721937 0.700881 0.189862 1.2119
1.16706 0.721238 0.21447 1.22801
3.05605 0.741595 0.239073 1.24412
4.94504 0.761952 0.263672 1.26023
6.83404 0.782309 0.288265 1.27635
8.72303 0.802666 0.312853 1.29248
10.612 0.823023 0.337436 1.30861
12.501 0.84338 0.362013 1.32475
14.39 0.863737 0.386585 1.34089
16.279 0.884094 0.411151 1.35704
18.168 0.904451 0.435711 1.37319
20.057 0.924809 0.460265 1.38935
21.946 0.945166 0.484813 1.40552
23.835 0.965523 0.509354 1.42169
25.724 0.98588 0.533889 1.43787
27.613 1.00624 0.558417 1.45406
29.502 1.02659 0.582938 1.47025
31.391 1.04695 0.607452 1.48645
33.28 1.06731 0.631958 1.50266
35.1689 1.08766 0.656457 1.51887
37.0579 1.10802 0.680948 1.5351
38.9469 1.12838 0.705432 1.55133
40.8359 1.14874 0.729906 1.56757
42.7249 1.16909 0.754373 1.58381
44.6139 1.18945 0.77883 1.60007
46.5029 1.20981 0.803279 1.61633
48.3919 1.23016 0.827718 1.63261
50.2809 1.25052 0.852148 1.64889
52.1699 1.27088 0.876568 1.66519
54.0589 1.29124 0.900977 1.68149
55.9479 1.31159 0.925376 1.69781
57.8369 1.33195 0.949765 1.71413
59.7259 1.35231 0.974142 1.73047
61.6149 1.37266 0.998507 1.74682
63.5039 1.39302 1.02286 1.76318
65.3929 1.41338 1.0472 1.77955
67.2818 1.43373 1.07153 1.79594
69.1708 1.45409 1.09585 1.81234
71.0598 1.47445 1.12015 1.82875
72.9488 1.49481 1.14444 1.84518
74.8378 1.51516 1.16871 1.86162
76.7268 1.53552 1.19297 1.87807
78.6158 1.55588 1.21721 1.89454
80.5048 1.57623 1.24144 1.91103
82.3938 1.59659 1.26565 1.92754
84.2828 1.61695 1.28984 1.94406
86.1718 1.6373 1.31401 1.9606
88.0608 1.65766 1.33817 1.97715
89.9498 1.67802 1.36231 1.99373
91.8388 1.69838 1.38642 2.01033
93.7278 1.71873 1.41052 2.02695
95.6168 1.73909 1.43459 2.04358
97.5058 1.75945 1.45865 2.06025
99.3947 1.7798 1.48268 2.07693
101.284 1.80016 1.50668 2.09364
103.173 1.82052 1.53067 2.11037
105.062 1.84087 1.55462 2.12713
106.951 1.86123 1.57855 2.14391
108.84 1.88159 1.60245 2.16073
110.729 1.90195 1.62633 2.17757
112.618 1.9223 1.65017 2.19444
114.507 1.94266 1.67398 2.21134
116.396 1.96302 1.69776 2.22827
118.285 1.98337 1.72151 2.24524
120.174 2.00373 1.74522 2.26224
122.063 2.02409 1.76889 2.27928
123.952 2.04445 1.79253 2.29636
125.841 2.0648 1.81613 2.31348
127.73 2.08516 1.83969 2.33063
129.619 2.10552 1.8632 2.34783
131.508 2.12587 1.88667 2.36507
133.397 2.14623 1.9101 2.38236
135.286 2.16659 1.93348 2.3997
137.175 2.18694 1.95681 2.41708
139.064 2.2073 1.98009 2.43452
140.953 2.22766 2.00331 2.45201
142.842 2.24802 2.02648 2.46955
144.731 2.26837 2.04959 2.48715
146.62 2.28873 2.07264 2.50482
148.509 2.30909 2.09563 2.52254
150.398 2.32944 2.11856 2.54033
152.287 2.3498 2.14142 2.55818
154.176 2.37016 2.16421 2.57611
156.065 2.39051 2.18693 2.5941
157.954 2.41087 2.20957 2.61217
159.843 2.43123 2.23214 2.63032
161.732 2.45159 2.25463 2.64854
163.621 2.47194 2.27704 2.66685
165.51 2.4923 2.29936 2.68524
167.399 2.51266 2.32159 2.70372
169.288 2.53301 2.34374 2.72229
171.177 2.55337 2.36579 2.74095
173.066 2.57373 2.38775 2.7597
174.955 2.59409 2.40961 2.77856
176.844 2.61444 2.43138 2.79751
178.732 2.6348 2.45304 2.81656
180.621 2.65516 2.47459 2.83572
182.51 2.67551 2.49604 2.85498
184.399 2.69587 2.51738 2.87436
186.288 2.71623 2.53862 2.89384
188.177 2.73658 2.55974 2.91343
190.066 2.75694 2.58075 2.93314
191.955 2.7773 2.60164 2.95296
193.844 2.79766 2.62242 2.97289
195.733 2.81801 2.64308 2.99295
197.622 2.83837 2.66362 3.01312
199.511 2.85873 2.68405 3.0334
201.4 2.87908 2.70436 3.0538
203.289 2.89944 2.72456 3.07432
205.178 2.9198 2.74463 3.09496
207.067 2.94015 2.76459 3.11572
208.956 2.96051 2.78444 3.13658
210.845 2.98087 2.80417 3.15757
212.734 3.00123 2.82379 3.17866
214.623 3.02158 2.84329 3.19987
216.512 3.04194 2.86269 3.22119
218.401 3.0623 2.88197 3.24262
220.29 3.08265 2.90115 3.26415
222.179 3.10301 2.92023 3.28579
224.068 3.12337 2.9392 3.30753
225.957 3.14372 2.95808 3.32937
227.846 3.16408 2.97685 3.35131
229.735 3.18444 2.99553 3.37335
231.624 3.2048 3.01412 3.39547
233.513 3.22515 3.03262 3.41769
235.402 3.24551 3.05103 3.43999
237.291 3.26587 3.06935 3.46238
239.18 3.28622 3.08759 3.48485
241.069 3.30658 3.10576 3.50741
242.958 3.32694 3.12384 3.53003
244.847 3.3473 3.14185 3.55274
246.736 3.36765 3.15979 3.57551
248.625 3.38801 3.17766 3.59836
250.514 3.40837 3.19546 3.62127
252.403 3.42872 3.2132 3.64425
254.292 3.44908 3.23088 3.66728
256.181 3.46944 3.24849 3.69038
258.07 3.48979 3.26605 3.71354
259.959 3.51015 3.28355 3.73675
261.848 3.53051 3.301 3.76002
263.737 3.55087 3.31839 3.78334
265.626 3.57122 3.33574 3.80671
267.515 3.59158 3.35304 3.83012
269.404 3.61194 3.37029 3.85359
271.293 3.63229 3.38749 3.87709
273.182 3.65265 3.40466 3.90064
275.071 3.67301 3.42178 3.92423
276.96 3.69336 3.43887 3.94786
278.849 3.71372 3.45592 3.97153
280.738 3.73408 3.47293 3.99523
282.627 3.75444 3.4899 4.01897
284.516 3.77479 3.50684 4.04274
286.405 3.79515 3.52375 4.06655
288.294 3.81551 3.54063 4.09039
290.183 3.83586 3.55748 4.11425
292.072 3.85622 3.57429 4.13815
293.961 3.87658 3.59108 4.16207
295.85 3.89694 3.60785 4.18602
297.739 3.91729 3.62459 4.21
299.628 3.93765 3.6413 4.234
301.517 3.95801 3.65799 4.25802
303.406 3.97836 3.67465 4.28207
305.295 3.99872 3.6913 4.30614
307.184 4.01908 3.70792 4.33024
309.073 4.03943 3.72452 4.35435
310.962 4.05979 3.7411 4.37848
312.851 4.08015 3.75766 4.40263
314.74 4.10051 3.77421 4.4268
316.629 4.12086 3.79073 4.45099
318.518 4.14122 3.80724 4.4752
320.407 4.16158 3.82373 4.49942
322.296 4.18193 3.84021 4.52366
324.185 4.20229 3.85666 4.54792
326.074 4.22265 3.87311 4.57219
327.963 4.243 3.88954 4.59647
329.852 4.26336 3.90595 4.62077
331.741 4.28372 3.92236 4.64508
333.63 4.30408 3.93874 4.66941
335.519 4.32443 3.95512 4.69375
337.408 4.34479 3.97148 4.7181
339.297 4.36515 3.98783 4.74246
341.186 4.3855 4.00417 4.76683
343.075 4.40586 4.0205 4.79122
344.964 4.42622 4.03682 4.81562
346.853 4.44657 4.05312 4.84003
348.742 4.46693 4.06942 4.86444
350.631 4.48729 4.08571 4.88887
352.52 4.50765 4.10198 4.91331
354.409 4.528 4.11825 4.93775
356.298 4.54836 4.13451 4.96221
358.187 4.56872 4.15076 4.98667
360.076 4.58907 4.167 5.01115
361.965 4.60943 4.18323 5.03563
363.854 4.62979 4.19946 5.06012
365.743 4.65015 4.21567 5.08462
367.632 4.6705 4.23188 5.10912
369.521 4.69086 4.24809 5.13363
371.41 4.71122 4.26428 5.15815
373.299 4.73157 4.28047 5.18268
375.188 4.75193 4.29665 5.20721
377.077 4.77229 4.31282 5.23175
378.966 4.79264 4.32899 5.2563
380.855 4.813 4.34515 5.28085
382.744 4.83336 4.36131 5.30541
384.633 4.85372 4.37746 5.32998
386.522 4.87407 4.3936 5.35455
388.411 4.89443 4.40974 5.37912
