# Cellular [Fura] for dataset DA_130514_E5.h5

# Loading curve with 176 elements
#    Time   AMPLITUDE
    0.021 2.31448079
   30.021 3.12634149
   60.021 3.86620415
   90.021 3.41463488
  120.021 3.76106894
  150.021 3.73757168
  180.021 3.98941418
  210.021 2.61874028
  240.021 3.06187463
  270.021 3.58634568
  300.021 4.24426915
  330.021 3.30678845
  360.021 4.22679683
  390.021 2.92781971
  420.021 3.74178914
  450.021 2.68290589
  480.021 4.98262558
  510.021 4.64703641
  540.021 3.55712472
  570.021 3.8210171
  600.021 4.64884389
  630.021 3.57459704
  660.021 5.53782382
  690.021 4.81663847
  720.021 5.75381793
  750.021 6.74552309
  780.021 7.08020852
  810.021 8.45419614
  840.021 10.2637869
  870.021 11.4235879
  900.021 11.7088689
  930.021 14.262841
  960.021 14.9096184
  990.021 16.5571383
 1200.021 27.7800957
 1230.021 30.9814477
 1260.021 31.4137372
 1290.021 33.4055824
 1320.021 36.0155865
 1350.021 36.7879839
 1380.021 38.5728724
 1410.021 41.7567521
 1440.021 43.0777202
 1620.021 55.5951361
 1650.021 58.8940921
 1680.021 60.042747
 1710.021 62.8280768
 1740.021 64.3581104
 1770.021 67.8833029
 1800.021 69.4226752
 1830.021 72.8855096
 2010.021 86.8727096
 2040.021 89.6803317
 2070.021 91.2004242
 2100.021 95.6392989
 2130.021 97.1557763
 2160.021 99.7202921
 2190.021 104.576394
 2220.021 106.314288
 2430.021 119.059145
 2460.021 120.531339
 2490.021 121.919184
 2520.021  125.0151
 2550.021 126.825293
 2580.021 128.471608
 2610.021 131.642534
 2640.021 132.724915
 2670.021 135.279188
 2700.021 135.619597
 2940.021 144.014448
 2970.021 143.94486
 3000.021 145.03447
 3030.021 151.050976
 3060.021 149.914069
 3090.021 150.549098
 3120.021 152.578298
 3150.021 152.036053
 3180.021 153.369674
 3360.021  159.4636
 3390.021 159.982949
 3420.021 162.141987
 3450.021 163.490368
 3480.021 164.390193
 3510.021 162.665855
 3540.021 164.405557
 3570.021 165.340628
 3600.021 166.837825
 3630.021 167.089065
 3660.021 167.15052
 3690.021 168.605543
 3720.021 170.042491
 3750.021 170.455501
 3780.021 170.775425
 3810.021 171.454436
 3840.021 173.912611
 3870.021 175.367333
 3900.021 177.93938
 3930.021 176.199679
 3960.021 177.566738
 3990.021 177.641748
 4020.021 176.674745
 4050.021 179.727281
 4080.021 179.191965
 4110.021 180.098417
 4140.021 181.426917
 4170.021 180.017984
 4200.021 182.779817
 4230.021 184.317081
 4260.021 185.525684
 4290.021 183.628731
 4320.021 182.706012
 4350.021 187.828114
 4380.021 183.475698
 4410.021 186.42099
 4440.021 186.022741
 4470.021 186.824962
 4500.021 188.659556
 4530.021 188.456214
 4560.021 190.727316
 4590.021 192.154925
 4620.021 189.13161
 4650.021 191.052662
 4680.021 191.870548
 4710.021 190.953251
 4740.021 190.821907
 4770.021 192.476657
 4800.021 193.815098
 4830.021 191.301493
 4860.021 192.480875
 4890.021 192.917382
 4920.021 197.258652
 4950.021 195.444241
 4980.021 194.50405
 5010.021 193.865105
 5040.021 195.469546
 5070.021 195.393632
 5100.021 198.041292
 5130.021 197.343905
 5160.021 196.484146
 5190.021 195.170107
 5220.021 195.909668
 5250.021 195.851226
 5280.021 194.927302
 5310.021 196.171753
 5340.021 195.640956
 5370.021 198.450988
 5400.021 199.858113
 5430.021 198.277168
 5460.021 197.598158
 5490.021 196.808288
 5520.021 198.797723
 5550.021 193.876853
 5580.021 196.007272
 5610.021 195.910271
 5640.021 197.032114
 5670.021 196.963731
 5700.021 197.323119
 5730.021 196.75557
 5760.021 196.867332
 5790.021       200
 5820.021 196.962225
 5850.021 198.09401
 5880.021 197.591229
 5910.021 197.229431
 5940.021 197.000785
 5970.021 196.079873
 6000.021 197.128212
 6030.021 194.729081
 6060.021 196.247968
 6090.021 196.164222
 6120.021 198.140703
 6150.021 199.665013
 6180.021 194.489891
 6210.021 197.998214
 6240.021 196.704358
 6270.021 187.658211


# Stim 1 with 200 elements
#    Time   AMPLITUDE
 1535.015 51.1231242
 1535.115 51.8988352
 1535.215 50.7384317
 1535.315 50.5760596
 1535.415 51.8376821
 1535.515 51.1255341
 1535.615 50.9462922
 1535.715 51.0429925
 1535.815  50.16064
 1535.915 50.0952694
 1536.015 50.3808515
 1536.115 51.643679
 1536.215 50.5284626
 1536.315 51.6963972
 1536.415 50.8318183
 1536.515 50.9836468
 1536.615 50.0642409
 1536.715 50.5585873
 1536.815 51.0929995
 1536.915 49.1135054
 1537.015 49.1306764
 1537.115 48.3218282
 1537.215 50.5137015
 1537.315 51.0098553
 1537.415 49.882589
 1537.515 50.2787288
 1537.615 50.3841653
 1537.715 50.691136
 1537.815 50.7546991
 1537.915 50.1121392
 1538.015 49.6925021
 1538.115 49.3436581
 1538.215 50.3281333
 1538.315 50.0576135
 1538.415 51.2137995
 1538.515 51.2068708
 1538.615 50.1639537
 1538.715 50.3769353
 1538.815  49.27407
 1538.915 50.8098273
 1539.015 50.8453744
 1539.115 50.4040476
 1539.215 50.8285046
 1539.315 50.0886419
 1539.415 50.0329112
 1539.515 50.3600655
 1539.615 49.9657332
 1539.715 50.9188787
 1539.815 50.7336118
 1539.915 51.0366663
 1540.015 51.1794574
 1540.115 49.9292823
 1540.215 50.8447719
 1540.315 50.3453044
 1540.415 51.2445267
 1540.515 50.5992556
 1540.615 50.8224797
 1540.715 50.207032
 1540.815 51.0309426
 1540.915 51.0773346
 1541.015 50.7908487
 1541.115 49.6123704
 1541.215 51.5394475
 1541.315 50.5091828
 1541.415 51.5210715
 1541.515 50.9978054
 1541.615 51.019194
 1541.715 50.8727879
 1541.815 51.1134843
 1541.915 50.7715689
 1542.015 50.355848
 1542.115 49.4837379
 1542.215 50.5085803
 1542.315 51.4798006
 1542.415 51.1089656
 1542.515 51.4439522
 1542.615 51.2851951
 1542.715 51.3499632
 1542.815 51.5225777
 1542.915 50.4998441
 1543.015 50.7637365
 1543.115 50.6167279
 1543.215 51.2845926
 1543.315 51.6331354
 1543.415 50.9071301
 1543.515 50.8751979
 1543.615 50.0003766
 1543.715 49.6030317
 1543.815 51.3472519
 1543.915 50.4233274
 1544.015 52.0771735
 1544.115 51.622893
 1544.215 50.4380885
 1544.315 51.6009019
 1544.415 50.0952694
 1544.515 50.1895597
 1544.615 50.3115647
 1544.715 51.5575224
 1544.815 51.3457457
 1544.915 52.4308375
 1545.015 49.7554627
 1545.115 50.9173725
 1545.215 50.2919837
 1545.315 51.6138556
 1545.415 50.9116488
 1545.515 51.4547971
 1545.615 51.2113895
 1545.715 50.635104
 1545.815 51.2725427
 1545.915 51.5117328
 1546.015 51.4876331
 1546.115 50.2693901
 1546.215 49.9711556
 1546.315 51.0821546
 1546.415 51.2457317
 1546.515 51.5698735
 1546.615 50.9532209
 1546.715 50.1115367
 1546.815 50.0702659
 1546.915 49.8871077
 1547.015 51.3246584
 1547.115 50.8544118
 1547.215 51.2966425
 1547.315 50.0949681
 1547.415 50.2467966
 1547.515 52.019334
 1547.615 51.5099253
 1547.715 50.6745674
 1547.815 51.3852091
 1547.915 51.7491155
 1548.015 51.0939032
 1548.115 51.9581809
 1548.215 50.9484009
 1548.315 50.9664757
 1548.415 51.8533469
 1548.515 49.6111654
 1548.615 51.8440083
 1548.715 52.3016025
 1548.815 51.816896
 1548.915 51.1984359
 1549.015 50.3944077
 1549.115 49.8705391
 1549.215 49.3635404
 1549.315 51.2945337
 1549.415 50.9682832
 1549.515 51.1652988
 1549.615 50.8565206
 1549.715 51.4312999
 1549.815 50.9011051
 1549.915 52.099767
 1550.015 52.4205951
 1550.115 52.0642198
 1550.215 51.3891253
 1550.315 50.4769493
 1550.415 50.6947509
 1550.515 50.9303261
 1550.615 51.1396928
 1550.715 51.4939592
 1550.815 51.771709
 1550.915 51.724112
 1551.015 51.9822807
 1551.115 51.5195652
 1551.215 50.5923269
 1551.315 51.8238247
 1551.415 52.7143109
 1551.515 51.0339551
 1551.615 51.6352441
 1551.715 51.0556448
 1551.815 51.4511822
 1551.915 49.9042788
 1552.015 51.8042437
 1552.115 50.509484
 1552.215 48.5643321
 1552.315 52.2555117
 1552.415 51.7376681
 1552.515 50.886344
 1552.615 52.1747775
 1552.715 51.7138696
 1552.815 51.794905
 1552.915 50.7040896
 1553.015 52.3904704
 1553.115 51.2812789
 1553.215 52.4959068
 1553.315 51.4966705
 1553.415 50.4037463
 1553.515 51.4234674
 1553.615 50.0467686
 1553.715 51.9126926
 1553.815 52.3097362
 1553.915 51.0071441
 1554.015 50.6507689
 1554.115 51.5081179
 1554.215 51.1228229
 1554.315 50.8110323
 1554.415 50.9728019
 1554.515 50.7263819
 1554.615 50.6079918
 1554.715 50.2748126
 1554.815 51.8081599
 1554.915 51.7894826


# Stim 2 with 200 elements
#    Time   AMPLITUDE
 1925.015 81.4189337
 1925.115 81.2137845
 1925.215 82.8161173
 1925.315 80.8830152
 1925.415 83.0191578
 1925.515 81.3011461
 1925.615 81.2622852
 1925.715 81.7837438
 1925.815 81.0526173
 1925.915 80.222983
 1926.015 82.6410928
 1926.115 81.6575213
 1926.215 83.0354251
 1926.315 82.446186
 1926.415 80.6272565
 1926.515 82.6516364
 1926.615 80.7926411
 1926.715 81.1101555
 1926.815 80.2769063
 1926.915 81.0324338
 1927.015 80.1347177
 1927.115 80.0783845
 1927.215 79.4575144
 1927.315 79.0499272
 1927.415 80.0946518
 1927.515 79.9458358
 1927.615 81.1360627
 1927.715 79.4032899
 1927.815 82.0045579
 1927.915 80.5811657
 1928.015 80.9239848
 1928.115 78.6712597
 1928.215 79.1529537
 1928.315 79.5792182
 1928.415 81.9473209
 1928.515 79.1514474
 1928.615 81.7801288
 1928.715 80.9077175
 1928.815 81.4834005
 1928.915 80.5414011
 1929.015 81.2767451
 1929.115 80.7646252
 1929.215 81.5767871
 1929.315 81.0390612
 1929.415 80.2696763
 1929.515 81.1399789
 1929.615 83.452351
 1929.715 82.2175395
 1929.815 80.3178758
 1929.915 80.499829
 1930.015 81.5032828
 1930.115 82.0018466
 1930.215 82.419375
 1930.315 81.1917934
 1930.415 82.3892503
 1930.515 80.6700336
 1930.615 81.8409807
 1930.715  81.03394
 1930.815 83.2812427
 1930.915 80.6612974
 1931.015 81.8626705
 1931.115 80.6959408
 1931.215 82.0370925
 1931.315 81.9262336
 1931.415 81.2411979
 1931.515 81.9063513
 1931.615 83.0363289
 1931.715 80.5154939
 1931.815 82.1359016
 1931.915 82.9995767
 1932.015 82.8212385
 1932.115 82.1780761
 1932.215 81.0941894
 1932.315 80.2639526
 1932.415 82.0319713
 1932.515 82.4040114
 1932.615 81.512019
 1932.715 82.4720932
 1932.815 82.5528274
 1932.915 82.4630558
 1933.015 82.0476362
 1933.115 82.2805001
 1933.215 81.5071991
 1933.315 81.6942734
 1933.415 81.1734174
 1933.515 82.3871416
 1933.615 82.0696272
 1933.715 82.2383255
 1933.815 81.5087053
 1933.915 80.3443856
 1934.015 81.2836738
 1934.115 81.6915622
 1934.215 81.687646
 1934.315 80.954712
 1934.415 82.2154308
 1934.515 81.0270113
 1934.615 81.7524141
 1934.715 80.7477553
 1934.815 81.5093078
 1934.915 81.0077315
 1935.015 82.5211965
 1935.115 80.3931876
 1935.215 81.3535631
 1935.315 83.1911698
 1935.415 81.7566316
 1935.515 83.1215818
 1935.615 82.2244682
 1935.715 81.6038993
 1935.815 81.0387599
 1935.915 84.0476151
 1936.015 81.9298486
 1936.115 82.8414221
 1936.215 83.1589364
 1936.315 82.120538
 1936.415 82.2407355
 1936.515 82.8953453
 1936.615 81.4885217
 1936.715 81.7418705
 1936.815 83.0845284
 1936.915 81.8735154
 1937.015 82.6422978
 1937.115 83.1236905
 1937.215 82.6441053
 1937.315 82.4196762
 1937.415 81.5135252
 1937.515 82.0163065
 1937.615 82.9134201
 1937.715 82.7471318
 1937.815 81.5053916
 1937.915 80.5218201
 1938.015 82.4398598
 1938.115 80.7254631
 1938.215 82.1298766
 1938.315 81.9352711
 1938.415 81.0908757
 1938.515 81.8096511
 1938.615 82.2618228
 1938.715 83.5065755
 1938.815 81.7451842
 1938.915 80.8287908
 1939.015 81.1541376
 1939.115 82.9989743
 1939.215 82.9378211
 1939.315 83.3071499
 1939.415 81.9171962
 1939.515 82.6676025
 1939.615 83.7758903
 1939.715 81.9542496
 1939.815 80.8218621
 1939.915 82.0934257
 1940.015 82.7838839
 1940.115 84.6561341
 1940.215 82.2265769
 1940.315 81.6870435
 1940.415 82.7151996
 1940.515 81.7385568
 1940.615 83.6565965
 1940.715 81.7725977
 1940.815 83.1441753
 1940.915 81.6186604
 1941.015 83.4628947
 1941.115 82.346172
 1941.215 83.4107789
 1941.315 82.1175255
 1941.415 81.9554546
 1941.515 83.8017975
 1941.615 83.4634971
 1941.715 83.0860346
 1941.815 81.566846
 1941.915 82.2118158
 1942.015 81.4722544
 1942.115 83.4713296
 1942.215 81.7617528
 1942.315  83.05109
 1942.415  83.04627
 1942.515 81.8930965
 1942.615 82.5883746
 1942.715 83.0492825
 1942.815 83.0739848
 1942.915 83.1950861
 1943.015 82.1030656
 1943.115 82.0910158
 1943.215 82.8408196
 1943.315 82.8459408
 1943.415 82.3259884
 1943.515 82.7341781
 1943.615 84.284094
 1943.715 82.8525682
 1943.815 83.3432996
 1943.915 82.7173083
 1944.015 82.1075843
 1944.115 84.232882
 1944.215 81.7298206
 1944.315 80.2666639
 1944.415 83.6385217
 1944.515 82.8200335
 1944.615 81.7966974
 1944.715 83.5038642
 1944.815 82.6618788
 1944.915 83.2773265


# Stim 3 with 200 elements
#    Time   AMPLITUDE
 2340.015 114.386503
 2340.115 115.962025
 2340.215 115.555341
 2340.315 115.617699
 2340.415 115.724642
 2340.515 115.807184
 2340.615 115.945456
 2340.715 115.546003
 2340.815 117.181473
 2340.915 115.325189
 2341.015 115.778565
 2341.115 116.076499
 2341.215 116.993796
 2341.315 117.621293
 2341.415 116.216579
 2341.515 115.864421
 2341.615 114.342822
 2341.715 115.488766
 2341.815 113.777381
 2341.915 114.718176
 2342.015 113.063727
 2342.115 113.225798
 2342.215 113.42673
 2342.315 113.243873
 2342.415 113.153198
 2342.515 114.76758
 2342.615 112.751635
 2342.715 114.40759
 2342.815 113.983736
 2342.915 113.62977
 2343.015 112.943831
 2343.115 113.280926
 2343.215 113.874684
 2343.315 115.59842
 2343.415 114.599183
 2343.515 115.483343
 2343.615 115.921356
 2343.715 115.340251
 2343.815 112.467559
 2343.915 115.85689
 2344.015 112.910995
 2344.115  115.2797
 2344.215 114.952847
 2344.315 114.57659
 2344.415 113.886734
 2344.515 116.986566
 2344.615 114.474768
 2344.715 113.94849
 2344.815 116.040952
 2344.915 115.33754
 2345.015 114.569962
 2345.115 114.463622
 2345.215 113.619829
 2345.315 114.647383
 2345.415 114.415121
 2345.515 114.603702
 2345.615 115.754466
 2345.715 116.415703
 2345.815 114.897117
 2345.915 114.558214
 2346.015 115.56227
 2346.115 114.624187
 2346.215 115.086902
 2346.315 113.617118
 2346.415 115.619507
 2346.515 115.502623
 2346.615 115.605951
 2346.715 114.373549
 2346.815 115.21674
 2346.915 114.666964
 2347.015 115.84484
 2347.115 115.767419
 2347.215 113.502644
 2347.315 114.965198
 2347.415 115.619507
 2347.515 115.771335
 2347.615 117.24594
 2347.715 115.461654
 2347.815 116.851005
 2347.915 115.214631
 2348.015 115.26283
 2348.115 114.491036
 2348.215 115.702651
 2348.315 114.862473
 2348.415 113.898182
 2348.515 115.012795
 2348.615 115.592696
 2348.715 114.014162
 2348.815 115.482741
 2348.915 116.456672
 2349.015 115.651439
 2349.115 114.930856
 2349.215 116.209349
 2349.315 114.572071
 2349.415 115.457135
 2349.515 114.865486
 2349.615 114.776015
 2349.715 114.914288
 2349.815 116.160848
 2349.915 115.09112
 2350.015 116.792262
 2350.115 115.833995
 2350.215 115.263132
 2350.315 117.964715
 2350.415 114.759145
 2350.515 115.237224
 2350.615 115.113412
 2350.715 117.123935
 2350.815 115.437554
 2350.915 115.444181
 2351.015  115.0622
 2351.115 117.317335
 2351.215 114.806743
 2351.315 114.215696
 2351.415 116.98265
 2351.515 115.809594
 2351.615 116.361478
 2351.715 115.79905
 2351.815 115.372786
 2351.915 116.006609
 2352.015 115.365556
 2352.115 116.224712
 2352.215 116.469024
 2352.315 115.607758
 2352.415 115.495694
 2352.515 116.290083
 2352.615 116.583196
 2352.715 115.272169
 2352.815 113.822267
 2352.915 115.755972
 2353.015 114.412711
 2353.115 116.608802
 2353.215 115.408935
 2353.315  115.6903
 2353.415 115.788808
 2353.515 115.409237
 2353.615 115.561969
 2353.715 115.212522
 2353.815 117.537547
 2353.915 116.243088
 2354.015 115.631256
 2354.115 115.665899
 2354.215 116.034927
 2354.315 116.252126
 2354.415 115.639992
 2354.515 115.431228
 2354.615 115.670116
 2354.715 116.659412
 2354.815 114.716971
 2354.915 116.897397
 2355.015 115.469787
 2355.115 115.218547
 2355.215 116.435284
 2355.315 115.638184
 2355.415 115.980401
 2355.515 115.755068
 2355.615 116.027998
 2355.715 115.767118
 2355.815 116.542528
 2355.915 116.746773
 2356.015 115.426106
 2356.115 116.012032
 2356.215 116.907639
 2356.315 115.246864
 2356.415 114.299443
 2356.515 115.513769
 2356.615 117.94664
 2356.715 115.048945
 2356.815 115.904185
 2356.915 117.085375
 2357.015 115.128776
 2357.115 115.394174
 2357.215 116.29912
 2357.315 116.132832
 2357.415 117.132369
 2357.515 115.09835
 2357.615 117.190811
 2357.715 117.643284
 2357.815 116.650977
 2357.915 115.912018
 2358.015 116.736531
 2358.115 115.481837
 2358.215 116.916375
 2358.315 114.27956
 2358.415 116.182236
 2358.515 116.210855
 2358.615 116.215374
 2358.715 116.214169
 2358.815 115.064309
 2358.915 115.517987
 2359.015 117.049527
 2359.115 115.43183
 2359.215 115.486356
 2359.315 113.588198
 2359.415 116.572954
 2359.515 115.82556
 2359.615 116.441008
 2359.715 116.381361
 2359.815 116.729301
 2359.915 115.366158


# Stim 4 with 200 elements
#    Time   AMPLITUDE
 2780.015 143.207708
 2780.115 141.431556
 2780.215 141.462584
 2780.315 142.532011
 2780.415 143.742422
 2780.515 142.510321
 2780.615  142.9158
 2780.715 141.593024
 2780.815 142.128642
 2780.915 142.523275
 2781.015 141.221286
 2781.115 140.894433
 2781.215 142.147018
 2781.315 141.537595
 2781.415 141.854205
 2781.515 141.618329
 2781.615 141.694846
 2781.715 139.722883
 2781.815 140.966129
 2781.915 140.273562
 2782.015 140.605838
 2782.115 140.435332
 2782.215  137.7461
 2782.315 137.790986
 2782.415 139.276134
 2782.515 138.470599
 2782.615 139.736439
 2782.715 139.309572
 2782.815 140.310013
 2782.915 138.448307
 2783.015 139.306258
 2783.115 139.914476
 2783.215 137.782551
 2783.315 140.026841
 2783.415 141.39149
 2783.515 139.829223
 2783.615 139.250528
 2783.715 139.971713
 2783.815 140.100948
 2783.915 138.299189
 2784.015 140.139507
 2784.115 139.473149
 2784.215 138.837217
 2784.315 141.346604
 2784.415 138.830589
 2784.515 139.435493
 2784.615 141.089038
 2784.715  140.5968
 2784.815 140.884491
 2784.915 139.686131
 2785.015 141.133924
 2785.115 138.421797
 2785.215 141.26105
 2785.315 140.277479
 2785.415 138.805586
 2785.515 138.66641
 2785.615 138.67605
 2785.715 140.231388
 2785.815 139.836152
 2785.915 140.013887
 2786.015 139.337889
 2786.115 141.699967
 2786.215 141.621944
 2786.315 141.100184
 2786.415 139.890677
 2786.515 140.136194
 2786.615 140.238317
 2786.715 139.598769
 2786.815 140.00726
 2786.915 139.99521
 2787.015 140.221447
 2787.115 138.797452
 2787.215 139.490019
 2787.315 140.875755
 2787.415 139.843382
 2787.515 141.686411
 2787.615 140.614574
 2787.715 140.916424
 2787.815 140.904072
 2787.915 140.137399
 2788.015 142.366928
 2788.115 140.851354
 2788.215 142.61877
 2788.315 139.756321
 2788.415 138.891742
 2788.515 139.420431
 2788.615 139.836152
 2788.715 140.423583
 2788.815 140.237714
 2788.915 140.256994
 2789.015 141.383658
 2789.115 141.810826
 2789.215 141.898188
 2789.315 142.958878
 2789.415 139.68342
 2789.515 141.236348
 2789.615 141.144468
 2789.715 140.055761
 2789.815 141.755095
 2789.915 140.609754
 2790.015 140.643192
 2790.115 141.747865
 2790.215 141.107715
 2790.315 142.617264
 2790.415 143.577941
 2790.515 139.72951
 2790.615 141.799077
 2790.715 142.708843
 2790.815 140.704647
 2790.915 140.268742
 2791.015 141.299911
 2791.115 139.500261
 2791.215 140.55794
 2791.315 142.263901
 2791.415 143.646023
 2791.515 141.256531
 2791.615 142.238597
 2791.715 141.537896
 2791.815 140.77544
 2791.915 139.993403
 2792.015 142.536229
 2792.115 139.342709
 2792.215 141.756601
 2792.315 140.530827
 2792.415 139.335479
 2792.515 141.547235
 2792.615 140.28983
 2792.715 141.587602
 2792.815 141.017341
 2792.915 141.191763
 2793.015 140.994145
 2793.115 139.747886
 2793.215 139.35265
 2793.315 141.207127
 2793.415 142.060258
 2793.515 140.635661
 2793.615 141.033609
 2793.715 141.111029
 2793.815 140.162402
 2793.915 142.211183
 2794.015 139.987679
 2794.115 139.687336
 2794.215 143.286334
 2794.315 141.346906
 2794.415 143.248979
 2794.515 142.341623
 2794.615 141.448426
 2794.715 140.530526
 2794.815 140.604633
 2794.915 141.630379
 2795.015 142.109362
 2795.115 140.506728
 2795.215 140.238317
 2795.315 140.952272
 2795.415 141.865352
 2795.515 140.810686
 2795.615 143.054976
 2795.715   141.418
 2795.815 141.633994
 2795.915 141.205018
 2796.015 140.420872
 2796.115 141.858724
 2796.215 140.493774
 2796.315 141.306538
 2796.415 140.813397
 2796.515 139.104122
 2796.615 140.755256
 2796.715 140.894433
 2796.815 140.725734
 2796.915 143.081486
 2797.015 139.643354
 2797.115 143.860812
 2797.215 140.935101
 2797.315 139.870193
 2797.415 142.138884
 2797.515 141.691231
 2797.615 142.225342
 2797.715 141.489697
 2797.815 140.316339
 2797.915  141.4906
 2798.015 141.12097
 2798.115 142.135871
 2798.215 141.261954
 2798.315 141.126091
 2798.415 141.999105
 2798.515 143.009789
 2798.615 141.43487
 2798.715 140.314833
 2798.815 141.206524
 2798.915 141.277016
 2799.015 141.170676
 2799.115 139.875013
 2799.215 141.714126
 2799.315 141.056503
 2799.415 140.961912
 2799.515 140.287721
 2799.615 141.200801
 2799.715 141.801186
 2799.815 142.115085
 2799.915 141.353533


