# τ vs min κ linear regression for data set DA_120913_E7.h5
# Using stimulation: 1, 2, 3
# Best fit: tau = -0.0368993 + 0.0172296 kappa_Fura
# Covariance matrix:
# [ +3.15025e-02, -2.20589e-04  
#   -2.20589e-04, +1.69113e-06  ]
# Total sum of squares (TSS) = 175.538
# chisq (Residual sum of squares, RSS) = 0.00016647
# Probability of observing a larger of equal RSS per DOF under the null hypothesis: 0.989706
# R squared (1-RSS/TSS) = 0.999999
# Estimated gamma/v with standard error: 58.0398 +/- 4.38066
# Estimates kappa_S with standard error (using error propagation): -3.14163 +/- 10.3027
# kappa_S confidence intervals based on parametric bootstrap
# 0.95 CI for kappa_S: [-20.6793,19.9355]
# 0.99 CI for kappa_S: [-25.7473,29.3511]


# The data
# κ_Fura  τ   τ_SE
113.56 1.91964 0.0568146
212.349 3.62301 0.151921
256.843 4.38565 0.274299


# The fitted data
# Preticted values with lower and upper bounds of 0.95 CI
# κ_Fura  τ   τ_lwr  τ_upr
0 -0.0368993 -0.384778 0.31098
1.07874 -0.0183131 -0.363565 0.326939
2.15748 0.00027318 -0.342354 0.342901
3.23622 0.0188594 -0.321145 0.358864
4.31496 0.0374457 -0.299938 0.374829
5.39371 0.0560319 -0.278733 0.390797
6.47245 0.0746182 -0.25753 0.406766
7.55119 0.0932044 -0.236329 0.422738
8.62993 0.111791 -0.215131 0.438712
9.70867 0.130377 -0.193934 0.454688
10.7874 0.148963 -0.17274 0.470667
11.8662 0.167549 -0.151549 0.486647
12.9449 0.186136 -0.13036 0.502631
14.0236 0.204722 -0.109173 0.518617
15.1024 0.223308 -0.0879887 0.534605
16.1811 0.241894 -0.0668072 0.550596
17.2599 0.260481 -0.0456285 0.56659
18.3386 0.279067 -0.0244524 0.582586
19.4173 0.297653 -0.00327924 0.598586
20.4961 0.316239 0.017891 0.614588
21.5748 0.334826 0.0390583 0.630593
22.6536 0.353412 0.0602226 0.646601
23.7323 0.371998 0.0813836 0.662613
24.811 0.390584 0.102542 0.678627
25.8898 0.409171 0.123696 0.694645
26.9685 0.427757 0.144847 0.710667
28.0473 0.446343 0.165995 0.726691
29.126 0.464929 0.187139 0.74272
30.2048 0.483516 0.208279 0.758752
31.2835 0.502102 0.229416 0.774788
32.3622 0.520688 0.250548 0.790828
33.441 0.539274 0.271677 0.806872
34.5197 0.557861 0.292801 0.82292
35.5985 0.576447 0.313922 0.838972
36.6772 0.595033 0.335037 0.855029
37.7559 0.613619 0.356149 0.87109
38.8347 0.632206 0.377255 0.887156
39.9134 0.650792 0.398357 0.903226
40.9922 0.669378 0.419454 0.919302
42.0709 0.687964 0.440546 0.935383
43.1496 0.706551 0.461633 0.951468
44.2284 0.725137 0.482714 0.96756
45.3071 0.743723 0.50379 0.983656
46.3859 0.762309 0.52486 0.999759
47.4646 0.780896 0.545924 1.01587
48.5434 0.799482 0.566982 1.03198
49.6221 0.818068 0.588033 1.0481
50.7008 0.836654 0.609078 1.06423
51.7796 0.855241 0.630117 1.08036
52.8583 0.873827 0.651148 1.09651
53.9371 0.892413 0.672172 1.11265
55.0158 0.910999 0.693189 1.12881
56.0945 0.929586 0.714198 1.14497
57.1733 0.948172 0.7352 1.16114
58.252 0.966758 0.756193 1.17732
59.3308 0.985344 0.777177 1.19351
60.4095 1.00393 0.798153 1.20971
61.4882 1.02252 0.81912 1.22591
62.567 1.0411 0.840077 1.24213
63.6457 1.05969 0.861024 1.25835
64.7245 1.07828 0.881962 1.27459
65.8032 1.09686 0.902889 1.29084
66.882 1.11545 0.923805 1.30709
67.9607 1.13403 0.944709 1.32336
69.0394 1.15262 0.965602 1.33964
70.1182 1.17121 0.986483 1.35593
71.1969 1.18979 1.00735 1.37223
72.2757 1.20838 1.02821 1.38855
73.3544 1.22697 1.04905 1.40488
74.4331 1.24555 1.06988 1.42123
75.5119 1.26414 1.09069 1.43759
76.5906 1.28272 1.11149 1.45396
77.6694 1.30131 1.13227 1.47035
78.7481 1.3199 1.15304 1.48676
79.8268 1.33848 1.17378 1.50318
80.9056 1.35707 1.19451 1.51962
81.9843 1.37566 1.21523 1.53608
83.0631 1.39424 1.23592 1.55256
84.1418 1.41283 1.25659 1.56906
85.2206 1.43141 1.27725 1.58558
86.2993 1.45 1.29788 1.60212
87.378 1.46859 1.31849 1.61869
88.4568 1.48717 1.33907 1.63528
89.5355 1.50576 1.35963 1.65189
90.6143 1.52435 1.38017 1.66853
91.693 1.54293 1.40067 1.68519
92.7717 1.56152 1.42116 1.70188
93.8505 1.5801 1.44161 1.7186
94.9292 1.59869 1.46203 1.73535
96.008 1.61728 1.48242 1.75213
97.0867 1.63586 1.50278 1.76895
98.1654 1.65445 1.52311 1.78579
99.2442 1.67304 1.5434 1.80267
100.323 1.69162 1.56365 1.81959
101.402 1.71021 1.58387 1.83655
102.48 1.72879 1.60404 1.85354
103.559 1.74738 1.62418 1.87058
104.638 1.76597 1.64427 1.88766
105.717 1.78455 1.66432 1.90478
106.795 1.80314 1.68433 1.92195
107.874 1.82173 1.70429 1.93917
108.953 1.84031 1.72419 1.95643
110.032 1.8589 1.74405 1.97374
111.11 1.87748 1.76386 1.99111
112.189 1.89607 1.78361 2.00853
113.268 1.91466 1.8033 2.02601
114.347 1.93324 1.82294 2.04355
115.425 1.95183 1.84252 2.06114
116.504 1.97042 1.86204 2.07879
117.583 1.989 1.88149 2.09651
118.662 2.00759 1.90089 2.11429
119.74 2.02617 1.92021 2.13214
120.819 2.04476 1.93947 2.15005
121.898 2.06335 1.95867 2.16803
122.976 2.08193 1.97779 2.18608
124.055 2.10052 1.99684 2.2042
125.134 2.11911 2.01582 2.22239
126.213 2.13769 2.03473 2.24065
127.291 2.15628 2.05357 2.25898
128.37 2.17486 2.07234 2.27739
129.449 2.19345 2.09103 2.29587
130.528 2.21204 2.10964 2.31443
131.606 2.23062 2.12819 2.33306
132.685 2.24921 2.14666 2.35176
133.764 2.2678 2.16505 2.37054
134.843 2.28638 2.18338 2.38939
135.921 2.30497 2.20163 2.40831
137 2.32355 2.2198 2.4273
138.079 2.34214 2.23791 2.44637
139.158 2.36073 2.25595 2.4655
140.236 2.37931 2.27392 2.48471
141.315 2.3979 2.29182 2.50398
142.394 2.41649 2.30965 2.52332
143.473 2.43507 2.32742 2.54272
144.551 2.45366 2.34513 2.56218
145.63 2.47224 2.36278 2.58171
146.709 2.49083 2.38036 2.6013
147.788 2.50942 2.39788 2.62095
148.866 2.528 2.41535 2.64065
149.945 2.54659 2.43276 2.66041
151.024 2.56518 2.45012 2.68023
152.103 2.58376 2.46743 2.70009
153.181 2.60235 2.48469 2.72001
154.26 2.62093 2.50189 2.73998
155.339 2.63952 2.51905 2.75999
156.417 2.65811 2.53617 2.78004
157.496 2.67669 2.55324 2.80015
158.575 2.69528 2.57027 2.82029
159.654 2.71387 2.58726 2.84047
160.732 2.73245 2.60421 2.86069
161.811 2.75104 2.62112 2.88095
162.89 2.76962 2.638 2.90125
163.969 2.78821 2.65484 2.92158
165.047 2.8068 2.67165 2.94195
166.126 2.82538 2.68842 2.96234
167.205 2.84397 2.70517 2.98277
168.284 2.86256 2.72188 3.00323
169.362 2.88114 2.73857 3.02371
170.441 2.89973 2.75523 3.04423
171.52 2.91831 2.77186 3.06477
172.599 2.9369 2.78847 3.08533
173.677 2.95549 2.80505 3.10592
174.756 2.97407 2.82161 3.12653
175.835 2.99266 2.83815 3.14717
176.914 3.01125 2.85467 3.16782
177.992 3.02983 2.87116 3.1885
179.071 3.04842 2.88764 3.2092
180.15 3.067 2.9041 3.22991
181.229 3.08559 2.92054 3.25064
182.307 3.10418 2.93696 3.2714
183.386 3.12276 2.95336 3.29216
184.465 3.14135 2.96975 3.31295
185.543 3.15994 2.98612 3.33375
186.622 3.17852 3.00248 3.35457
187.701 3.19711 3.01882 3.3754
188.78 3.21569 3.03515 3.39624
189.858 3.23428 3.05146 3.4171
190.937 3.25287 3.06777 3.43797
192.016 3.27145 3.08406 3.45885
193.095 3.29004 3.10033 3.47975
194.173 3.30863 3.1166 3.50065
195.252 3.32721 3.13285 3.52157
196.331 3.3458 3.1491 3.5425
197.41 3.36438 3.16533 3.56344
198.488 3.38297 3.18155 3.58439
199.567 3.40156 3.19777 3.60535
200.646 3.42014 3.21397 3.62631
201.725 3.43873 3.23017 3.64729
202.803 3.45732 3.24635 3.66828
203.882 3.4759 3.26253 3.68927
204.961 3.49449 3.2787 3.71027
206.04 3.51307 3.29486 3.73128
207.118 3.53166 3.31102 3.7523
208.197 3.55025 3.32717 3.77333
209.276 3.56883 3.34331 3.79436
210.355 3.58742 3.35944 3.8154
211.433 3.60601 3.37556 3.83645
212.512 3.62459 3.39168 3.8575
213.591 3.64318 3.4078 3.87856
214.669 3.66176 3.42391 3.89962
215.748 3.68035 3.44001 3.92069
216.827 3.69894 3.4561 3.94177
217.906 3.71752 3.47219 3.96285
218.984 3.73611 3.48828 3.98394
220.063 3.7547 3.50436 4.00503
221.142 3.77328 3.52043 4.02613
222.221 3.79187 3.5365 4.04723
223.299 3.81045 3.55257 4.06834
224.378 3.82904 3.56863 4.08945
225.457 3.84763 3.58468 4.11057
226.536 3.86621 3.60074 4.13169
227.614 3.8848 3.61678 4.15282
228.693 3.90339 3.63283 4.17394
229.772 3.92197 3.64887 4.19508
230.851 3.94056 3.6649 4.21621
231.929 3.95914 3.68093 4.23736
233.008 3.97773 3.69696 4.2585
234.087 3.99632 3.71298 4.27965
235.166 4.0149 3.72901 4.3008
236.244 4.03349 3.74502 4.32196
237.323 4.05208 3.76104 4.34311
238.402 4.07066 3.77705 4.36428
239.481 4.08925 3.79306 4.38544
240.559 4.10783 3.80906 4.40661
241.638 4.12642 3.82506 4.42778
242.717 4.14501 3.84106 4.44895
243.796 4.16359 3.85706 4.47013
244.874 4.18218 3.87305 4.49131
245.953 4.20077 3.88904 4.51249
247.032 4.21935 3.90503 4.53367
248.11 4.23794 3.92101 4.55486
249.189 4.25652 3.937 4.57605
250.268 4.27511 3.95298 4.59724
251.347 4.2937 3.96896 4.61844
252.425 4.31228 3.98493 4.63963
253.504 4.33087 4.0009 4.66083
254.583 4.34946 4.01688 4.68203
255.662 4.36804 4.03285 4.70324
256.74 4.38663 4.04881 4.72444
257.819 4.40521 4.06478 4.74565
258.898 4.4238 4.08074 4.76686
259.977 4.44239 4.0967 4.78807
261.055 4.46097 4.11266 4.80929
262.134 4.47956 4.12862 4.8305
263.213 4.49815 4.14457 4.85172
264.292 4.51673 4.16053 4.87294
265.37 4.53532 4.17648 4.89416
266.449 4.5539 4.19243 4.91538
267.528 4.57249 4.20838 4.9366
268.607 4.59108 4.22432 4.95783
