# τ vs max κ linear regression for data set DA_120913_E7.h5
# Using stimulation: 1, 2, 3
# Best fit: tau = -0.50432 + 0.0184497 kappa_Fura
# Covariance matrix:
# [ +4.47173e-02, -2.85348e-04  
#   -2.85348e-04, +1.93919e-06  ]
# Total sum of squares (TSS) = 175.538
# chisq (Residual sum of squares, RSS) = 0.006514
# Probability of observing a larger of equal RSS per DOF under the null hypothesis: 0.935673
# R squared (1-RSS/TSS) = 0.999963
# Estimated gamma/v with standard error: 54.2015 +/- 4.09104
# Estimates kappa_S with standard error (using error propagation): -28.3349 +/- 11.6459
# kappa_S confidence intervals based on parametric bootstrap
# 0.95 CI for kappa_S: [-44.889,-7.14473]
# 0.99 CI for kappa_S: [-49.342,1.11591]


# The data
# κ_Fura  τ   τ_SE
131.401 1.91964 0.0568146
223.29 3.62301 0.151921
265.973 4.38565 0.274299


# The fitted data
# Preticted values with lower and upper bounds of 0.95 CI
# κ_Fura  τ   τ_lwr  τ_upr
0 -0.50432 -0.918791 -0.0898489
1.11709 -0.48371 -0.895227 -0.0721928
2.23417 -0.4631 -0.871665 -0.0545353
3.35126 -0.44249 -0.848104 -0.0368764
4.46834 -0.42188 -0.824545 -0.019216
5.58543 -0.40127 -0.800987 -0.0015541
6.70252 -0.380661 -0.77743 0.0161093
7.8196 -0.360051 -0.753876 0.0337743
8.93669 -0.339441 -0.730322 0.0514408
10.0538 -0.318831 -0.706771 0.069109
11.1709 -0.298221 -0.683221 0.0867789
12.2879 -0.277611 -0.659673 0.10445
13.405 -0.257001 -0.636126 0.122124
14.5221 -0.236391 -0.612582 0.139799
15.6392 -0.215782 -0.589039 0.157476
16.7563 -0.195172 -0.565498 0.175155
17.8734 -0.174562 -0.541959 0.192835
18.9905 -0.153952 -0.518422 0.210518
20.1075 -0.133342 -0.494887 0.228203
21.2246 -0.112732 -0.471354 0.245889
22.3417 -0.0921224 -0.447823 0.263578
23.4588 -0.0715125 -0.424294 0.281269
24.5759 -0.0509026 -0.400768 0.298963
25.693 -0.0302928 -0.377244 0.316658
26.8101 -0.00968289 -0.353722 0.334356
27.9271 0.010927 -0.330202 0.352056
29.0442 0.0315368 -0.306685 0.369759
30.1613 0.0521467 -0.283171 0.387464
31.2784 0.0727566 -0.259659 0.405172
32.3955 0.0933665 -0.23615 0.422883
33.5126 0.113976 -0.212643 0.440596
34.6297 0.134586 -0.189139 0.458312
35.7467 0.155196 -0.165639 0.476031
36.8638 0.175806 -0.142141 0.493753
37.9809 0.196416 -0.118646 0.511477
39.098 0.217026 -0.0951541 0.529205
40.2151 0.237636 -0.0716655 0.546937
41.3322 0.258245 -0.0481803 0.564671
42.4493 0.278855 -0.0246984 0.582409
43.5663 0.299465 -0.00122001 0.60015
44.6834 0.320075 0.0222548 0.617895
45.8005 0.340685 0.0457259 0.635644
46.9176 0.361295 0.0691932 0.653396
48.0347 0.381905 0.0926566 0.671153
49.1518 0.402514 0.116116 0.688913
50.2689 0.423124 0.139571 0.706677
51.386 0.443734 0.163022 0.724446
52.503 0.464344 0.186469 0.742219
53.6201 0.484954 0.209911 0.759997
54.7372 0.505564 0.233348 0.77778
55.8543 0.526174 0.256781 0.795567
56.9714 0.546784 0.280208 0.813359
58.0885 0.567393 0.30363 0.831156
59.2056 0.588003 0.327047 0.848959
60.3226 0.608613 0.350459 0.866767
61.4397 0.629223 0.373865 0.884581
62.5568 0.649833 0.397265 0.902401
63.6739 0.670443 0.420659 0.920227
64.791 0.691053 0.444047 0.938059
65.9081 0.711663 0.467428 0.955897
67.0252 0.732272 0.490802 0.973742
68.1422 0.752882 0.51417 0.991594
69.2593 0.773492 0.537531 1.00945
70.3764 0.794102 0.560884 1.02732
71.4935 0.814712 0.584229 1.04519
72.6106 0.835322 0.607566 1.06308
73.7277 0.855932 0.630896 1.08097
74.8448 0.876541 0.654216 1.09887
75.9618 0.897151 0.677528 1.11677
77.0789 0.917761 0.700831 1.13469
78.196 0.938371 0.724124 1.15262
79.3131 0.958981 0.747407 1.17056
80.4302 0.979591 0.770679 1.1885
81.5473 1.0002 0.793941 1.20646
82.6644 1.02081 0.817192 1.22443
83.7814 1.04142 0.840432 1.24241
84.8985 1.06203 0.863659 1.2604
86.0156 1.08264 0.886874 1.27841
87.1327 1.10325 0.910076 1.29642
88.2498 1.12386 0.933265 1.31446
89.3669 1.14447 0.956439 1.3325
90.484 1.16508 0.979599 1.35056
91.601 1.18569 1.00274 1.36864
92.7181 1.2063 1.02587 1.38673
93.8352 1.22691 1.04898 1.40483
94.9523 1.24752 1.07208 1.42296
96.0694 1.26813 1.09515 1.4411
97.1865 1.28874 1.11821 1.45927
98.3036 1.30935 1.14125 1.47745
99.4206 1.32996 1.16427 1.49565
100.538 1.35057 1.18726 1.51387
101.655 1.37118 1.21024 1.53212
102.772 1.39179 1.23319 1.55039
103.889 1.4124 1.25611 1.56868
105.006 1.43301 1.27901 1.587
106.123 1.45362 1.30189 1.60535
107.24 1.47423 1.32473 1.62372
108.357 1.49484 1.34755 1.64212
109.474 1.51545 1.37034 1.66056
110.592 1.53606 1.39309 1.67902
111.709 1.55667 1.41581 1.69752
112.826 1.57728 1.4385 1.71606
113.943 1.59789 1.46115 1.73463
115.06 1.6185 1.48376 1.75324
116.177 1.63911 1.50633 1.77188
117.294 1.65972 1.52886 1.79057
118.411 1.68033 1.55135 1.80931
119.528 1.70094 1.57379 1.82809
120.645 1.72155 1.59618 1.84691
121.762 1.74216 1.61852 1.86579
122.879 1.76277 1.64082 1.88472
123.997 1.78338 1.66306 1.9037
125.114 1.80399 1.68524 1.92273
126.231 1.8246 1.70736 1.94183
127.348 1.84521 1.72943 1.96098
128.465 1.86582 1.75143 1.9802
129.582 1.88643 1.77336 1.99949
130.699 1.90703 1.79523 2.01884
131.816 1.92764 1.81703 2.03826
132.933 1.94825 1.83876 2.05775
134.05 1.96886 1.86041 2.07732
135.167 1.98947 1.88199 2.09696
136.284 2.01008 1.90349 2.11668
137.402 2.03069 1.9249 2.13649
138.519 2.0513 1.94624 2.15637
139.636 2.07191 1.96749 2.17634
140.753 2.09252 1.98865 2.19639
141.87 2.11313 2.00973 2.21653
142.987 2.13374 2.03072 2.23676
144.104 2.15435 2.05162 2.25708
145.221 2.17496 2.07244 2.27749
146.338 2.19557 2.09316 2.29799
147.455 2.21618 2.11379 2.31858
148.572 2.23679 2.13433 2.33926
149.69 2.2574 2.15478 2.36003
150.807 2.27801 2.17513 2.38089
151.924 2.29862 2.1954 2.40184
153.041 2.31923 2.21558 2.42288
154.158 2.33984 2.23568 2.44401
155.275 2.36045 2.25568 2.46522
156.392 2.38106 2.27561 2.48652
157.509 2.40167 2.29545 2.5079
158.626 2.42228 2.3152 2.52936
159.743 2.44289 2.33488 2.5509
160.86 2.4635 2.35448 2.57252
161.977 2.48411 2.37401 2.59421
163.095 2.50472 2.39346 2.61598
164.212 2.52533 2.41284 2.63782
165.329 2.54594 2.43216 2.65972
166.446 2.56655 2.4514 2.6817
167.563 2.58716 2.47059 2.70373
168.68 2.60777 2.48971 2.72583
169.797 2.62838 2.50877 2.74799
170.914 2.64899 2.52778 2.7702
172.031 2.6696 2.54673 2.79247
173.148 2.69021 2.56563 2.81479
174.265 2.71082 2.58448 2.83716
175.382 2.73143 2.60328 2.85958
176.5 2.75204 2.62203 2.88205
177.617 2.77265 2.64074 2.90456
178.734 2.79326 2.65941 2.92711
179.851 2.81387 2.67803 2.94971
180.968 2.83448 2.69662 2.97234
182.085 2.85509 2.71517 2.99501
183.202 2.8757 2.73368 3.01771
184.319 2.89631 2.75216 3.04045
185.436 2.91692 2.77061 3.06322
186.553 2.93753 2.78903 3.08603
187.67 2.95814 2.80742 3.10886
188.788 2.97875 2.82577 3.13172
189.905 2.99936 2.84411 3.15461
191.022 3.01997 2.86241 3.17752
192.139 3.04058 2.88069 3.20046
193.256 3.06119 2.89895 3.22343
194.373 3.0818 2.91718 3.24641
195.49 3.10241 2.93539 3.26942
196.607 3.12302 2.95358 3.29245
197.724 3.14363 2.97175 3.3155
198.841 3.16424 2.98991 3.33857
199.958 3.18485 3.00804 3.36165
201.075 3.20546 3.02615 3.38476
202.193 3.22607 3.04425 3.40788
203.31 3.24668 3.06234 3.43102
204.427 3.26729 3.0804 3.45417
205.544 3.2879 3.09845 3.47734
206.661 3.30851 3.11649 3.50052
207.778 3.32912 3.13452 3.52372
208.895 3.34973 3.15253 3.54693
210.012 3.37034 3.17052 3.57015
211.129 3.39095 3.18851 3.59338
212.246 3.41156 3.20648 3.61663
213.363 3.43217 3.22445 3.63988
214.48 3.45278 3.2424 3.66315
215.598 3.47338 3.26034 3.68643
216.715 3.49399 3.27827 3.70972
217.832 3.5146 3.29619 3.73302
218.949 3.53521 3.3141 3.75633
220.066 3.55582 3.33201 3.77964
221.183 3.57643 3.3499 3.80297
222.3 3.59704 3.36779 3.8263
223.417 3.61765 3.38566 3.84964
224.534 3.63826 3.40353 3.87299
225.651 3.65887 3.4214 3.89635
226.768 3.67948 3.43925 3.91971
227.886 3.70009 3.4571 3.94309
229.003 3.7207 3.47494 3.96646
230.12 3.74131 3.49278 3.98985
231.237 3.76192 3.51061 4.01324
232.354 3.78253 3.52843 4.03664
233.471 3.80314 3.54624 4.06004
234.588 3.82375 3.56406 4.08345
235.705 3.84436 3.58186 4.10686
236.822 3.86497 3.59966 4.13028
237.939 3.88558 3.61745 4.15371
239.056 3.90619 3.63524 4.17714
240.173 3.9268 3.65303 4.20058
241.291 3.94741 3.67081 4.22402
242.408 3.96802 3.68858 4.24746
243.525 3.98863 3.70635 4.27091
244.642 4.00924 3.72412 4.29436
245.759 4.02985 3.74188 4.31782
246.876 4.05046 3.75964 4.34128
247.993 4.07107 3.7774 4.36475
249.11 4.09168 3.79515 4.38822
250.227 4.11229 3.81289 4.41169
251.344 4.1329 3.83064 4.43517
252.461 4.15351 3.84837 4.45865
253.578 4.17412 3.86611 4.48213
254.696 4.19473 3.88384 4.50562
255.813 4.21534 3.90157 4.52911
256.93 4.23595 3.9193 4.5526
258.047 4.25656 3.93702 4.5761
259.164 4.27717 3.95474 4.5996
260.281 4.29778 3.97246 4.6231
261.398 4.31839 3.99017 4.6466
262.515 4.339 4.00789 4.67011
263.632 4.35961 4.02559 4.69362
264.749 4.38022 4.0433 4.71714
265.866 4.40083 4.06101 4.74065
266.984 4.42144 4.07871 4.76417
268.101 4.44205 4.09641 4.78769
269.218 4.46266 4.1141 4.81122
270.335 4.48327 4.1318 4.83474
271.452 4.50388 4.14949 4.85827
272.569 4.52449 4.16718 4.8818
273.686 4.5451 4.18487 4.90533
274.803 4.56571 4.20255 4.92886
275.92 4.58632 4.22024 4.9524
277.037 4.60693 4.23792 4.97594
278.154 4.62754 4.2556 4.99948
