# τ vs mean κ linear regression for data set DA_120913_E7.h5
# Using stimulation: 1, 2, 3
# Best fit: tau = -0.292744 + 0.0179219 kappa_Fura
# Covariance matrix:
# [ +3.84271e-02, -2.55578e-04  
#   -2.55578e-04, +1.82979e-06  ]
# Total sum of squares (TSS) = 175.538
# chisq (Residual sum of squares, RSS) = 0.00328115
# Probability of observing a larger of equal RSS per DOF under the null hypothesis: 0.954321
# R squared (1-RSS/TSS) = 0.999981
# Estimated gamma/v with standard error: 55.7978 +/- 4.21148
# Estimates kappa_S with standard error (using error propagation): -17.3345 +/- 11.0072
# kappa_S confidence intervals based on parametric bootstrap
# 0.95 CI for kappa_S: [-34.116,5.49188]
# 0.99 CI for kappa_S: [-38.2808,14.3063]


# The data
# κ_Fura  τ   τ_SE
123.459 1.91964 0.0568146
218.186 3.62301 0.151921
261.724 4.38565 0.274299


# The fitted data
# Preticted values with lower and upper bounds of 0.95 CI
# κ_Fura  τ   τ_lwr  τ_upr
0 -0.292744 -0.67696 0.0914714
1.09924 -0.273044 -0.654451 0.108364
2.19848 -0.253343 -0.631944 0.125257
3.29772 -0.233643 -0.609439 0.142153
4.39696 -0.213943 -0.586935 0.15905
5.4962 -0.194242 -0.564433 0.175949
6.59544 -0.174542 -0.541933 0.192849
7.69468 -0.154841 -0.519434 0.209752
8.79392 -0.135141 -0.496938 0.226656
9.89316 -0.11544 -0.474443 0.243562
10.9924 -0.09574 -0.45195 0.26047
12.0916 -0.0760396 -0.429459 0.27738
13.1909 -0.0563392 -0.406971 0.294292
14.2901 -0.0366388 -0.384484 0.311206
15.3894 -0.0169383 -0.361999 0.328123
16.4886 0.00276208 -0.339517 0.345041
17.5878 0.0224625 -0.317037 0.361962
18.6871 0.0421629 -0.294559 0.378884
19.7863 0.0618633 -0.272083 0.39581
20.8856 0.0815638 -0.24961 0.412737
21.9848 0.101264 -0.227139 0.429667
23.084 0.120965 -0.204671 0.4466
24.1833 0.140665 -0.182205 0.463535
25.2825 0.160365 -0.159742 0.480473
26.3818 0.180066 -0.137282 0.497413
27.481 0.199766 -0.114824 0.514357
28.5802 0.219467 -0.0923694 0.531303
29.6795 0.239167 -0.0699176 0.548252
30.7787 0.258868 -0.0474689 0.565204
31.8779 0.278568 -0.0250233 0.582159
32.9772 0.298268 -0.00258082 0.599118
34.0764 0.317969 0.0198584 0.616079
35.1757 0.337669 0.0422942 0.633044
36.2749 0.35737 0.0647265 0.650013
37.3741 0.37707 0.0871554 0.666985
38.4734 0.39677 0.109581 0.68396
39.5726 0.416471 0.132002 0.70094
40.6719 0.436171 0.154419 0.717923
41.7711 0.455872 0.176833 0.73491
42.8703 0.475572 0.199242 0.751902
43.9696 0.495273 0.221648 0.768897
45.0688 0.514973 0.244049 0.785897
46.1681 0.534673 0.266445 0.802902
47.2673 0.554374 0.288837 0.819911
48.3665 0.574074 0.311224 0.836925
49.4658 0.593775 0.333606 0.853943
50.565 0.613475 0.355983 0.870967
51.6643 0.633175 0.378355 0.887996
52.7635 0.652876 0.400721 0.905031
53.8627 0.672576 0.423082 0.92207
54.962 0.692277 0.445437 0.939116
56.0612 0.711977 0.467787 0.956168
57.1605 0.731678 0.49013 0.973225
58.2597 0.751378 0.512467 0.990289
59.3589 0.771078 0.534797 1.00736
60.4582 0.790779 0.55712 1.02444
61.5574 0.810479 0.579437 1.04152
62.6567 0.83018 0.601746 1.05861
63.7559 0.84988 0.624048 1.07571
64.8551 0.86958 0.646342 1.09282
65.9544 0.889281 0.668628 1.10993
67.0536 0.908981 0.690906 1.12706
68.1529 0.928682 0.713176 1.14419
69.2521 0.948382 0.735436 1.16133
70.3513 0.968083 0.757687 1.17848
71.4506 0.987783 0.779929 1.19564
72.5498 1.00748 0.80216 1.21281
73.6491 1.02718 0.824382 1.22999
74.7483 1.04688 0.846592 1.24718
75.8475 1.06658 0.868792 1.26438
76.9468 1.08629 0.89098 1.28159
78.046 1.10599 0.913156 1.29881
79.1453 1.12569 0.93532 1.31605
80.2445 1.14539 0.957471 1.3333
81.3437 1.16509 0.979608 1.35057
82.443 1.18479 1.00173 1.36784
83.5422 1.20449 1.02384 1.38513
84.6415 1.22419 1.04593 1.40244
85.7407 1.24389 1.06801 1.41976
86.8399 1.26359 1.09007 1.4371
87.9392 1.28329 1.11212 1.45446
89.0384 1.30299 1.13415 1.47183
90.1376 1.32269 1.15615 1.48923
91.2369 1.34239 1.17814 1.50664
92.3361 1.36209 1.20011 1.52407
93.4354 1.38179 1.22206 1.54152
94.5346 1.40149 1.24399 1.559
95.6338 1.42119 1.26589 1.57649
96.7331 1.44089 1.28777 1.59402
97.8323 1.46059 1.30962 1.61156
98.9316 1.48029 1.33145 1.62913
100.031 1.49999 1.35325 1.64673
101.13 1.51969 1.37503 1.66436
102.229 1.53939 1.39677 1.68202
103.329 1.5591 1.41849 1.6997
104.428 1.5788 1.44017 1.71742
105.527 1.5985 1.46182 1.73518
106.626 1.6182 1.48343 1.75296
107.725 1.6379 1.50501 1.77079
108.825 1.6576 1.52655 1.78865
109.924 1.6773 1.54804 1.80655
111.023 1.697 1.5695 1.82449
112.122 1.7167 1.59092 1.84248
113.222 1.7364 1.61229 1.86051
114.321 1.7561 1.63361 1.87859
115.42 1.7758 1.65489 1.89671
116.519 1.7955 1.67611 1.91489
117.619 1.8152 1.69728 1.93312
118.718 1.8349 1.7184 1.9514
119.817 1.8546 1.73947 1.96974
120.916 1.8743 1.76047 1.98813
122.016 1.894 1.78141 2.00659
123.115 1.9137 1.80229 2.02511
124.214 1.9334 1.82311 2.0437
125.313 1.9531 1.84386 2.06235
126.413 1.9728 1.86454 2.08107
127.512 1.9925 1.88515 2.09986
128.611 2.0122 1.90569 2.11872
129.71 2.03191 1.92616 2.13765
130.81 2.05161 1.94655 2.15666
131.909 2.07131 1.96686 2.17575
133.008 2.09101 1.9871 2.19491
134.107 2.11071 2.00726 2.21416
135.206 2.13041 2.02733 2.23348
136.306 2.15011 2.04733 2.25289
137.405 2.16981 2.06724 2.27238
138.504 2.18951 2.08707 2.29195
139.603 2.20921 2.10682 2.3116
140.703 2.22891 2.12648 2.33134
141.802 2.24861 2.14606 2.35116
142.901 2.26831 2.16556 2.37106
144 2.28801 2.18498 2.39104
145.1 2.30771 2.20431 2.41111
146.199 2.32741 2.22357 2.43125
147.298 2.34711 2.24274 2.45148
148.397 2.36681 2.26184 2.47178
149.497 2.38651 2.28086 2.49216
150.596 2.40621 2.29981 2.51262
151.695 2.42591 2.31868 2.53315
152.794 2.44561 2.33748 2.55375
153.894 2.46531 2.3562 2.57443
154.993 2.48501 2.37486 2.59517
156.092 2.50472 2.39346 2.61597
157.191 2.52442 2.41198 2.63685
158.291 2.54412 2.43045 2.65778
159.39 2.56382 2.44886 2.67878
160.489 2.58352 2.4672 2.69983
161.588 2.60322 2.48549 2.72094
162.687 2.62292 2.50373 2.74211
163.787 2.64262 2.52191 2.76333
164.886 2.66232 2.54004 2.7846
165.985 2.68202 2.55812 2.80591
167.084 2.70172 2.57616 2.82728
168.184 2.72142 2.59415 2.84869
169.283 2.74112 2.6121 2.87014
170.382 2.76082 2.63001 2.89163
171.481 2.78052 2.64787 2.91317
172.581 2.80022 2.6657 2.93474
173.68 2.81992 2.6835 2.95635
174.779 2.83962 2.70125 2.97799
175.878 2.85932 2.71898 2.99967
176.978 2.87902 2.73667 3.02138
178.077 2.89872 2.75433 3.04312
179.176 2.91842 2.77196 3.06489
180.275 2.93812 2.78956 3.08669
181.375 2.95782 2.80714 3.10851
182.474 2.97753 2.82469 3.13036
183.573 2.99723 2.84221 3.15224
184.672 3.01693 2.85971 3.17414
185.771 3.03663 2.87719 3.19606
186.871 3.05633 2.89464 3.21801
187.97 3.07603 2.91208 3.23998
189.069 3.09573 2.92949 3.26196
190.168 3.11543 2.94689 3.28397
191.268 3.13513 2.96426 3.30599
192.367 3.15483 2.98162 3.32803
193.466 3.17453 2.99896 3.35009
194.565 3.19423 3.01629 3.37217
195.665 3.21393 3.0336 3.39426
196.764 3.23363 3.05089 3.41637
197.863 3.25333 3.06817 3.43849
198.962 3.27303 3.08544 3.46063
200.062 3.29273 3.10269 3.48277
201.161 3.31243 3.11993 3.50494
202.26 3.33213 3.13715 3.52711
203.359 3.35183 3.15437 3.5493
204.459 3.37153 3.17157 3.5715
205.558 3.39123 3.18876 3.59371
206.657 3.41093 3.20594 3.61593
207.756 3.43063 3.22311 3.63816
208.856 3.45034 3.24027 3.6604
209.955 3.47004 3.25743 3.68265
211.054 3.48974 3.27457 3.70491
212.153 3.50944 3.2917 3.72717
213.252 3.52914 3.30882 3.74945
214.352 3.54884 3.32594 3.77173
215.451 3.56854 3.34305 3.79403
216.55 3.58824 3.36015 3.81633
217.649 3.60794 3.37724 3.83864
218.749 3.62764 3.39433 3.86095
219.848 3.64734 3.4114 3.88328
220.947 3.66704 3.42847 3.9056
222.046 3.68674 3.44554 3.92794
223.146 3.70644 3.4626 3.95028
224.245 3.72614 3.47965 3.97263
225.344 3.74584 3.4967 3.99499
226.443 3.76554 3.51374 4.01735
227.543 3.78524 3.53077 4.03971
228.642 3.80494 3.5478 4.06208
229.741 3.82464 3.56483 4.08446
230.84 3.84434 3.58185 4.10684
231.94 3.86404 3.59886 4.12923
233.039 3.88374 3.61587 4.15162
234.138 3.90344 3.63288 4.17401
235.237 3.92315 3.64988 4.19641
236.337 3.94285 3.66687 4.21882
237.436 3.96255 3.68386 4.24123
238.535 3.98225 3.70085 4.26364
239.634 4.00195 3.71784 4.28606
240.733 4.02165 3.73482 4.30848
241.833 4.04135 3.75179 4.3309
242.932 4.06105 3.76876 4.35333
244.031 4.08075 3.78573 4.37576
245.13 4.10045 3.8027 4.3982
246.23 4.12015 3.81966 4.42064
247.329 4.13985 3.83662 4.44308
248.428 4.15955 3.85358 4.46553
249.527 4.17925 3.87053 4.48797
250.627 4.19895 3.88748 4.51043
251.726 4.21865 3.90442 4.53288
252.825 4.23835 3.92137 4.55534
253.924 4.25805 3.93831 4.5778
255.024 4.27775 3.95525 4.60026
256.123 4.29745 3.97218 4.62272
257.222 4.31715 3.98911 4.64519
258.321 4.33685 4.00605 4.66766
259.421 4.35655 4.02297 4.69014
260.52 4.37625 4.0399 4.71261
261.619 4.39596 4.05682 4.73509
262.718 4.41566 4.07374 4.75757
263.818 4.43536 4.09066 4.78005
264.917 4.45506 4.10758 4.80254
266.016 4.47476 4.12449 4.82502
267.115 4.49446 4.1414 4.84751
268.214 4.51416 4.15831 4.87
269.314 4.53386 4.17522 4.89249
270.413 4.55356 4.19213 4.91499
271.512 4.57326 4.20903 4.93748
272.611 4.59296 4.22594 4.95998
273.711 4.61266 4.24284 4.98248
