# Data from DA_120913_E7.h5 stim 3
# Ratiometric estimator
# Ratiometric estimator:
#    Time    Ca (est)    Ca (se)
  671.261 0.0310352533 0.00121793312
  671.361 0.0315866213 0.00122745083
  671.461 0.031282125 0.00121889147
  671.561 0.0324246486 0.00124453179
  671.661 0.0296813141 0.00120660515
  671.761 0.0311723907 0.00121522057
  671.861 0.0309114433 0.00120723602
  671.961 0.0322342122 0.00122600254
  672.061 0.0285687299 0.0011963713
  672.161 0.0309032693 0.00121550841
  672.261 0.0315909212 0.00123376203
  672.361 0.0320730333 0.00123621117
  672.461 0.0325689021 0.00123398575
  672.561 0.0312983901 0.00121690511
  672.661 0.0301295553 0.00120771993
  672.761 0.0324767311 0.00124045036
  672.861 0.0428949731 0.00133461122
  672.961 0.0488323415 0.00138018185
  673.061 0.0490801685 0.00140796566
  673.161 0.0538040719 0.00143624825
  673.261 0.0532216179 0.00146159583
  673.361 0.0542803668 0.00148243946
  673.461 0.0535849667 0.00144055317
  673.561 0.0532989973 0.001448277
  673.661 0.0563449788 0.00147636097
  673.761 0.0535896818 0.00146598444
  673.861 0.054998923 0.00149151626
  673.961 0.0548765623 0.00147166476
  674.061 0.0520367416 0.0014345558
  674.161 0.0547075487 0.00146124787
  674.261 0.0532521264 0.00144232384
  674.361 0.051636852 0.00143261009
  674.461 0.0516583492 0.00142336044
  674.561 0.04982421 0.00142497352
  674.661 0.0525362317 0.00145042766
  674.761 0.0503705721 0.00141211933
  674.861 0.0518004423 0.00143649507
  674.961 0.0508405963 0.00141489892
  675.061 0.0500480571 0.00140942891
  675.161 0.048493799 0.00140500349
  675.261 0.0487382327 0.00140308608
  675.361 0.0483037164 0.0013922174
  675.461 0.0485803645 0.00141019688
  675.561 0.0452429031 0.00136108851
  675.661 0.0473194203 0.00138981046
  675.761 0.0473266497 0.00139840842
  675.861 0.0491878284 0.00141573291
  675.961 0.0458654285 0.00134867548
  676.061 0.0457870864 0.00135532312
  676.161 0.0462605871 0.00136021588
  676.261 0.047575869 0.00140015142
  676.361 0.0440323226 0.00133467746
  676.461 0.0451661026 0.00135656257
  676.561 0.0423641605 0.00132283397
  676.661 0.0432590018 0.00135726017
  676.761 0.0425008893 0.0013311848
  676.861 0.0428622654 0.00133714542
  676.961 0.0430577957 0.00133847113
  677.061 0.0409871429 0.00131296558
  677.161 0.0413476856 0.00133562453
  677.261 0.0435048506 0.00136316373
  677.361 0.0420895609 0.00132621219
  677.461 0.0423689277 0.00134036275
  677.561 0.0422426504 0.00133947277
  677.661 0.0396464467 0.00130123039
  677.761 0.0409492101 0.00132403549
  677.861 0.0414124019 0.00132686755
  677.961 0.041644102 0.00133011253
  678.061 0.0395597138 0.00129524739
  678.161 0.0414568129 0.00131522628
  678.261 0.0389658403 0.00131213989
  678.361 0.0409603073 0.00132858448
  678.461 0.0395584817 0.00131832146
  678.561 0.0406977778 0.00132669964
  678.661 0.0377809086 0.0013088251
  678.761 0.0388126285 0.0012858301
  678.861 0.0365948783 0.0012723028
  678.961 0.0398282688 0.00130867808
  679.061 0.0384891575 0.00127901798
  679.161 0.0386274946 0.00130352424
  679.261 0.0379032071 0.00129795514
  679.361 0.0376484873 0.0012942296
  679.461 0.0401540652 0.00131330947
  679.561 0.0371357487 0.00128195774
  679.661 0.0348994197 0.00124938038
  679.761 0.0392101411 0.00131491127
  679.861 0.0354103894 0.00126930637
  679.961 0.0388605982 0.00129988225
  680.061 0.0394786062 0.00130916869
  680.161 0.0349866585 0.001273079
  680.261 0.0349731624 0.00125752681
  680.361 0.0364071544 0.00126551264
  680.461 0.0357931396 0.001275581
  680.561 0.0348413031 0.00125725437
  680.661 0.0337666528 0.00123583348
  680.761 0.036888192 0.00128973982
  680.861 0.0361810735 0.00125824467
  680.961 0.0338285038 0.00126857738
  681.061 0.0342988347 0.00125161464
  681.161 0.0344190167 0.00125106516
  681.261 0.03405333 0.0012436394
  681.361 0.0348927518 0.00124254166
  681.461 0.0348089049 0.00124694771
  681.561 0.0346865938 0.00124906998
  681.661 0.0332742906 0.00125822267
  681.761 0.0355064576 0.00126433191
  681.861 0.0330176044 0.00124837114
  681.961 0.0302311709 0.00122144978
  682.061 0.0338705121 0.00124484379
  682.161 0.0340271926 0.00126475307
  682.261 0.0331916664 0.00124582406
  682.361 0.0331421896 0.00123844606
  682.461 0.0331551497 0.00126910102
  682.561 0.0338399162 0.00124443956
  682.661 0.0331146067 0.001242782
  682.761 0.0314020691 0.00122037798
  682.861 0.0321892276 0.00123646441
  682.961 0.0313329776 0.00123517475
  683.061 0.0305652179 0.00121253357
  683.161 0.0327242091 0.0012357403
  683.261 0.0319400376 0.00122221675
  683.361 0.0316798515 0.00123653881
  683.461 0.0324333551 0.0012396619
  683.561 0.0340102418 0.00124448652
  683.661 0.0297694687 0.00119962653
  683.761 0.0308175205 0.00122247614
  683.861 0.0335131923 0.00125950688
  683.961 0.032180838 0.00122861812
  684.061 0.0314382895 0.00122706127
  684.161 0.0312126561 0.00120060255
  684.261 0.0294680991 0.00122121584
  684.361 0.0332493015 0.00122106213
  684.461 0.0308954264 0.00122403972
  684.561 0.0296538659 0.00122218692
  684.661 0.0317317814 0.0012426484
  684.761 0.0317763581 0.00123730418
  684.861 0.0321699862 0.00122605901
  684.961 0.029712224 0.00119364929
  685.061 0.0307449969 0.00120928282
  685.161 0.0302888509 0.00121507007
  685.261 0.0329992013 0.00123313936
  685.361 0.0312368921 0.00122024889
  685.461 0.0300326707 0.00120689495
  685.561 0.030811292 0.00120088749
  685.661 0.0306441191 0.00120934214
  685.761 0.0317139409 0.00121784818
  685.861 0.0306697278 0.00122663158
  685.961 0.0299465549 0.00120143717
  686.061 0.0304249509 0.00121273986
  686.161 0.0308780806 0.00124557846
  686.261 0.0290138447 0.001207524
  686.361 0.0302633977 0.0012081786
  686.461 0.0292229383 0.00119178344
  686.561 0.0291309707 0.00119780649
  686.661 0.0301809646 0.00120631432
  686.761 0.0302800778 0.00118420418
  686.861 0.0291107841 0.00119934355
  686.961 0.0306587088 0.00120628232
  687.061 0.0307560766 0.0012368797
  687.161 0.0282748168 0.00119183966
  687.261 0.0305340617 0.00122642902
  687.361 0.0276654083 0.001171716
  687.461 0.0304520737 0.00120303243
  687.561 0.0292322874 0.00120802708
  687.661 0.030585027 0.00121667838
  687.761 0.0302648372 0.00122778096
  687.861 0.0301743081 0.00120905201
  687.961 0.0270465095 0.00118706034
  688.061 0.0309570995 0.00121912917
  688.161 0.0296286562 0.00120150358
  688.261 0.0298154576 0.00121257581
  688.361 0.0296453266 0.00120256918
  688.461 0.0287622166 0.00119197794
  688.561 0.0301748621 0.00120293314
  688.661 0.0303227944 0.00122112955
  688.761 0.0292450297 0.00120651946
  688.861 0.0279290071 0.0011896258
  688.961 0.0301396333 0.00121393871
  689.061 0.0304266832 0.00121403535
  689.161 0.028378627 0.00118837523
  689.261 0.0287025455 0.0011923843
  689.361 0.0311377832 0.00121107177
  689.461 0.0307698143 0.00120893133
  689.561 0.028600342 0.00121533672
  689.661 0.0276688671 0.00118446882
  689.761 0.0277510696 0.00118466687
  689.861 0.0311520066 0.00121923308
  689.961 0.0292252449 0.00119722427
  690.061 0.0273549941 0.0011812141
  690.161 0.0306120006 0.00120391712
  690.261 0.0287118444 0.00119930478
  690.361 0.0312411632 0.00122591644
  690.461 0.0278131316 0.00119295991
  690.561 0.0266607102 0.00119945843
  690.661 0.0306457783 0.00120905866
  690.761 0.0271038029 0.00117347385
  690.861 0.0294124567 0.00121148592
  690.961 0.0283674656 0.00118883012
  691.061 0.0291917001 0.00119988557
  691.161 0.0281236434 0.00120878062


