# Data from DA_120913_E7.h5 stim 2
# Ratiometric estimator
# Ratiometric estimator:
#    Time    Ca (est)    Ca (se)
  410.639 0.0181823496 0.00126750949
  410.739 0.0211142052 0.00129571695
  410.839 0.0184165914 0.00126666383
  410.939 0.020231227 0.00130067826
  411.039 0.0214325721 0.00130347295
  411.139 0.023138557 0.0013182242
  411.239 0.0203027888 0.00127361651
  411.339 0.0217070524 0.0013023086
  411.439 0.0204030614 0.00129153602
  411.539 0.021104881 0.0012918447
  411.639 0.020131754 0.00130367839
  411.739 0.0209736259 0.00130684902
  411.839 0.0217757031 0.00129992649
  411.939 0.0183614111 0.00126630918
  412.039 0.021744944 0.00129960101
  412.139 0.0249475816 0.00135001877
  412.239 0.0502080817 0.00162951751
  412.339 0.0654961239 0.00178515967
  412.439 0.0698283939 0.00186359792
  412.539 0.0739102448 0.0019025634
  412.639 0.0786477291 0.00199097542
  412.739 0.0794871261 0.00201867253
  412.839 0.0767117262 0.00194513742
  412.939 0.0771985364 0.00194844172
  413.039 0.071733298 0.00189955503
  413.139 0.0743631577 0.00193493094
  413.239 0.0702257255 0.00190370104
  413.339 0.0717895267 0.00190356331
  413.439 0.0708049397 0.0018712495
  413.539 0.0675361858 0.00183662755
  413.639 0.0632829573 0.00178246063
  413.739 0.0601654703 0.00175559161
  413.839 0.0628171857 0.0017668666
  413.939 0.0626510667 0.00178955094
  414.039 0.0632321614 0.0018069304
  414.139 0.0588011217 0.00171473497
  414.239 0.0576007712 0.00172394415
  414.339 0.0602248838 0.00174421126
  414.439 0.0568177192 0.00169987825
  414.539 0.0532942625 0.00167887855
  414.639 0.0584453552 0.00172489611
  414.739 0.0523920827 0.00165266986
  414.839 0.0523738253 0.00166708227
  414.939 0.0512097856 0.00162311576
  415.039 0.0523738028 0.00165508971
  415.139 0.0480105887 0.0016218059
  415.239 0.0451307505 0.00157760102
  415.339 0.0449677566 0.00154551618
  415.439 0.0464907698 0.00156802451
  415.539 0.0482590161 0.00157780509
  415.639 0.0451889909 0.00157274986
  415.739 0.0440884781 0.00153156764
  415.839 0.0460876543 0.00156884847
  415.939 0.0446118466 0.00153757833
  416.039 0.0443853676 0.00157433855
  416.139 0.0427708742 0.00152430258
  416.239 0.0417552251 0.00153100051
  416.339 0.0413819674 0.00151757224
  416.439 0.0399463561 0.00149346853
  416.539 0.0399278742 0.00151582176
  416.639 0.0411458763 0.00154241129
  416.739 0.0383145689 0.00148361443
  416.839 0.0378756478 0.00148488716
  416.939 0.0374549966 0.00147888014
  417.039 0.0370607983 0.00145643881
  417.139 0.0373363855 0.00148347079
  417.239 0.0382389577 0.00148584152
  417.339 0.0357383056 0.00145521182
  417.439 0.036710118 0.00146112111
  417.539 0.0335020781 0.00141560696
  417.639 0.0360362149 0.00146947892
  417.739 0.0322861865 0.00143032467
  417.839 0.0347172667 0.00146637514
  417.939 0.0353863246 0.00145505317
  418.039 0.0366865253 0.00147984177
  418.139 0.0359451279 0.00143803951
  418.239 0.0347283854 0.00143519492
  418.339 0.0329013825 0.00141887314
  418.439 0.0327066823 0.00140673368
  418.539 0.033897229 0.00143969041
  418.639 0.0308977041 0.00140759445
  418.739 0.0327734164 0.00142326851
  418.839 0.0321924292 0.0014187322
  418.939 0.0298675722 0.00138575813
  419.039 0.0327151321 0.00141441671
  419.139 0.0323982084 0.00142135118
  419.239 0.0329592822 0.00141926738
  419.339 0.0292815479 0.00138835438
  419.439 0.0324830627 0.00141494333
  419.539 0.0293913489 0.00139655534
  419.639 0.0292096982 0.00137829523
  419.739 0.0302924487 0.00138357477
  419.839 0.0303508917 0.00139366356
  419.939 0.0297886596 0.00138623593
  420.039 0.0271623356 0.00133882587
  420.139 0.0294308521 0.00139225629
  420.239 0.0281441423 0.00135827514
  420.339 0.0287642358 0.00138645822
  420.439 0.0281023027 0.00137064088
  420.539 0.0280640071 0.0013625544
  420.639 0.0301912443 0.00138214441
  420.739 0.0266863081 0.00133323058
  420.839 0.0274091701 0.00135306636
  420.939 0.0281102097 0.00135473932
  421.039 0.0275929594 0.00137373314
  421.139 0.0260366139 0.00134451984
  421.239 0.0282532194 0.00137645386
  421.339 0.0261815578 0.00135164747
  421.439 0.0266776431 0.00135571021
  421.539 0.0286491876 0.00138461525
  421.639 0.0296542793 0.00138100395
  421.739 0.0273756423 0.00135093506
  421.839 0.0272079479 0.00138392644
  421.939 0.0269707568 0.00134718624
  422.039 0.027048745 0.00135372022
  422.139 0.0267351058 0.00133721358
  422.239 0.0280499595 0.00137016545
  422.339 0.0260571274 0.00135313529
  422.439 0.0264956742 0.0013423025
  422.539 0.0262694034 0.00134384338
  422.639 0.0247418056 0.00132554773
  422.739 0.0282652062 0.00138451658
  422.839 0.024173025 0.00133776819
  422.939 0.0274840213 0.00134850159
  423.039 0.0265537159 0.00133491611
  423.139 0.0261543722 0.00134971178
  423.239 0.0258499304 0.00135252085
  423.339 0.0255847564 0.00133401924
  423.439 0.0269468602 0.00136178132
  423.539 0.0282146587 0.00133747114
  423.639 0.0238035627 0.00134417163
  423.739 0.0229353553 0.00129623849
  423.839 0.0268380417 0.00135004822
  423.939 0.0249605607 0.00134410473
  424.039 0.0259848412 0.00136363523
  424.139 0.0262359505 0.00134850079
  424.239 0.0233628102 0.00130448611
  424.339 0.0252634925 0.0013213676
  424.439 0.0239839253 0.00130756298
  424.539 0.0232550904 0.00130388389
  424.639 0.0257093666 0.00133228781
  424.739 0.027336995 0.00135590177
  424.839 0.0214598198 0.00129393745
  424.939 0.0215537249 0.00127699111
  425.039 0.0234753995 0.00131480574
  425.139 0.024791907 0.00132126714
  425.239 0.0231432083 0.00130943565
  425.339 0.0235779597 0.00130067282
  425.439 0.0242936718 0.0013193108
  425.539 0.0278231661 0.00139026467
  425.639 0.0244239655 0.00133464875
  425.739 0.0249007666 0.0013249722
  425.839 0.0245924547 0.00131268433
  425.939 0.0274783283 0.00134728511
  426.039 0.0244352389 0.00131201671
  426.139 0.0241159558 0.00128604534
  426.239 0.024683469 0.00132117151
  426.339 0.0235355712 0.00130200527
  426.439 0.0254114307 0.00135531055
  426.539 0.0237814977 0.00131519995
  426.639 0.0240572833 0.00133675502
  426.739 0.0265324014 0.00132736467
  426.839 0.0247270438 0.00130992028
  426.939 0.0236240276 0.00131564625
  427.039 0.0246004537 0.00132677804
  427.139 0.0235063035 0.00132864498
  427.239 0.024015826 0.00131077605
  427.339 0.0260067079 0.00133987249
  427.439 0.0243948365 0.00131703277
  427.539 0.0258886337 0.00133261555
  427.639 0.0236303263 0.00131567526
  427.739 0.0243789642 0.00131691398
  427.839 0.0208287354 0.00128570273
  427.939 0.0246307323 0.00131217647
  428.039 0.0242746616 0.00133326832
  428.139 0.0260767049 0.00133452605
  428.239 0.0249647058 0.00132957748
  428.339 0.0228571102 0.00130019473
  428.439 0.0236298192 0.00131653771
  428.539 0.0243098723 0.0013145861
  428.639 0.0233380483 0.00130644767
  428.739 0.0227215871 0.00129242129
  428.839 0.0229458152 0.00130054958
  428.939 0.024125428 0.00133499133
  429.039 0.0247460458 0.00132137557
  429.139 0.0235252285 0.00130725081
  429.239 0.0259777966 0.00133324914
  429.339 0.0247334168 0.00131091942
  429.439 0.0256901959 0.00132965134
  429.539 0.0246318784 0.00130760739
  429.639 0.0233038351 0.00131897522
  429.739 0.024100803 0.00131178281
  429.839 0.0268566986 0.00133838777
  429.939 0.0261291431 0.00134957829
  430.039 0.0244121196 0.00131507779
  430.139 0.0249131161 0.00131764721
  430.239 0.0236912975 0.00131536081
  430.339 0.0257070257 0.00132236301
  430.439 0.0228992389 0.00130459705
  430.539 0.0253915095 0.00133222476


