# Data from DA_120913_E7.h5 stim 4
# Ratiometric estimator
# Ratiometric estimator:
#    Time    Ca (est)    Ca (se)
  991.882 0.0295936175 0.00112966494
  992.082 0.0291527591 0.00112561725
  992.282 0.0295262828 0.00113043216
  992.482 0.029864186 0.0011413915
  992.682 0.0294444983 0.0011300116
  992.882 0.0299256245 0.00113097582
  993.082 0.0314811004 0.00113446461
  993.282 0.0296320445 0.00112426006
  993.482 0.0376421565 0.00120169963
  993.682 0.0426432868 0.00124725782
  993.882 0.046725114 0.00130323638
  994.082 0.046322839 0.00129606499
  994.282 0.044814838 0.00126993223
  994.482 0.0458284853 0.00127614697
  994.682 0.0459412585 0.00128373528
  994.882 0.0454310795 0.00129090356
  995.082 0.0446419267 0.00127049003
  995.282 0.0430138459 0.00123898293
  995.482 0.042892264 0.00126140596
  995.682 0.044160866 0.00126171973
  995.882 0.0426350879 0.00126597715
  996.082 0.0431885178 0.00127624136
  996.282 0.0411096817 0.00123383275
  996.482 0.0427303793 0.00125037596
  996.682 0.0402228202 0.00123431452
  996.882 0.0435669966 0.0012682845
  997.082 0.0396481996 0.0012460559
  997.282 0.0405724822 0.00123842665
  997.482 0.0383893197 0.00121288048
  997.682 0.0376854317 0.00120696889
  997.882 0.0389431455 0.00121600266
  998.082 0.0392003688 0.00122088722
  998.282 0.0380798279 0.00119558176
  998.482 0.0363345884 0.00119496474
  998.682 0.0354068819 0.00120369452
  998.882 0.035170895 0.0011784035
  999.082 0.0360685584 0.00119653322
  999.282 0.0371299407 0.00118913814
  999.482 0.0372203492 0.00119615273
  999.682 0.0370576269 0.00120755299
  999.882 0.0360475507 0.00119634665
 1000.082 0.0350241551 0.00117117244
 1000.282 0.033771518 0.00118359372
 1000.482 0.035682554 0.0011819637
 1000.682 0.032990675 0.00116144093
 1000.882 0.0342056641 0.00118202066
 1001.082 0.0327187774 0.00117042201
 1001.282 0.0348761419 0.00116711403
 1001.482 0.0339499212 0.00116551616
 1001.682 0.034288015 0.00115953507
 1001.882 0.0314375694 0.00114837561
 1002.082 0.0305726509 0.00111881282
 1002.282 0.0316917245 0.00114499791
 1002.482 0.0304059038 0.00112650871
 1002.682 0.0319479994 0.00115849156
 1002.882 0.0296463366 0.00112516216
 1003.082 0.0298913321 0.00113747631
 1003.282 0.032258213 0.00115365007
 1003.482 0.0324638871 0.00114440847
 1003.682 0.0308262932 0.00115233084
 1003.882 0.0304979977 0.00116046718
 1004.082 0.0302862441 0.00113030449
 1004.282 0.0316641886 0.00115553046
 1004.482 0.0302841192 0.0011415631
 1004.682 0.0313291645 0.00113948748
 1004.882 0.031208249 0.00115400093
 1005.082 0.030121786 0.00113332093
 1005.282 0.0327187042 0.00116138356
 1005.482 0.0290690055 0.00112320527
 1005.682 0.0288768076 0.00112325177
 1005.882 0.0292616576 0.00113461514
 1006.082 0.030972055 0.00115159917
 1006.282 0.0289568757 0.00113710475
 1006.482 0.0275443578 0.00112379178
 1006.682 0.029730207 0.00114919309
 1006.882 0.029079391 0.00111472749
 1007.082 0.0304378888 0.00114056123
 1007.282 0.0304636246 0.00114099473
 1007.482 0.0296163683 0.00112424304
 1007.682 0.0293717531 0.0011340011
 1007.882 0.027950094 0.00112382901
 1008.082 0.0290622085 0.0011331716
 1008.282 0.030474641 0.00114764499
 1008.482 0.0280535516 0.00111882486
 1008.682 0.0287819369 0.00112030136
 1008.882 0.0285662547 0.00113253573
 1009.082 0.0301928618 0.00113631387
 1009.282 0.0308751781 0.00113873824
 1009.482 0.0297534523 0.00113765208
 1009.682 0.0276463527 0.0011205511
 1009.882 0.0298859064 0.00112810552
 1010.082 0.0281481594 0.00110864588
 1010.282 0.0259579709 0.00110414067
 1010.482 0.0291468089 0.00112345823
 1010.682 0.027812082 0.00109515744
 1010.882 0.0283422887 0.00113104482
 1011.082 0.0276170364 0.0011004516
 1011.282 0.0280397144 0.00113102566
 1011.482 0.0293508281 0.00112433815
 1011.682 0.0281396062 0.00111642959
 1011.882 0.0272161737 0.00110582666
 1012.082 0.0278461119 0.00110107256
 1012.282 0.0265857743 0.00109823621
 1012.482 0.0268474164 0.00109446249
 1012.682 0.0286483739 0.00113057104
 1012.882 0.0285279118 0.00111736571
 1013.082 0.0287949431 0.00112736699
 1013.282 0.0270040629 0.00110977293
 1013.482 0.0274283504 0.00110753396
 1013.682 0.0284279404 0.00113336929
 1013.882 0.0265470279 0.00110848338
 1014.082 0.0280479307 0.00111101958
 1014.282 0.0270777553 0.00112969302
 1014.482 0.0271059526 0.00110333715
 1014.682 0.02666363 0.00110867464
 1014.882 0.027456877 0.00110529955
 1015.082 0.0281739045 0.00112878215
 1015.282 0.0263307241 0.00111006932
 1015.482 0.0271298539 0.00110666464
 1015.682 0.0265601013 0.00110593956
 1015.882 0.028542221 0.00111161824
 1016.082 0.0269644346 0.00111924639
 1016.282 0.0268955364 0.00111599732
 1016.482 0.026676853 0.00110095125
 1016.682 0.0263879602 0.0010905625
 1016.882 0.0288873432 0.0011308228
 1017.082 0.0265734862 0.00111691163
 1017.282 0.0256933445 0.00109486946
 1017.482 0.0268968538 0.00111532042
 1017.682 0.0249186108 0.00107266034
 1017.882 0.0259124901 0.00111512184
 1018.082 0.0267996202 0.00109365815
 1018.282 0.0267689829 0.00111016131
 1018.482 0.0259876598 0.00111001288
 1018.682 0.0261118989 0.00111582397
 1018.882 0.0290203315 0.00113250545
 1019.082 0.0289667463 0.00111461452
 1019.282 0.028159346 0.0011097062
 1019.482 0.0272926242 0.00109826698
 1019.682 0.0272956103 0.00111401369
 1019.882 0.0272820746 0.00110439095
 1020.082 0.0274497358 0.00110943645
 1020.282 0.0252397483 0.00108415092
 1020.482 0.0271518111 0.00109461852
 1020.682 0.0282626806 0.00111147798
 1020.882 0.0262050666 0.0010888106
 1021.082 0.0276783782 0.0011170925
 1021.282 0.0269659546 0.00110066836
 1021.482 0.0266606263 0.00110488836
 1021.682 0.0272891617 0.00113530421
 1021.882 0.0278314093 0.0011187955
 1022.082 0.0252752494 0.00108795929
 1022.282 0.0264267361 0.00108827641
 1022.482 0.0263959224 0.00109485562
 1022.682 0.0263530052 0.0010955095
 1022.882 0.0260383834 0.00107574204
 1023.082 0.0276079889 0.00110824763
 1023.282 0.0260627975 0.0010928063
 1023.482 0.0268462918 0.0011215161
 1023.682 0.0263994411 0.00109902366
 1023.882 0.0275117195 0.00112116658
 1024.082 0.0268886859 0.00108710837
 1024.282 0.025056739 0.00107747194
 1024.482 0.0257995767 0.00109879347
 1024.682 0.026515376 0.00110182217
 1024.882 0.0272323446 0.00111755834
 1025.082 0.0265986352 0.00109786615
 1025.282 0.0251548619 0.001093306
 1025.482 0.0270408737 0.00110621254
 1025.682 0.0253514172 0.00108959294
 1025.882 0.0251247323 0.00109360868
 1026.082 0.0251714247 0.00109040112
 1026.282 0.0263974473 0.00110373634
 1026.482 0.0266195741 0.00109518169
 1026.682 0.0267467 0.00111362879
 1026.882 0.0242103068 0.00108420521
 1027.082 0.0275677443 0.00111223295
 1027.282 0.0269389339 0.0011014176
 1027.482 0.0258474347 0.00109728617
 1027.682 0.0268143908 0.00109933763
 1027.882 0.0263494851 0.00109779067
 1028.082 0.0266612316 0.00109434819
 1028.282 0.0259025556 0.00109395186
 1028.482 0.0265590391 0.00111897383
 1028.682 0.0261732076 0.00109986106
 1028.882 0.0271607828 0.00109918105
 1029.082 0.0248385742 0.00108477861
 1029.282 0.0253168844 0.00108913244
 1029.482 0.0253926004 0.00108958686
 1029.682 0.0259275765 0.00109152326
 1029.882 0.0245995891 0.00109414445
 1030.082 0.0256661567 0.00110477738
 1030.282 0.0260979521 0.00109857544
 1030.482 0.0272543005 0.00112883251
 1030.682 0.0263742093 0.00110103887
 1030.882 0.0249158675 0.00108339961
 1031.082 0.0264008725 0.00110468487
 1031.282 0.0258602644 0.00109076935
 1031.482 0.0256864829 0.00109438185
 1031.682 0.0241956935 0.00109325378


