# Cellular [Fura] for dataset DA_120913_E7.h5

# Loading curve with 39 elements
#    Time   AMPLITUDE
    0.021 0.551554027
   30.021 1.03382785
   60.021 0.879739124
   90.021 1.30527485
  210.021 35.9850928
  270.021 45.1438161
  330.021 52.504539
  420.021 60.4514561
  480.021 65.2915144
  540.021 68.9382809
  600.021 71.5813803
  690.021 74.3457202
  750.021 77.1551518
  810.021 78.8737189
  870.021 80.5704866
  930.021 82.7453475
 1020.021 84.2668243
 1080.021 85.0868392
 1140.021 86.5276882
 1200.021 86.4864784
 1260.021 88.8145321
 1320.021 87.7836905
 1380.021 89.3878855
 1440.021  91.04852
 1500.021 90.4853198
 1560.021 89.9313768
 1620.021 91.1115292
 1680.021 90.7484054
 1740.021 91.6156024
 1800.021 93.2194988
 1860.021 94.0096514
 1920.021 94.9437397
 1980.021 95.8608065
 2040.021 96.4938842
 2100.021 97.9433933
 2160.021 99.5604291
 2220.021  99.87219
 2280.021       100
 2340.021 93.1603717


# Stim 1 with 200 elements
#    Time   AMPLITUDE
  210.015 31.5212977
  210.115 30.6394682
  210.215 30.5328603
  210.315 30.9673547
  210.415 30.4083351
  210.515 31.0551494
  210.615 30.5448052
  210.715 30.2894837
  210.815 31.0318569
  210.915 31.1059151
  211.015 31.2862825
  211.115 31.2564204
  211.215 31.3215199
  211.315 31.1056165
  211.415 31.6816575
  211.515 31.1199503
  211.615 30.653802
  211.715 30.3324852
  211.815 29.9365131
  211.915 29.6683509
  212.015 30.1978069
  212.115 30.3931054
  212.215 30.1270336
  212.315 30.4695525
  212.415 29.4396068
  212.515 30.8046059
  212.615 30.8365584
  212.715 30.5089706
  212.815 30.3312908
  212.915 30.6400655
  213.015 30.5397286
  213.115 30.9237559
  213.215 31.1220407
  213.315 30.8010225
  213.415 30.611995
  213.515 30.8159536
  213.615 31.1256241
  213.715 30.6239399
  213.815 30.8458157
  213.915 31.1829595
  214.015 30.7535417
  214.115 30.9542153
  214.215 30.8153563
  214.315 30.382355
  214.415 31.1871402
  214.515 31.0530591
  214.615 30.9156932
  214.715 31.0330514
  214.815 31.0587329
  214.915 31.5272701
  215.015 31.5239853
  215.115 30.7750424
  215.215 31.5183115
  215.315 31.7754246
  215.415 31.6592609
  215.515 31.3277909
  215.615 31.115471
  215.715 31.4935259
  215.815 32.090769
  215.915 31.4128981
  216.015 32.5458683
  216.115 31.5245825
  216.215 31.3179364
  216.315 31.9698273
  216.415 32.0579206
  216.515 32.0650876
  216.615 31.9787859
  216.715 32.0522468
  216.815 31.6016269
  216.915 32.1585561
  217.015 32.0185026
  217.115 32.2197735
  217.215 31.6631429
  217.315 32.2690461
  217.415 31.6912134
  217.515 32.6775604
  217.615 32.501075
  217.715 32.2472467
  217.815 31.4209608
  217.915 31.8300724
  218.015 31.8369407
  218.115 32.3628133
  218.215 31.9259299
  218.315 32.4102941
  218.415 32.1406388
  218.515 32.2460522
  218.615 32.5566186
  218.715 32.2654626
  218.815 32.3965575
  218.915 32.891672
  219.015 32.9767792
  219.115 32.9513964
  219.215 32.5177978
  219.315 32.234406
  219.415 32.8319477
  219.515 32.5473614
  219.615 32.8274684
  219.715 32.6014119
  219.815 32.5515421
  219.915 32.8510595
  220.015 32.8337395
  220.115 32.6614348
  220.215 32.7229509
  220.315 32.7560979
  220.415 32.8734561
  220.515 33.0532263
  220.615 32.6300796
  220.715 33.5050407
  220.815 32.918548
  220.915 32.5649801
  221.015 33.021871
  221.115 33.2332951
  221.215 33.1171313
  221.315 32.7952173
  221.415 32.7357916
  221.515 33.8466638
  221.615 33.902506
  221.715 32.927208
  221.815 33.3981342
  221.915 32.7802862
  222.015 33.6164266
  222.115 32.8208987
  222.215 33.4790607
  222.315 32.8982417
  222.415 33.4506916
  222.515 32.9457225
  222.615 33.4883179
  222.715 33.1867101
  222.815 33.4572613
  222.915 33.5098187
  223.015 33.717062
  223.115 33.1416183
  223.215 33.5814879
  223.315 33.7740988
  223.415 33.571932
  223.515 33.3784252
  223.615 33.9069854
  223.715 33.8786163
  223.815 33.2837622
  223.915 33.4079887
  224.015 34.3083327
  224.115 33.702131
  224.215 33.5704389
  224.315 34.4340524
  224.415 34.0942211
  224.515 33.8681646
  224.615 33.863088
  224.715 33.683915
  224.815 32.8827134
  224.915 34.1470771
  225.015 34.1637999
  225.115 34.0082181
  225.215 33.4011204
  225.315 33.5417712
  225.415 33.4856303
  225.515 33.6591295
  225.615 33.9696959
  225.715 34.0413651
  225.815 33.9004157
  225.915 33.9544662
  226.015 34.4445042
  226.115 34.2814568
  226.215 33.8215796
  226.315 34.8533171
  226.415 34.0171767
  226.515 33.9222151
  226.615 34.4346497
  226.715 34.7114718
  226.815 33.8911584
  226.915 34.3883633
  227.015 34.5102009
  227.115 34.3585012
  227.215 34.9443967
  227.315 34.4125517
  227.415 34.3492439
  227.515 35.0351776
  227.615 34.8043432
  227.715 34.7162498
  227.815 34.5932177
  227.915 34.5517093
  228.015 34.3770157
  228.115 34.2504002
  228.215 34.527521
  228.315 34.9312573
  228.415 34.8996034
  228.515 34.3549177
  228.615 35.1546262
  228.715 34.3847799
  228.815 34.7341671
  228.915 34.3997109
  229.015 34.0760052
  229.115 34.9727657
  229.215 34.7559665
  229.315 34.4952698
  229.415 34.3226666
  229.515 34.9261807
  229.615 34.7317781
  229.715 35.1555221
  229.815 34.9019924
  229.915 35.1050551


# Stim 2 with 200 elements
#    Time   AMPLITUDE
  410.639 59.6621993
  410.739 59.2411429
  410.839 59.0273298
  410.939 59.7087843
  411.039 59.1049715
  411.139 59.4095654
  411.239 59.8031487
  411.339 59.5845577
  411.439 59.6051626
  411.539 59.712965
  411.639 60.054588
  411.739 59.582766
  411.839 59.6890752
  411.939 59.7983707
  412.039 59.1853007
  412.139 59.1754461
  412.239 59.2369622
  412.339 59.6753386
  412.439 59.2127738
  412.539 58.5125063
  412.639 58.2816718
  412.739 59.3062424
  412.839 59.6986311
  412.939 58.273609
  413.039 58.7466256
  413.139 59.0416637
  413.239 59.1139301
  413.339 58.4999642
  413.439 58.6083638
  413.539 58.2323992
  413.639 58.9876132
  413.739 58.470102
  413.839 58.814114
  413.939 58.7953009
  414.039 58.8618935
  414.139 59.5839604
  414.239 58.6955613
  414.339 59.2300939
  414.439 58.9144509
  414.539 58.3787238
  414.639 58.9069854
  414.739 59.4188227
  414.839 58.4491985
  414.939 58.9066867
  415.039 59.0640603
  415.139 59.1010894
  415.239 58.8508445
  415.339 59.1632027
  415.439 58.706013
  415.539 58.6450942
  415.639 59.7723906
  415.739 59.6433861
  415.839 58.8248644
  415.939 58.7101937
  416.039 59.6272606
  416.139 58.7884326
  416.239 58.5510285
  416.339 58.1272845
  416.439 59.1384171
  416.539 59.253685
  416.639 59.4298717
  416.739 59.2650326
  416.839 58.3933563
  416.939 59.5176665
  417.039 59.4776512
  417.139 59.2719009
  417.239 58.8830956
  417.339 59.0957142
  417.439 59.5941136
  417.539 59.3868702
  417.639 58.9410282
  417.739 59.3895578
  417.839 59.5657445
  417.939 59.2999713
  418.039 58.9449103
  418.139 59.4821305
  418.239 59.0100098
  418.339 59.6206909
  418.439 59.2895196
  418.539 59.5340906
  418.639 59.4397262
  418.739 59.1927662
  418.839 58.852039
  418.939 59.697138
  419.039 60.0196493
  419.139 59.3214721
  419.239 59.5415562
  419.339 59.4152393
  419.439 58.7042213
  419.539 59.5107982
  419.639 58.8185934
  419.739 59.7691058
  419.839 59.6813111
  419.939 59.5185623
  420.039 59.1688765
  420.139 59.7473064
  420.239 59.0353926
  420.339 58.8511431
  420.439 59.9981485
  420.539 59.3280418
  420.639 59.1291598
  420.739 59.5851549
  420.839 59.0777969
  420.939 59.5857522
  421.039 59.924389
  421.139 59.780752
  421.239 59.4869084
  421.339 59.4597339
  421.439 59.6899711
  421.539 60.0056141
  421.639 59.6601089
  421.739 59.944098
  421.839 59.8174825
  421.939 59.4752622
  422.039 59.6980339
  422.139 59.9279725
  422.239 58.8499486
  422.339 59.6660814
  422.439 59.9363339
  422.539 59.9485774
  422.639 58.7164648
  422.739 59.635622
  422.839 59.8327122
  422.939 58.9266944
  423.039 59.7679113
  423.139 60.0232328
  423.239 60.3421606
  423.339 59.9497719
  423.439 60.1050551
  423.539 59.7508899
  423.639 59.452567
  423.739 59.3169928
  423.839 59.7410354
  423.939 59.8103156
  424.039 59.392544
  424.139 59.6938532
  424.239 59.650553
  424.339 59.8058363
  424.439 59.6177047
  424.539 59.6619007
  424.639 59.7550706
  424.739 59.7628348
  424.839 60.1486538
  424.939 60.6049476
  425.039 59.6893739
  425.139 59.8646647
  425.239 60.2245037
  425.339 60.2316706
  425.439 59.7054994
  425.539 59.7888148
  425.639 59.3874675
  425.739 60.3051315
  425.839 59.7374519
  425.939 59.5588762
  426.039 60.0886309
  426.139 59.8876586
  426.239 60.5165556
  426.339 60.8435462
  426.439 60.0363721
  426.539 60.405767
  426.639 59.560668
  426.739 60.3896414
  426.839 61.0618386
  426.939 59.9921761
  427.039 60.0181562
  427.139 60.2893046
  427.239 60.4723596
  427.339 60.1782173
  427.439 60.7847177
  427.539 60.4454836
  427.639 60.5007286
  427.739 61.1221601
  427.839 60.2361499
  427.939 60.0471225
  428.039 60.1002771
  428.139 60.0193507
  428.239 60.2280871
  428.339 60.6879644
  428.439 59.9437994
  428.539 60.1471607
  428.639 60.8581786
  428.739 60.633018
  428.839 59.7368547
  428.939 60.4786306
  429.039 60.0731026
  429.139 60.0689219
  429.239 60.3968083
  429.339 60.5108818
  429.439 60.4102463
  429.539 59.3764185
  429.639 60.2137533
  429.739 59.8984089
  429.839 60.7832246
  429.939 60.4266705
  430.039 60.3660503
  430.139 60.776655
  430.239 60.0516018
  430.339 60.3839676
  430.439 60.9838983
  430.539 60.4311498


# Stim 3 with 200 elements
#    Time   AMPLITUDE
  671.261 74.7879787
  671.361 75.077343
  671.461 74.9456509
  671.561 75.1430397
  671.661 75.670704
  671.761 75.3443107
  671.861 75.2792112
  671.961 76.0263623
  672.061 75.5748465
  672.161 74.8318761
  672.261 74.554158
  672.361 74.9098163
  672.461 75.0200076
  672.561 75.1272128
  672.661 74.6601687
  672.761 74.0599393
  672.861 75.0424043
  672.961 74.2065625
  673.061 75.2890657
  673.161 74.839043
  673.261 74.9838744
  673.361 74.2149239
  673.461 74.426348
  673.561 74.432619
  673.661 74.9510261
  673.761 74.2561337
  673.861 74.4194797
  673.961 74.3063021
  674.061 74.9157887
  674.161 74.1572899
  674.261 74.5168303
  674.361 74.8683079
  674.461 75.4315082
  674.561 74.3083925
  674.661 74.2737524
  674.761 74.9229556
  674.861 74.8112712
  674.961 74.6768915
  675.061 74.6067154
  675.161 74.4006665
  675.261 74.1578872
  675.361 74.7566234
  675.461 74.1740128
  675.561 74.1399699
  675.661 74.5708808
  675.761 74.4687522
  675.861 74.6813708
  675.961 74.4508349
  676.061 74.5511718
  676.161 74.7267613
  676.261 74.3161566
  676.361 74.3439284
  676.461 74.4370984
  676.561 75.1030244
  676.661 74.8336678
  676.761 74.4577032
  676.861 74.9280322
  676.961 74.2558351
  677.061 74.7127261
  677.161 74.5045868
  677.261 75.2666691
  677.361 74.9110108
  677.461 74.5177262
  677.561 74.6476266
  677.661 74.3173511
  677.761 75.0447932
  677.861 74.6329941
  677.961 74.501302
  678.061 74.3940968
  678.161 74.7228792
  678.261 74.3451229
  678.361 74.406639
  678.461 75.434793
  678.561 74.5042882
  678.661 74.9946248
  678.761 74.7443799
  678.861 74.6909267
  678.961 74.8677106
  679.061 74.4448625
  679.161 73.6621754
  679.261 74.4645715
  679.361 74.9169832
  679.461 74.9575957
  679.561 73.5427268
  679.661 75.2642801
  679.761 75.2197855
  679.861 74.1142884
  679.961 74.9919372
  680.061 74.6431472
  680.161 74.5780477
  680.261 74.8423278
  680.361 75.3813397
  680.461 74.1387754
  680.561 74.5416159
  680.661 74.7166081
  680.761 74.0766621
  680.861 74.536838
  680.961 74.2412026
  681.061 74.9432619
  681.161 75.1463246
  681.261 75.2523352
  681.361 74.9319143
  681.461 75.6088894
  681.561 75.3404286
  681.661 75.1687212
  681.761 74.7124274
  681.861 74.2388136
  681.961 75.4031391
  682.061 74.4953296
  682.161 74.704066
  682.261 74.9104135
  682.361 74.4212714
  682.461 75.2511407
  682.561 75.5832079
  682.661 75.280107
  682.761 74.8136601
  682.861 75.149908
  682.961 75.432404
  683.061 75.2466614
  683.161 75.1391576
  683.261 75.5590196
  683.361 75.1475191
  683.461 74.9277336
  683.561 75.1469218
  683.661 75.1454287
  683.761 75.3583459
  683.861 74.7832007
  683.961 74.9698392
  684.061 75.0397167
  684.161 76.0499534
  684.261 75.4097088
  684.361 75.116761
  684.461 74.8064932
  684.561 75.0125421
  684.661 74.5042882
  684.761 75.3072816
  684.861 75.2206813
  684.961 75.3604362
  685.061 74.7157123
  685.161 75.3774577
  685.261 75.3616307
  685.361 74.839043
  685.461 75.0579326
  685.561 75.2391959
  685.661 74.4869682
  685.761 74.5867078
  685.861 74.6963019
  685.961 74.644939
  686.061 75.1021286
  686.161 75.4954132
  686.261 74.9322129
  686.361 75.3729783
  686.461 75.5204974
  686.561 74.8124657
  686.661 74.7975346
  686.761 75.2335221
  686.861 75.0645023
  686.961 74.8250078
  687.061 75.2436752
  687.161 75.3634224
  687.261 75.0519602
  687.361 74.0533696
  687.461 74.3173511
  687.561 75.3007119
  687.661 75.7576029
  687.761 74.7142192
  687.861 74.8596479
  687.961 75.2397931
  688.061 74.3167539
  688.161 74.8139588
  688.261 75.3777563
  688.361 74.1080174
  688.461 75.3687976
  688.561 75.5921666
  688.661 74.6455362
  688.761 75.0346401
  688.861 75.3902984
  688.961 75.4001529
  689.061 74.7467689
  689.161 74.6383693
  689.261 75.1938054
  689.361 74.5105593
  689.461 75.6901144
  689.561 75.2720442
  689.661 75.5524499
  689.761 74.501302
  689.861 75.0483767
  689.961 74.9125039
  690.061 74.6855515
  690.161 75.9260255
  690.261 76.1568599
  690.361 74.6452376
  690.461 75.2974271
  690.561 75.2639815
  690.661 74.7273585
  690.761 75.8274804
  690.861 76.0374113
  690.961 74.8262023
  691.061 74.6939129
  691.161 74.8877183


# Stim 4 with 200 elements
#    Time   AMPLITUDE
  991.882 83.750209
  992.082 84.7213264
  992.282 83.8878736
  992.482  84.08795
  992.682 83.743938
  992.882 84.293103
  993.082 83.860699
  993.282 83.8502473
  993.482 83.5755154
  993.682 83.4653241
  993.882 84.1802241
  994.082 83.9959746
  994.282 83.668984
  994.482 83.9986622
  994.682 83.5898493
  994.882 83.6191142
  995.082 83.4683103
  995.282 83.5549105
  995.482 82.7880504
  995.682 83.6343439
  995.882 83.7451325
  996.082  84.18112
  996.282 83.5369932
  996.482 83.0368021
  996.682 83.8866791
  996.882 82.9451253
  997.082 83.5283332
  997.282 83.0042524
  997.482 83.8412886
  997.682 84.1497647
  997.882 83.3870852
  998.082 83.2801787
  998.282 83.8394969
  998.482 83.2963043
  998.682 83.7543897
  998.882 83.9508827
  999.082 83.3891756
  999.282 84.1139301
  999.482 83.4357605
  999.682 83.5005614
  999.882 84.2065028
 1000.082 83.9819394
 1000.282 84.4988533
 1000.482 83.5832796
 1000.682 83.5065338
 1000.882 83.7069089
 1001.082 83.4444206
 1001.282 83.8842901
 1001.482 83.4082873
 1001.682 83.5307222
 1001.882 84.4486849
 1002.082 84.3411811
 1002.282 84.2405456
 1002.482 84.0147877
 1002.682 83.9873146
 1002.882 84.2429346
 1003.082 84.0174753
 1003.282 84.0040374
 1003.482 84.8876586
 1003.682 83.5337084
 1003.882 83.7866409
 1004.082 83.9920925
 1004.282 83.5659595
 1004.482 84.4340524
 1004.682 84.1987386
 1004.882 83.9171385
 1005.082 83.4632337
 1005.282 83.9177357
 1005.482 83.7161662
 1005.682 83.7893285
 1005.882 83.9007143
 1006.082 84.1742517
 1006.282 83.6382259
 1006.482 83.7902243
 1006.682 83.5823837
 1006.882 83.3796197
 1007.082 83.2969015
 1007.282 84.7258057
 1007.482 83.5014573
 1007.682 84.5663418
 1007.882 84.4352469
 1008.082 84.0386775
 1008.282 84.1306529
 1008.482 83.7155689
 1008.682 84.2133711
 1008.882 83.9174371
 1009.082 83.5755154
 1009.282 83.7427435
 1009.482 83.6734633
 1009.682 84.6678731
 1009.882 84.3587998
 1010.082 83.6256838
 1010.282 83.7687236
 1010.482 83.9640221
 1010.682 84.092728
 1010.882 83.1198189
 1011.082 83.9959746
 1011.282 83.5343056
 1011.482  83.71318
 1011.682 84.6090446
 1011.882 83.2589766
 1012.082 84.6251702
 1012.282 83.5841754
 1012.482 84.3217707
 1012.682 83.5958217
 1012.882 83.9938842
 1013.082 84.8168853
 1013.282 83.4357605
 1013.482 84.1497647
 1013.682 83.7543897
 1013.882 84.6842973
 1014.082 84.2772761
 1014.282 84.1563344
 1014.482 84.4669008
 1014.682  83.59403
 1014.882 83.7406531
 1015.082 84.4549559
 1015.282 83.3876825
 1015.482 84.0972073
 1015.682 83.5372919
 1015.882 84.6230799
 1016.082 84.2730954
 1016.282 83.8998184
 1016.482 84.3325211
 1016.682 83.5011587
 1016.882 84.2889223
 1017.082 84.5839604
 1017.282 85.1092358
 1017.482 84.5149789
 1017.682 84.4236007
 1017.882 84.439129
 1018.082 84.1927662
 1018.282 83.4073915
 1018.482 84.4872071
 1018.682 84.5973984
 1018.882 83.6827206
 1019.082 84.7153539
 1019.282 84.1070618
 1019.482 83.2876442
 1019.682 83.893846
 1019.882 83.9344585
 1020.082  83.96014
 1020.282 83.8296424
 1020.482 83.7884326
 1020.682 83.3058601
 1020.882 83.7788767
 1021.082 83.8105306
 1021.282 85.1608973
 1021.482 84.1476743
 1021.682 84.0637617
 1021.882 84.4430111
 1022.082 83.6860054
 1022.282 83.6459901
 1022.482 84.3244583
 1022.682 83.6854082
 1022.882 84.3346114
 1023.082 83.865477
 1023.282 84.1599178
 1023.482 84.154244
 1023.682 84.1154232
 1023.882 84.1363267
 1024.082 84.3713419
 1024.282 84.7688072
 1024.482 84.6756373
 1024.682 83.9037005
 1024.882 84.1184094
 1025.082 84.4319621
 1025.282 84.1001935
 1025.482 83.9938842
 1025.682 83.6740605
 1025.882 84.5355837
 1026.082 85.0071072
 1026.282 83.3210898
 1026.482 84.098999
 1026.682 83.8824984
 1026.882 83.571932
 1027.082 84.1428964
 1027.282 83.4871234
 1027.482 83.9538689
 1027.682 84.6168088
 1027.882 84.4047875
 1028.082  83.84099
 1028.282 84.5627583
 1028.482 83.578203
 1028.682 83.8711508
 1028.882 83.9177357
 1029.082 84.9160276
 1029.282 83.4844358
 1029.482 83.9750711
 1029.682 83.7517021
 1029.882 84.170071
 1030.082 83.6761509
 1030.282 83.9986622
 1030.482 83.4796579
 1030.682 83.8556224
 1030.882 84.1079577
 1031.082 83.1664039
 1031.282 84.1279653
 1031.482 83.3357223
 1031.682 84.1291598


