# Data from DA_120913_E7.h5 stim 1
# Ratiometric estimator
# Ratiometric estimator:
#    Time    Ca (est)    Ca (se)
  210.015 0.0178075779 0.00193410068
  210.115 0.0208255892 0.00196952047
  210.215 0.0195623418 0.00197274436
  210.315 0.018639472 0.0019522122
  210.415 0.0173143141 0.00193700138
  210.515 0.0193216027 0.00193357231
  210.615 0.0219758785 0.00195722011
  210.715 0.0187517555 0.00193313904
  210.815 0.0226617394 0.00197380201
  210.915 0.0222876527 0.00198446629
  211.015 0.023181993 0.00201067583
  211.115 0.0203590747 0.00197346738
  211.215 0.0180881454 0.00190420065
  211.315 0.020147729 0.00195123935
  211.415 0.0180425512 0.00191839665
  211.515 0.0258653497 0.00208309451
  211.615 0.10021808 0.00341726981
  211.715 0.148952748 0.00440551167
  211.815 0.156685523 0.0046872569
  211.915 0.152305144 0.00448824004
  212.015 0.150076453 0.00452284895
  212.115 0.148126248 0.00450134591
  212.215 0.133698303 0.00412076594
  212.315 0.127879155 0.00398118545
  212.415 0.126266712 0.00395977331
  212.515 0.122420466 0.003902977
  212.615 0.108535559 0.00365534756
  212.715 0.102508997 0.00348047864
  212.815 0.104955277 0.00349576354
  212.915 0.0917659721 0.00323351441
  213.015 0.0933281631 0.00324854921
  213.115 0.088357354 0.00318355627
  213.215 0.0805816857 0.00300557969
  213.315 0.0790566042 0.0029747071
  213.415 0.0669238231 0.00279752958
  213.515 0.0676572076 0.00275318385
  213.615 0.0691602874 0.00281353833
  213.715 0.0686025115 0.00273115047
  213.815 0.0594410717 0.00261336151
  213.915 0.0569946622 0.00257688701
  214.015 0.0630015557 0.00268052989
  214.115 0.0528926851 0.00247881344
  214.215 0.0551109205 0.00253770043
  214.315 0.0508611684 0.0024523445
  214.415 0.0485590551 0.00240165259
  214.515 0.0492471855 0.00244107026
  214.615 0.0430778281 0.00235665291
  214.715 0.0437405965 0.00230588406
  214.815 0.042634674 0.00228433212
  214.915 0.0421604798 0.00228678088
  215.015 0.0402284339 0.00226522716
  215.115 0.0406739139 0.0022317871
  215.215 0.0388546911 0.0022350191
  215.315 0.0365343314 0.0021679795
  215.415 0.0351611926 0.00220369276
  215.515 0.0393124656 0.00223157669
  215.615 0.0371309474 0.00221568213
  215.715 0.0354965625 0.00216218897
  215.815 0.0314529847 0.00207730296
  215.915 0.0287083062 0.00208326012
  216.015 0.0353010735 0.00219267057
  216.115 0.0320544427 0.00209295179
  216.215 0.0301285073 0.00209350327
  216.315 0.0290224028 0.00207445385
  216.415 0.0318503515 0.00208754398
  216.515 0.027243541 0.00206991237
  216.615 0.0298235898 0.00207302994
  216.715 0.0317666169 0.00210267971
  216.815 0.0297840073 0.00205837879
  216.915 0.0278629598 0.00202795273
  217.015 0.0290478522 0.00206701018
  217.115 0.0284215806 0.00205641027
  217.215 0.0296057137 0.0020793352
  217.315 0.0305245645 0.00208919485
  217.415 0.0299207773 0.00208294673
  217.515 0.0278896998 0.00200093547
  217.615 0.0291968937 0.00204423032
  217.715 0.0294583694 0.00204863848
  217.815 0.026979076 0.00201427419
  217.915 0.0241477091 0.00195286388
  218.015 0.0297558315 0.00204664005
  218.115 0.0250599647 0.001984621
  218.215 0.0231883673 0.00194561724
  218.315 0.0254725619 0.00197736869
  218.415 0.0232978581 0.0019340892
  218.515 0.0284499745 0.00203772151
  218.615 0.0260420559 0.00198030137
  218.715 0.0238978167 0.0019531633
  218.815 0.0248765085 0.00197468056
  218.915 0.0218184049 0.00193040661
  219.015 0.0252745762 0.00196290141
  219.115 0.0253836086 0.0019575088
  219.215 0.0234924063 0.0019640341
  219.315 0.0250934779 0.00195895057
  219.415 0.021930832 0.00186315218
  219.515 0.0238304622 0.00195571852
  219.615 0.0191120612 0.00186600362
  219.715 0.0196862349 0.00189452236
  219.815 0.0232539518 0.00191799431
  219.915 0.0221646929 0.00190428349
  220.015 0.0209224104 0.00188211507
  220.115 0.0217762892 0.00189215913
  220.215 0.0230735213 0.00190539607
  220.315 0.0237050791 0.00190785707
  220.415 0.0236814686 0.00194076415
  220.515 0.0205691243 0.00189380577
  220.615 0.0224983257 0.00192353473
  220.715 0.0219566514 0.00190836201
  220.815 0.0226647969 0.00190951667
  220.915 0.0186795552 0.001884536
  221.015 0.0224716847 0.00191160284
  221.115 0.0215476406 0.00189664845
  221.215 0.0193048573 0.00190927806
  221.315 0.0213872061 0.00188847632
  221.415 0.0187085402 0.00186016816
  221.515 0.022853487 0.00191424599
  221.615 0.0200160365 0.00187904236
  221.715 0.0225248828 0.00191772907
  221.815 0.0232779308 0.00190342738
  221.915 0.0196887112 0.00186101057
  222.015 0.0211509826 0.00186639121
  222.115 0.0201155971 0.00189273245
  222.215 0.0226519933 0.00192156964
  222.315 0.0184642725 0.00182776659
  222.415 0.0194252405 0.00184514731
  222.515 0.0199884333 0.00186881176
  222.615 0.0229341753 0.00193161479
  222.715 0.0230295523 0.0018683079
  222.815 0.0221419437 0.00190693629
  222.915 0.019511493 0.00181738439
  223.015 0.0195002331 0.00189042399
  223.115 0.019917739 0.00183938382
  223.215 0.0201416699 0.00186228996
  223.315 0.0245313077 0.00193940842
  223.415 0.0202721641 0.00189760153
  223.515 0.0204888202 0.00186748538
  223.615 0.0208890343 0.00185544834
  223.715 0.018634084 0.00180581793
  223.815 0.0183123268 0.00181025571
  223.915 0.0178123876 0.001826068
  224.015 0.0189482698 0.00182672985
  224.115 0.0215323361 0.00187840963
  224.215 0.0211566641 0.00185990989
  224.315 0.0228042655 0.00184965099
  224.415 0.0194526011 0.00182395662
  224.515 0.0204848658 0.0018349831
  224.615 0.0220907311 0.00187759753
  224.715 0.0216057932 0.00184869669
  224.815 0.0190237832 0.00184247886
  224.915 0.0194947805 0.00188016763
  225.015 0.0207706347 0.0018439695
  225.115 0.0188208694 0.00182492739
  225.215 0.0206216101 0.00182611159
  225.315 0.0228890961 0.00186164405
  225.415 0.0166157955 0.00179523126
  225.515 0.0188425365 0.00177763791
  225.615 0.0192596459 0.0018177061
  225.715 0.0209057831 0.00183897078
  225.815 0.0233132479 0.00190466561
  225.915 0.0200205538 0.00183898038
  226.015 0.0219303176 0.00188418472
  226.115 0.0181878058 0.00179113761
  226.215 0.0177303642 0.00177925068
  226.315 0.0231628111 0.00189573586
  226.415 0.0214597874 0.00184453574
  226.515 0.0201931306 0.00185331071
  226.615 0.02494308 0.00190176416
  226.715 0.0227312128 0.00187459173
  226.815 0.0203814997 0.00183800581
  226.915 0.0194027887 0.00182039239
  227.015 0.0223185416 0.00186292457
  227.115 0.0182852581 0.0018150148
  227.215 0.0199446138 0.00183319458
  227.315 0.0197122997 0.00180842156
  227.415 0.0196931258 0.00184337807
  227.515 0.0195300401 0.00181296806
  227.615 0.0193756933 0.00180490283
  227.715 0.018696129 0.00181604382
  227.815 0.0177168746 0.00179987268
  227.915 0.0196628811 0.00181484007
  228.015 0.0211331391 0.00184822774
  228.115 0.0205790455 0.00181664099
  228.215 0.0209795863 0.00181676834
  228.315 0.0195016812 0.00184545063
  228.415 0.0195594932 0.00182229444
  228.515 0.0210224753 0.00183033056
  228.615 0.0149728575 0.00175069263
  228.715 0.0222187166 0.00184624071
  228.815 0.0211064078 0.00182182195
  228.915 0.0185118011 0.00178583198
  229.015 0.0207816425 0.00183876836
  229.115 0.0186297724 0.00179598099
  229.215 0.0209440678 0.00182250113
  229.315 0.0193972202 0.00183027512
  229.415 0.019896406 0.0017987063
  229.515 0.0211299454 0.00182518501
  229.615 0.0213234757 0.00183822162
  229.715 0.0204805473 0.00178902694
  229.815 0.0195444327 0.00178820375
  229.915 0.0190005027 0.00179564448


