# Data from DA_121011_E3.h5 stim 4
# Ratiometric estimator
# Ratiometric estimator:
#    Time    Ca (est)    Ca (se)
  1816.88 0.133850965 0.00269744654
  1817.08 0.128728957 0.00263744832
  1817.28 0.131394805 0.00266353279
  1817.48 0.125341951 0.00262539746
  1817.68 0.126854116 0.00259683312
  1817.88 0.133143726 0.0026956649
  1818.08 0.12946999 0.0026196804
  1818.28 0.129897696 0.0026406795
  1818.48 0.231748664 0.00427984686
  1818.68 0.249531234 0.00462668312
  1818.88 0.257840146 0.00483993843
  1819.08 0.25009215 0.00464720452
  1819.28 0.257456406 0.00476481782
  1819.48 0.25353871 0.0047251735
  1819.68 0.251338702 0.00466282591
  1819.88 0.251368638 0.00472717435
  1820.08 0.243416244 0.00452040832
  1820.28 0.243505163 0.00448025155
  1820.48 0.242356835 0.00455368523
  1820.68 0.23868229 0.0044030777
  1820.88 0.232381176 0.00438409004
  1821.08 0.233017858 0.0044130395
  1821.28 0.228613816 0.00423388415
  1821.48 0.229065822 0.00428554634
  1821.68 0.226083665 0.00421595971
  1821.88 0.221623578 0.0041903797
  1822.08 0.222065871 0.00420196526
  1822.28 0.225136851 0.00420207371
  1822.48 0.209529634 0.00393696061
  1822.68 0.21269143 0.00398108169
  1822.88 0.209001808 0.00391758479
  1823.08 0.209021117 0.00392731744
  1823.28 0.208532981 0.00385881208
  1823.48 0.204922048 0.00386759452
  1823.68 0.203741683 0.00388841019
  1823.88 0.206084465 0.00384398604
  1824.08 0.209681203 0.00394568408
  1824.28 0.202585526 0.00378730242
  1824.48 0.20192339 0.0037976178
  1824.68 0.19761868 0.00374169384
  1824.88 0.194408189 0.00368822476
  1825.08 0.195621607 0.00367695489
  1825.28 0.195137177 0.00370664642
  1825.48 0.189252409 0.0035660096
  1825.68 0.186019035 0.00356408906
  1825.88 0.186722266 0.00356367472
  1826.08 0.192239324 0.00364322944
  1826.28 0.187921858 0.00350746913
  1826.48 0.183898968 0.00346441119
  1826.68 0.182871796 0.00345042946
  1826.88 0.183812803 0.00350202648
  1827.08 0.185483064 0.00347342505
  1827.28 0.175366322 0.00334333665
  1827.48 0.179479789 0.00338786984
  1827.68 0.17601525 0.00339229398
  1827.88 0.182013843 0.00345796033
  1828.08 0.177861092 0.00340671302
  1828.28 0.173566555 0.00333189226
  1828.48 0.166673362 0.00319580747
  1828.68 0.167188885 0.00325899112
  1828.88 0.17158437 0.00332968783
  1829.08 0.168272863 0.00324515404
  1829.28 0.163112186 0.00317887353
  1829.48 0.164934153 0.00319714353
  1829.68 0.164136665 0.00317878531
  1829.88 0.167888067 0.00326268794
  1830.08 0.16406482 0.00319068279
  1830.28 0.160574995 0.00313610734
  1830.48 0.16960852 0.00323581121
  1830.68 0.16403941 0.00315346508
  1830.88 0.15849012 0.00309620509
  1831.08 0.159088068 0.00310489475
  1831.28 0.159308865 0.00313334752
  1831.48 0.157411873 0.0030895235
  1831.68 0.154362459 0.00306137668
  1831.88 0.155119904 0.00297704942
  1832.08 0.1469679 0.00292721926
  1832.28 0.159475212 0.00309547213
  1832.48 0.155879706 0.00302068384
  1832.68 0.15224207 0.00298746623
  1832.88 0.150841584 0.00300756119
  1833.08 0.149999242 0.00297243364
  1833.28 0.151957048 0.00300827722
  1833.48 0.15352619 0.00300314262
  1833.68 0.157769685 0.00303259361
  1833.88 0.14695449 0.00295423352
  1834.08 0.152999539 0.00300194971
  1834.28 0.147136263 0.00292019974
  1834.48 0.14531582 0.00288498355
  1834.68 0.147278601 0.00291316072
  1834.88 0.150819423 0.00295170387
  1835.08 0.144464681 0.00283762627
  1835.28 0.142235322 0.00285593847
  1835.48 0.150737175 0.00295322809
  1835.68 0.144654237 0.00284090775
  1835.88 0.14099297 0.0028426716
  1836.08 0.145071825 0.00284005621
  1836.28 0.144594399 0.0028900885
  1836.48 0.142269157 0.00284810503
  1836.68 0.141753944 0.0028218753
  1836.88 0.140321763 0.00280192463
  1837.08 0.144234093 0.00282668357
  1837.28 0.140156751 0.00278971944
  1837.48 0.140334014 0.00277921101
  1837.68 0.138750178 0.00281842965
  1837.88 0.136974704 0.00278645219
  1838.08 0.13820583 0.00279372968
  1838.28 0.136945951 0.0027811479
  1838.48 0.134360338 0.00273239463
  1838.68 0.13958293 0.00281235223
  1838.88 0.138220822 0.00280356276
  1839.08 0.134625032 0.00271898682
  1839.28 0.135286451 0.00280882196
  1839.48 0.134454752 0.00273888377
  1839.68 0.132127158 0.00268310488
  1839.88 0.135130389 0.00272350444
  1840.08 0.132930226 0.00269301312
  1840.28 0.134823687 0.00276178683
  1840.48 0.13307128 0.00268794362
  1840.68 0.1358971 0.00274166169
  1840.88 0.133282195 0.00270213666
  1841.08 0.133564374 0.00274801151
  1841.28 0.130174698 0.00269343702
  1841.48 0.130856532 0.0026637969
  1841.68 0.131221598 0.00266065054
  1841.88 0.128781267 0.00266827443
  1842.08 0.132109223 0.0027311792
  1842.28 0.126814299 0.00260254052
  1842.48 0.130452586 0.00267497542
  1842.68 0.126881528 0.00260015177
  1842.88 0.123510815 0.00259541247
  1843.08 0.125270534 0.00255885325
  1843.28 0.124559944 0.00259933552
  1843.48 0.124913159 0.00260835989
  1843.68 0.127286777 0.00266512711
  1843.88 0.120988173 0.00257023394
  1844.08 0.127671472 0.00258553591
  1844.28 0.122733268 0.0025466923
  1844.48 0.127015435 0.00258885986
  1844.68 0.126525056 0.00262411919
  1844.88 0.128331651 0.00262920396
  1845.08 0.124809655 0.00258066035
  1845.28 0.125256645 0.00259799445
  1845.48 0.125554547 0.00256089838
  1845.68 0.124276553 0.00258095664
  1845.88 0.124017682 0.00256721047
  1846.08 0.120032082 0.0025502781
  1846.28 0.122685137 0.00254257305
  1846.48 0.129171517 0.00265728094
  1846.68 0.119511113 0.00256906633
  1846.88 0.120326802 0.00253409337
  1847.08 0.12483136 0.0025803351
  1847.28 0.124101554 0.00254357157
  1847.48 0.112908454 0.00241447512
  1847.68 0.121028569 0.0025197685
  1847.88 0.122050927 0.00249511575
  1848.08 0.117312097 0.00247738188
  1848.28 0.11946384 0.0024971937
  1848.48 0.123913706 0.0025926172
  1848.68 0.121885354 0.00254635676
  1848.88 0.1188933 0.00252527301
  1849.08 0.121658343 0.00251558988
  1849.28 0.119402826 0.00248928045
  1849.48 0.118554877 0.00249815193
  1849.68 0.119158975 0.00251020206
  1849.88 0.116388243 0.00250380818
  1850.08 0.12001599 0.0025141959
  1850.28 0.118130464 0.00249553415
  1850.48 0.120689846 0.00251983469
  1850.68 0.117869173 0.00248220724
  1850.88 0.114362421 0.00245396862
  1851.08 0.117196556 0.00248380589
  1851.28 0.118477155 0.00248857915
  1851.48 0.115748932 0.00244420542
  1851.68 0.120084603 0.00253468725
  1851.88 0.117240226 0.00247536276
  1852.08 0.115730076 0.00246499028
  1852.28 0.116334088 0.00248479273
  1852.48 0.11659537 0.00246901921
  1852.68 0.117209495 0.00247050998
  1852.88 0.120221514 0.00252263166
  1853.08 0.115436217 0.002419803
  1853.28 0.113622197 0.00243574887
  1853.48 0.114442833 0.0024798589
  1853.68 0.113942378 0.00244663952
  1853.88 0.118839582 0.00248135866
  1854.08 0.119515667 0.00251235158
  1854.28 0.112372611 0.00241010828
  1854.48 0.113489146 0.00242189016
  1854.68 0.115489392 0.00243307238
  1854.88 0.112662451 0.00242429249
  1855.08 0.11493734 0.00245830275
  1855.28 0.11639226 0.00247427484
  1855.48 0.11469416 0.00247304091
  1855.68 0.112374261 0.0024111429
  1855.88 0.10989193 0.00236966733
  1856.08 0.11118244 0.00241611235
  1856.28 0.111450278 0.0023845515
  1856.48 0.112742798 0.00241531718
  1856.68 0.111533802 0.00241397241


