# Data from DA_121011_E3.h5 stim 1
# Ratiometric estimator
# Ratiometric estimator:
#    Time    Ca (est)    Ca (se)
  435.015 0.0300465942 0.0039619713
  435.115 0.0296246137 0.00393796955
  435.215 0.0247842507 0.00386107893
  435.315 0.0202721028 0.00379872766
  435.415 0.0198312267 0.00375464799
  435.515 0.0239458442 0.00378269
  435.615 0.0212867138 0.00375756888
  435.715 0.0169598633 0.00366395857
  435.815 0.0355228467 0.00417724054
  435.915 0.0205784782 0.0036767694
  436.015 0.0321359953 0.00412135042
  436.115 0.0270544355 0.00390751478
  436.215 0.037881465 0.00420035141
  436.315 0.0234624927 0.00378972965
  436.415 0.0340689781 0.00409251336
  436.515 0.0291119938 0.00402005892
  436.615 0.133035827 0.00779789925
  436.715 0.151367387 0.00850815119
  436.815 0.14595847 0.00823468244
  436.915 0.136481384 0.00776121974
  437.015 0.131669882 0.00774005928
  437.115 0.103965334 0.00665685795
  437.215 0.0970402924 0.00624629548
  437.315 0.0963606012 0.00633413377
  437.415 0.0836471041 0.00580642476
  437.515 0.0679987804 0.00528602872
  437.615 0.0823647468 0.00578062138
  437.715 0.0685623386 0.00526703129
  437.815 0.0651274083 0.00523982595
  437.915 0.0717250238 0.00535810451
  438.015 0.0701781278 0.00523152449
  438.115 0.0606068514 0.00498547584
  438.215 0.0628635501 0.00496655476
  438.315 0.0506473041 0.00465149572
  438.415 0.04410585 0.00446229103
  438.515 0.056840362 0.00479724427
  438.615 0.0497871533 0.00458468787
  438.715 0.0449119889 0.00445716206
  438.815 0.0411527115 0.00419028681
  438.915 0.0450591956 0.0044574656
  439.015 0.0477566939 0.00452303276
  439.115 0.0434392738 0.00438800569
  439.215 0.0464965957 0.0044761292
  439.315 0.0352632452 0.00410494966
  439.415 0.0404355367 0.0042470559
  439.515 0.0349624379 0.00409479189
  439.615 0.0369293046 0.00415314216
  439.715 0.0354035586 0.00407687507
  439.815 0.0311888675 0.00393370684
  439.915 0.0323116231 0.00393495327
  440.015 0.0383443719 0.00421885385
  440.115 0.0315319949 0.00391176542
  440.215 0.0324892525 0.00403470098
  440.315 0.0375338945 0.00407832047
  440.415 0.0388291968 0.00420821161
  440.515 0.0399316146 0.00411292325
  440.615 0.0331683462 0.00403196216
  440.715 0.0361477135 0.00400334137
  440.815 0.0268097508 0.00376950596
  440.915 0.0263885103 0.0038678038
  441.015 0.0267099155 0.00390921982
  441.115 0.0309817906 0.00385157463
  441.215 0.0251298454 0.00375948984
  441.315 0.0315263597 0.00392118866
  441.415 0.0250854145 0.00374882651
  441.515 0.0270548246 0.00381981199
  441.615 0.0281143272 0.00382180882
  441.715 0.0285898659 0.00388938948
  441.815 0.0300727292 0.00381402349
  441.915 0.0364772357 0.00400358723
  442.015 0.0250841156 0.00381275814
  442.115 0.0238255107 0.00370985033
  442.215 0.0296048845 0.00388774724
  442.315 0.0289271377 0.00389451023
  442.415 0.0306614624 0.00389490463
  442.515 0.0318750086 0.00386317345
  442.615 0.03260792 0.00392560262
  442.715 0.0339333291 0.00390590542
  442.815 0.0232844932 0.00369856834
  442.915 0.0309529464 0.00386735488
  443.015 0.0334772514 0.00397239217
  443.115 0.0242915041 0.00368063187
  443.215 0.0346102757 0.00394753773
  443.315 0.0286387442 0.00385677011
  443.415 0.0250795778 0.00369732571
  443.515 0.0254336636 0.00376009623
  443.615 0.0312417442 0.00384954944
  443.715 0.025784281 0.00377971755
  443.815 0.0243098134 0.00369507311
  443.915 0.0237503814 0.00368737475
  444.015 0.0259914723 0.00380037917
  444.115 0.0253457317 0.00373685921
  444.215 0.0265973669 0.00385612638
  444.315 0.0274615353 0.00377291114
  444.415 0.0286401359 0.00371462698
  444.515 0.0281846338 0.00379216122
  444.615 0.0254040082 0.00365274751
  444.715 0.0281261796 0.00381698448
  444.815 0.027343978 0.00375363959
  444.915 0.0260788804 0.00369224247
  445.015 0.0343851034 0.00392000739
  445.115 0.022436347 0.00357450996
  445.215 0.0306397816 0.00377038984
  445.315 0.0272661203 0.00365461766
  445.415 0.0257880241 0.00370585601
  445.515 0.0306473709 0.0038188767
  445.615 0.0248571173 0.00362885189
  445.715 0.0344908788 0.00396732984
  445.815 0.0244951337 0.00361910491
  445.915 0.0303755362 0.00383954895
  446.015 0.0229972851 0.00360260547
  446.115 0.0254613621 0.00370173977
  446.215 0.0217908515 0.00364978244
  446.315 0.0229971587 0.0036075369
  446.415 0.0218664731 0.00358159028
  446.515 0.0188052179 0.00349815191
  446.615 0.0225935504 0.00360839017
  446.715 0.0238357272 0.00361285657
  446.815 0.0195877287 0.00353496525
  446.915 0.019068024 0.00356332871
  447.015 0.0276173296 0.00373855982
  447.115 0.0219424863 0.0036283455
  447.215 0.0236163725 0.00366077492
  447.315 0.0343227782 0.00387057818
  447.415 0.0287226588 0.00371657796
  447.515 0.0395066221 0.00399731124
  447.615 0.0351915246 0.00390118039
  447.715 0.0267013777 0.00368868496
  447.815 0.0197211354 0.00349809539
  447.915 0.0276481951 0.00363213697
  448.015 0.0292739938 0.00374232794
  448.115 0.0317454797 0.00376837065
  448.215 0.0245179435 0.0036247389
  448.315 0.020753915 0.00348327741
  448.415 0.0301456277 0.00379723796
  448.515 0.0250718295 0.00366842743
  448.615 0.0270514049 0.00370377201
  448.715 0.0273140292 0.00368521626
  448.815 0.0249659554 0.00355598006
  448.915 0.0268009433 0.00368303084
  449.015 0.0260629504 0.00362986614
  449.115 0.0212239896 0.00354606045
  449.215 0.020112878 0.00346129495
  449.315 0.026994318 0.00364762071
  449.415 0.0301851594 0.00371925627
  449.515 0.0265410457 0.00363197892
  449.615 0.0260273773 0.00366641364
  449.715 0.025848907 0.00364392758
  449.815 0.0223579297 0.00352772204
  449.915 0.0248584573 0.00367083258
  450.015 0.0219497673 0.00350599175
  450.115 0.0276148702 0.00367083097
  450.215 0.0282772254 0.00366072335
  450.315 0.032335803 0.00373643829
  450.415 0.0275432957 0.00363829128
  450.515 0.0236135979 0.00347595462
  450.615 0.0265944663 0.00356617143
  450.715 0.0254794694 0.003623048
  450.815 0.025671828 0.00364074771
  450.915 0.0260546666 0.00357896062
  451.015 0.0286906211 0.00372264393
  451.115 0.0253451398 0.00351259694
  451.215 0.0242139403 0.00351664445
  451.315 0.0305675752 0.00365165495
  451.415 0.0187033729 0.00339594699
  451.515 0.020897233 0.00344488264
  451.615 0.018354788 0.00335415241
  451.715 0.0239675156 0.00355779426
  451.815 0.0278600014 0.00354667277
  451.915 0.0211642039 0.0034968022
  452.015 0.0309702178 0.00370997864
  452.115 0.0239498151 0.00353720097
  452.215 0.0246051496 0.00351502759
  452.315 0.0233966288 0.00347736225
  452.415 0.0216030425 0.00350935351
  452.515 0.0265853355 0.00358096281
  452.615 0.0326817095 0.00366299343
  452.715 0.0174179841 0.00332579553
  452.815 0.0201612892 0.00348972278
  452.915 0.0308296148 0.0037028155
  453.015 0.0250005313 0.00350130527
  453.115 0.0181615468 0.00333910885
  453.215 0.0245715613 0.00350718137
  453.315 0.0232021697 0.00354896604
  453.415 0.0289276197 0.00362724296
  453.515 0.0240145819 0.00352452636
  453.615 0.0274566471 0.00359514653
  453.715 0.0290334541 0.00361787714
  453.815 0.0284096894 0.00359248172
  453.915 0.0234360622 0.0034343435
  454.015 0.0223701187 0.00353534057
  454.115 0.0241574596 0.00350119224
  454.215 0.0262588176 0.00356189781
  454.315 0.0193002564 0.00345667896
  454.415 0.0272434159 0.00357589483
  454.515 0.0235792058 0.00347636531
  454.615 0.0228877102 0.00345827149
  454.715 0.0226109082 0.00349211264
  454.815 0.027359274 0.00354303565
  454.915 0.0261753908 0.0036157829


