# Cellular [Fura] for dataset DA_121011_E3.h5

# Loading curve with 88 elements
#    Time   AMPLITUDE
    0.021 1.37041796
   30.021 1.69326782
   60.021 1.24673679
   90.021 1.22860452
  120.021 1.51218369
  150.021 2.0155928
  180.021 1.93824435
  210.021 1.31664146
  240.021 1.50330842
  270.021 1.50340386
  450.021 19.6373928
  510.021 25.0439111
  570.021 29.216099
  630.021 33.5477077
  690.021 37.867435
  750.021 41.3901058
  810.021 43.297907
  870.021 44.6803972
  930.021 50.820032
  990.021 53.4909632
 1050.021 57.3619168
 1110.021 61.0968783
 1200.021 66.0726121
 1260.021 67.0068535
 1320.021 69.5459441
 1380.021 71.5307597
 1440.021 72.9495622
 1500.021 73.1451999
 1560.021 75.6704527
 1620.021 78.036046
 1680.021 77.8131145
 1740.021 79.4379091
 1830.021 80.4829006
 1890.021 81.2036106
 1950.021 81.8391944
 2010.021 84.1303978
 2070.021 84.0589661
 2130.021 83.5667227
 2190.021 83.5789381
 2250.021 84.0091024
 2310.021 87.4653519
 2370.021 87.2480032
 2430.021 87.7453046
 2490.021 86.8396454
 2550.021 89.351108
 2610.021 89.2892675
 2670.021 90.2511844
 2730.021 90.3802099
 2790.021 91.8285966
 2850.021 90.1590916
 2910.021 90.7944368
 2970.021 90.8477839
 3030.021 92.0341593
 3090.021 91.8278808
 3150.021 92.8970645
 3210.021 93.8200448
 3270.021 92.2680179
 3330.021 94.0408768
 3390.021 92.1983995
 3450.021 94.024176
 3510.021 93.0944677
 3570.021 92.2570908
 3630.021 96.2590262
 3690.021 95.1712808
 3750.021 93.0266626
 3810.021 93.0355855
 3870.021 92.7685163
 3930.021 93.0856401
 3990.021 93.2305075
 4050.021 93.3859678
 4110.021 93.8009105
 4170.021 94.8298692
 4230.021 96.3779834
 4290.021 96.1856859
 4350.021 96.6643301
 4410.021 97.0543648
 4470.021 99.0044906
 4530.021 95.5802112
 4590.021 95.8598776
 4650.021 97.5543384
 4710.021 96.1623048
 4770.021 97.6188988
 4830.021 96.8185976
 4890.021       100
 4950.021 99.0899509
 5010.021 98.2595406
 5070.021 99.6646484
 5130.021 97.6902827


# Stim 1 with 200 elements
#    Time   AMPLITUDE
  435.015 16.5892148
  435.115 16.9054321
  435.215 17.0538781
  435.315 16.737136
  435.415 16.8159637
  435.515 17.4658147
  435.615 17.0599381
  435.715 16.538349
  435.815 17.194785
  435.915 17.5789505
  436.015 17.1325626
  436.115 16.8685472
  436.215 16.8921192
  436.315 16.6847433
  436.415 16.6989151
  436.515 17.4311248
  436.615 16.3805506
  436.715 15.7950691
  436.815 16.2216546
  436.915 16.749924
  437.015 16.7071223
  437.115 16.4829502
  437.215 16.5047566
  437.315 16.7850911
  437.415 16.6050567
  437.515 16.7566043
  437.615 16.635977
  437.715 16.3418048
  437.815 17.4040695
  437.915 16.8106671
  438.015 16.6754863
  438.115 16.7483494
  438.215 17.0662367
  438.315 16.8314715
  438.415 16.7801763
  438.515 17.0948189
  438.615 16.6701897
  438.715 16.9118738
  438.815 17.2679344
  438.915 17.5201161
  439.015 17.0169933
  439.115 16.8159159
  439.215 17.6145948
  439.315 17.4554125
  439.415 17.0941031
  439.515 16.9240892
  439.615 16.8962228
  439.715 17.6571579
  439.815 16.9498562
  439.915 17.0920036
  440.015 17.6367352
  440.115 17.3574505
  440.215 17.1979343
  440.315 17.8919708
  440.415 17.2653577
  440.515 17.4979279
  440.615 17.3894206
  440.715 17.2513767
  440.815 17.6873147
  440.915 17.5592436
  441.015 17.424015
  441.115 17.8826184
  441.215 17.7006753
  441.315 17.7330271
  441.415 18.1568928
  441.515 17.8700212
  441.615 17.7824137
  441.715 17.7274443
  441.815 17.7989713
  441.915 17.5570964
  442.015 18.2588153
  442.115 17.8867697
  442.215 17.8253108
  442.315 17.2434558
  442.415 17.7586986
  442.515 17.8309891
  442.615 17.8580444
  442.715 17.5374372
  442.815 18.0911872
  442.915 17.8815686
  443.015 17.3138376
  443.115 17.4619497
  443.215 17.649571
  443.315 17.991412
  443.415 17.8150518
  443.515 18.2515146
  443.615 17.5335244
  443.715 17.7891894
  443.815 18.4378476
  443.915 17.7677647
  444.015 17.6620727
  444.115 17.8205869
  444.215 18.1399535
  444.315 18.0716711
  444.415 17.9701304
  444.515 18.2362931
  444.615 17.450116
  444.715 17.2740421
  444.815 18.2915488
  444.915 17.9631161
  445.015 17.5900208
  445.115 17.9708462
  445.215 18.2046093
  445.315 17.4642401
  445.415 17.9353928
  445.515 17.8776081
  445.615 18.997753
  445.715 18.4513036
  445.815 18.233955
  445.915 18.1606624
  446.015 17.7281123
  446.115 17.8484056
  446.215 18.7078753
  446.315 17.7753039
  446.415 18.2651616
  446.515 18.0877039
  446.615 17.9818687
  446.715 18.3124486
  446.815 17.9443158
  446.915 18.2757546
  447.015 17.9466539
  447.115 18.1484947
  447.215 18.480029
  447.315 18.022046
  447.415 18.0954817
  447.515 18.2615351
  447.615 18.1633345
  447.715 18.7525856
  447.815 17.3302998
  447.915 18.030969
  448.015 18.2551411
  448.115 17.7094552
  448.215 18.0964837
  448.315 18.7198998
  448.415 18.2351479
  448.515 18.4622784
  448.615 18.8730221
  448.715 18.6080524
  448.815 18.6627832
  448.915 18.2446912
  449.015 18.4936759
  449.115 17.9743772
  449.215 18.2949844
  449.315 18.1992174
  449.415 18.9428313
  449.515 18.801161
  449.615 18.6453667
  449.715 18.7559735
  449.815 18.9558579
  449.915 18.4123193
  450.015 18.4323125
  450.115 18.6227968
  450.215 18.8903432
  450.315 18.2940778
  450.415 18.9923611
  450.515 18.7789251
  450.615 18.9523746
  450.715  18.52765
  450.815 18.8514065
  450.915 18.9440242
  451.015 18.5199677
  451.115 18.4466274
  451.215 18.3343505
  451.315 19.4644204
  451.415 18.7992524
  451.515 18.5003085
  451.615 18.9936017
  451.715 19.1876647
  451.815 18.7323538
  451.915 19.2485033
  452.015 18.5869617
  452.115 18.9327632
  452.215 19.0224225
  452.315 18.8636697
  452.415 18.821202
  452.515 18.9485573
  452.615 18.9103364
  452.715 18.7462871
  452.815 19.0289596
  452.915 19.1232951
  453.015 19.0254763
  453.115 19.4061586
  453.215 18.9519929
  453.315 19.4890899
  453.415 18.8270234
  453.515 18.9696003
  453.615 19.4274879
  453.715 18.9771395
  453.815 19.2232612
  453.915 18.6201246
  454.015 18.9669759
  454.115 19.1278759
  454.215 18.9205954
  454.315 19.3401189
  454.415 18.6643101
  454.515 19.0332064
  454.615 19.3439363
  454.715 19.1520205
  454.815 19.2480261
  454.915 19.0409365


# Stim 2 with 200 elements
#    Time   AMPLITUDE
  755.656 39.8948137
  755.756 40.2596064
  755.856 40.5009088
  755.956 40.6250194
  756.056 39.4759106
  756.156 40.3566618
  756.256 40.2500631
  756.356 40.7218362
  756.456 40.9165195
  756.556 39.9461567
  756.656 40.718162
  756.756 40.8486189
  756.856 41.1853066
  756.956 40.3895862
  757.056 40.4101043
  757.156 40.1463274
  757.256 39.3897346
  757.356 38.6358138
  757.456 38.4238571
  757.556 38.4062974
  757.656 39.0468438
  757.756 38.9172457
  757.856 38.8419968
  757.956 39.2557943
  758.056 39.0041375
  758.156 38.9196316
  758.256 38.7406947
  758.356 38.9069867
  758.456 39.458494
  758.556 39.6435386
  758.656 39.0747102
  758.756 39.2261147
  758.856 39.5003891
  758.956 39.248112
  759.056 39.4840224
  759.156 38.6611036
  759.256 39.4375942
  759.356 39.2377575
  759.456 40.2095995
  759.556 39.5406141
  759.656 40.1099197
  759.756 39.5514458
  759.856 39.9661022
  759.956 39.6262653
  760.056 39.2720657
  760.156 40.3227353
  760.256 39.5787873
  760.356 39.9940164
  760.456 40.1646983
  760.556 39.0539058
  760.656 39.2340356
  760.756 39.7348203
  760.856 39.9370428
  760.956 39.7541932
  761.056 39.8955295
  761.156 39.9700627
  761.256 39.9074586
  761.356 39.7782423
  761.456 40.3116174
  761.556 40.3876775
  761.656 39.2070281
  761.756 39.9016849
  761.856 39.7340091
  761.956 38.9666323
  762.056 39.5016298
  762.156 40.1077248
  762.256 40.7125315
  762.356 40.3551826
  762.456 40.0962728
  762.556 39.9283107
  762.656 40.1798721
  762.756 39.787213
  762.856 39.5344587
  762.956 39.783348
  763.056 40.7952719
  763.156 40.9498733
  763.256 40.3059391
  763.356 39.7074788
  763.456 39.9517872
  763.556 40.3534171
  763.656 39.7340568
  763.756 40.0063749
  763.856 39.6168651
  763.956 40.2144666
  764.056 39.6031705
  764.156 40.9742565
  764.256 39.4964764
  764.356 40.5367916
  764.456 40.2564571
  764.556 40.3646304
  764.656 39.8558771
  764.756 40.153294
  764.856 39.7554816
  764.956 39.9653864
  765.056 39.9405262
  765.156 40.7029882
  765.256 40.4632604
  765.356 39.8804034
  765.456 39.9941118
  765.556 40.5968666
  765.656 40.6797025
  765.756 40.1837372
  765.856 40.1325374
  765.956 40.8948085
  766.056 40.942525
  766.156 40.075373
  766.256 40.8368807
  766.356 40.5370302
  766.456 40.2691974
  766.556 40.3350462
  766.656 39.801194
  766.756 40.8284348
  766.856 40.8480463
  766.956 40.693922
  767.056 40.3495997
  767.156 40.3815221
  767.256 40.7042288
  767.356 40.8177941
  767.456 40.3465936
  767.556 40.7063283
  767.656 39.8879903
  767.756 41.0208278
  767.856 40.9570785
  767.956 41.3297444
  768.056 40.5604112
  768.156 40.3136692
  768.256 40.7013181
  768.356 40.878728
  768.456 40.7597708
  768.556 40.7599139
  768.656 40.2411878
  768.756 40.8419386
  768.856 40.5548284
  768.956 41.0400575
  769.056 40.2486793
  769.156 40.2749234
  769.256 40.933602
  769.356 40.063253
  769.456 40.4653122
  769.556 41.2852726
  769.656 40.7525656
  769.756 40.8383122
  769.856 40.2640918
  769.956 40.9483941
  770.056 41.4689335
  770.156 40.7985166
  770.256 40.395837
  770.356 41.185068
  770.456 40.9361787
  770.556 41.1980469
  770.656 40.8348766
  770.756 40.4407383
  770.856 40.9013934
  770.956 40.6052648
  771.056 40.4180252
  771.156 41.4420213
  771.256 40.7451218
  771.356 40.5846035
  771.456 41.5305355
  771.556 41.1140181
  771.656 40.6144263
  771.756 40.8901323
  771.856 41.3679176
  771.956 40.402565
  772.056 40.9503028
  772.156 40.5276777
  772.256 40.8134041
  772.356 40.6562737
  772.456 40.9807936
  772.556 40.7329064
  772.656 40.5098317
  772.756 40.9844201
  772.856 40.0840097
  772.956 40.9806505
  773.056 41.3485924
  773.156 40.8906094
  773.256 41.1474197
  773.356 40.6008271
  773.456 40.6501183
  773.556 40.7805752
  773.656 41.1201735
  773.756 40.6507386
  773.856 41.5344005
  773.956 40.9772626
  774.056 41.4069974
  774.156 39.8899944
  774.256 41.2253884
  774.356 40.5854147
  774.456 40.6417679
  774.556 41.2149862
  774.656 41.0962676
  774.756 41.2486741
  774.856 41.5911354
  774.956 41.1597305
  775.056 40.051801
  775.156 41.1933707
  775.256 40.6302682
  775.356 41.4746594
  775.456 41.4758046
  775.556 41.2256747


# Stim 3 with 200 elements
#    Time   AMPLITUDE
 1196.275 65.4260058
 1196.375 65.4837427
 1196.475 64.662828
 1196.575 65.1868507
 1196.675 65.9419166
 1196.775 66.1269135
 1196.875 66.1789245
 1196.975 65.9896808
 1197.075 65.138991
 1197.175 65.618351
 1197.275 65.4954333
 1197.375 65.4550174
 1197.475 65.9141456
 1197.575 65.2536538
 1197.675 64.9900678
 1197.775 65.7872674
 1197.875 63.3468546
 1197.975 64.173543
 1198.075 62.9267108
 1198.175 62.5097163
 1198.275 63.5292748
 1198.375 63.1381426
 1198.475 63.0630846
 1198.575 62.9969495
 1198.675 62.783275
 1198.775 63.373719
 1198.875 63.9468896
 1198.975 62.8255041
 1199.075 63.5212107
 1199.175 63.2502764
 1199.275 63.7225266
 1199.375 63.6533377
 1199.475 63.3129759
 1199.575 63.8526495
 1199.675 63.0039638
 1199.775 64.0341631
 1199.875 63.6125878
 1199.975 63.8626223
 1200.075 63.6392136
 1200.175 62.845211
 1200.275 63.4266366
 1200.375 63.6503316
 1200.475 63.7930993
 1200.575 64.1905301
 1200.675 64.3885059
 1200.775 64.0527725
 1200.875 64.1312662
 1200.975 63.8322746
 1201.075 63.5762278
 1201.175 64.262582
 1201.275 63.9559558
 1201.375 64.4089762
 1201.475 62.694236
 1201.575 63.8978371
 1201.675 62.8763699
 1201.775 63.3611696
 1201.875 64.3989558
 1201.975 63.9270873
 1202.075 64.2694055
 1202.175 63.7079254
 1202.275 63.7539718
 1202.375 63.9453627
 1202.475 64.9239805
 1202.575 63.4631397
 1202.675 64.2056562
 1202.775 64.3821596
 1202.875 64.3223231
 1202.975 64.0680418
 1203.075 63.3462343
 1203.175 64.0929021
 1203.275 63.9621112
 1203.375 63.9871146
 1203.475 63.724149
 1203.575 64.441662
 1203.675 64.0951925
 1203.775 64.1769786
 1203.875 64.5128551
 1203.975 65.0213698
 1204.075 64.1968287
 1204.175 63.5471208
 1204.275 64.0396505
 1204.375 64.5813282
 1204.475 63.6510473
 1204.575 64.3842114
 1204.675 64.0761059
 1204.775 64.2086624
 1204.875 65.114751
 1204.975 63.9062829
 1205.075 64.2794736
 1205.175 64.6112465
 1205.275 64.1921524
 1205.375 64.1917707
 1205.475 64.4895694
 1205.575 64.5822349
 1205.675 64.8692019
 1205.775 63.945983
 1205.875 64.3571561
 1205.975 64.4471972
 1206.075 64.7225691
 1206.175 64.6822964
 1206.275 64.7716694
 1206.375 65.015119
 1206.475 64.232282
 1206.575 63.9045651
 1206.675 64.3195555
 1206.775 64.4294943
 1206.875 64.9713152
 1206.975 63.9128678
 1207.075 64.2125751
 1207.175 64.0778714
 1207.275 64.9875388
 1207.375 64.1417638
 1207.475 64.8653846
 1207.575 64.0387439
 1207.675 64.6843482
 1207.775 63.9213136
 1207.875 63.7590775
 1207.975 64.7465228
 1208.075 63.9280893
 1208.175 65.1110291
 1208.275 64.1701074
 1208.375 65.1598908
 1208.475 64.5501217
 1208.575 64.9517037
 1208.675 64.6077632
 1208.775  64.39218
 1208.875 64.1399983
 1208.975 64.4189013
 1209.075 64.7864138
 1209.175 64.506127
 1209.275 64.8044506
 1209.375 65.1015813
 1209.475 64.8007287
 1209.575 64.2337135
 1209.675 63.791143
 1209.775 65.3795299
 1209.875 64.6410693
 1209.975 64.6559569
 1210.075 64.807409
 1210.175 64.3183626
 1210.275 64.4150362
 1210.375 64.1508777
 1210.475 64.6231279
 1210.575 64.6483222
 1210.675 64.8024942
 1210.775 65.2176278
 1210.875 64.9525149
 1210.975 64.086699
 1211.075 63.8525064
 1211.175 64.7209467
 1211.275 64.5590924
 1211.375 63.7454305
 1211.475 64.5149069
 1211.575 64.0651788
 1211.675 63.8600456
 1211.775 65.0331558
 1211.875 64.2336181
 1211.975 64.7744369
 1212.075 64.3859292
 1212.175 64.6344844
 1212.275 64.1972104
 1212.375 64.0549675
 1212.475 64.4225754
 1212.575 63.9238426
 1212.675 64.4285877
 1212.775 64.7822147
 1212.875 64.6123917
 1212.975 65.5548881
 1213.075 64.8563662
 1213.175 65.2350921
 1213.275 65.3310977
 1213.375 64.5846207
 1213.475 65.160368
 1213.575 65.2091343
 1213.675 65.648317
 1213.775 64.3059563
 1213.875 64.6846822
 1213.975 64.3442249
 1214.075 64.4231003
 1214.175 64.8758822
 1214.275 64.4650431
 1214.375 65.6177784
 1214.475 65.2615747
 1214.575 65.0279547
 1214.675 65.3237016
 1214.775 64.9315674
 1214.875 65.5479692
 1214.975 64.5833801
 1215.075 65.3876417
 1215.175 64.7417034
 1215.275 64.524307
 1215.375 65.1084525
 1215.475 65.9570905
 1215.575 64.9969867
 1215.675 64.9705995
 1215.775 64.8554118
 1215.875 64.4455748
 1215.975 64.941731
 1216.075 64.4774971
 1216.175 64.5062225


# Stim 4 with 200 elements
#    Time   AMPLITUDE
  1816.88 81.026821
  1817.08 80.5461726
  1817.28 81.1301272
  1817.48 79.9802072
  1817.68 79.7648149
  1817.88 79.3277317
  1818.08 80.5945095
  1818.28 81.700578
  1818.48 80.2700849
  1818.68 79.2469477
  1818.88 79.7903432
  1819.08 79.6344534
  1819.28 79.8390618
  1819.48 79.0404784
  1819.68 79.7957352
  1819.88 79.2952368
  1820.08 78.9690468
  1820.28 78.7794691
  1820.48 79.4809494
  1820.68 79.5117266
  1820.88 79.221992
  1821.08 79.0523598
  1821.28 79.6627016
  1821.48 78.9120733
  1821.68 78.7550383
  1821.88 79.2231372
  1822.08 79.5177866
  1822.28 79.9995324
  1822.48 79.5265187
  1822.68 79.6080185
  1822.88 79.703356
  1823.08 79.5286659
  1823.28 79.5376366
  1823.48 79.9034313
  1823.68 79.864781
  1823.88 79.5568187
  1824.08 78.7562789
  1824.28 80.3308281
  1824.48 79.9997232
  1824.68 79.2885088
  1824.88 79.7273097
  1825.08 79.9197027
  1825.28 79.2754344
  1825.48 79.4422036
  1825.68 80.1843384
  1825.88 80.7777408
  1826.08 79.2661774
  1826.28 79.8185437
  1826.48 79.050642
  1826.68 79.8149649
  1826.88 79.8194503
  1827.08 79.2594017
  1827.28 79.6613655
  1827.48 79.5478002
  1827.68 79.5743783
  1827.88 79.9047197
  1828.08 79.9310592
  1828.28 79.2766274
  1828.48 79.9920886
  1828.68 80.2857837
  1828.88 80.6001877
  1829.08 78.9261019
  1829.28 80.2715164
  1829.48 80.585825
  1829.68 79.6995387
  1829.88 79.5129672
  1830.08 79.3189519
  1830.28 80.0513525
  1830.48 79.6176572
  1830.68 79.9609774
  1830.88 79.7898661
  1831.08 80.5918373
  1831.28 80.1099484
  1831.48 80.6372157
  1831.68 80.8043666
  1831.88 79.5355371
  1832.08 79.7187685
  1832.28 81.2775235
  1832.48 79.6197567
  1832.68 80.0579851
  1832.88 80.6771544
  1833.08 80.0165672
  1833.28 80.9787227
  1833.48 79.8348627
  1833.68 81.2121996
  1833.88 80.7727783
  1834.08 80.5151092
  1834.28 79.4902541
  1834.48 80.8422535
  1834.68 80.0139905
  1834.88 80.8574274
  1835.08 80.7399971
  1835.28 80.2051905
  1835.48 81.1941627
  1835.68 80.4150954
  1835.88 81.7549748
  1836.08 80.0550744
  1836.28 80.1408209
  1836.48 79.9357354
  1836.68 79.7499751
  1836.88 81.1304612
  1837.08 79.7933017
  1837.28 80.5618236
  1837.48 80.7183338
  1837.68 79.8411613
  1837.88 80.5366771
  1838.08 79.8027495
  1838.28 81.116528
  1838.48 80.9828741
  1838.68 80.2227979
  1838.88 79.8709841
  1839.08 80.1009299
  1839.28 79.7933494
  1839.48 80.9491862
  1839.68 80.4835686
  1839.88 81.1729289
  1840.08 79.9123543
  1840.28 80.1112844
  1840.48 80.130705
  1840.68 80.3127435
  1840.88 80.2237522
  1841.08 80.1301324
  1841.28 80.4173858
  1841.48 80.368715
  1841.68 80.8579045
  1841.88 80.7366569
  1842.08 80.2081012
  1842.28 80.3934321
  1842.48 79.9634587
  1842.68 79.7095592
  1842.88 80.2699418
  1843.08 81.1179595
  1843.28 80.8553756
  1843.48 80.702301
  1843.68 80.8630579
  1843.88 80.3315915
  1844.08 79.7327971
  1844.28 80.3540183
  1844.48 79.9847403
  1844.68 80.9431262
  1844.88 80.9971413
  1845.08 79.9573987
  1845.28 80.6000923
  1845.48 79.9798732
  1845.68 81.4698687
  1845.88 80.3669495
  1846.08 81.1061258
  1846.28 80.3356474
  1846.48 81.3002365
  1846.68 80.0953471
  1846.88 81.3127383
  1847.08 80.2060494
  1847.28 80.5202626
  1847.48 80.6542505
  1847.68 80.2358245
  1847.88 81.187387
  1848.08 81.3980554
  1848.28 80.9501405
  1848.48 80.8039849
  1848.68 80.1502211
  1848.88 80.7800789
  1849.08 81.3647492
  1849.28 79.9804935
  1849.48 81.7659496
  1849.68 81.0413268
  1849.88 80.8351915
  1850.08 80.603671
  1850.28 81.0589819
  1850.48 81.1031674
  1850.68 80.6804469
  1850.88 80.3318301
  1851.08 80.0012025
  1851.28 80.4767451
  1851.48 80.7281157
  1851.68 81.0244829
  1851.88 80.5022257
  1852.08 81.3431337
  1852.28 80.4816599
  1852.48 81.1833311
  1852.68 80.170262
  1852.88 79.6845557
  1853.08 81.0062552
  1853.28 79.905674
  1853.48 80.6312034
  1853.68 81.2407818
  1853.88 80.2292873
  1854.08 80.5148229
  1854.28 81.5281305
  1854.48 81.1755056
  1854.68 80.3833639
  1854.88 80.2977605
  1855.08 79.4089452
  1855.28 80.6508149
  1855.48 80.6414625
  1855.68 81.5185395
  1855.88 80.1438271
  1856.08 80.667802
  1856.28 80.5995674
  1856.48 80.8271751
  1856.68 80.7911969


