# τ vs mean κ linear regression for data set DA_121011_E3.h5
# Using stimulation: 1, 2, 3
# Best fit: tau = -0.648177 + 0.0313714 kappa_Fura
# Covariance matrix:
# [ +3.00629e-02, -2.38557e-04  
#   -2.38557e-04, +2.19720e-06  ]
# Total sum of squares (TSS) = 470.696
# chisq (Residual sum of squares, RSS) = 22.7773
# Probability of observing a larger of equal RSS per DOF under the null hypothesis: 1.81905e-06
# R squared (1-RSS/TSS) = 0.951609
# Estimated gamma/v with standard error: 31.8761 +/- 1.50614
# Estimates kappa_S with standard error (using error propagation): -21.6614 +/- 5.61246
# kappa_S confidence intervals based on parametric bootstrap
# 0.95 CI for kappa_S: [-30.0742,-11.4398]
# 0.99 CI for kappa_S: [-32.3528,-7.92428]


# The data
# κ_Fura  τ   τ_SE
64.9136 1.47966 0.0933651
132.312 3.03295 0.122822
166.536 4.92475 0.129902


# The fitted data
# Preticted values with lower and upper bounds of 0.95 CI
# κ_Fura  τ   τ_lwr  τ_upr
0 -0.648177 -0.988015 -0.308339
0.699452 -0.626234 -0.964187 -0.288282
1.3989 -0.604291 -0.94036 -0.268222
2.09835 -0.582349 -0.916536 -0.248162
2.79781 -0.560406 -0.892713 -0.228099
3.49726 -0.538463 -0.868891 -0.208034
4.19671 -0.51652 -0.845072 -0.187968
4.89616 -0.494577 -0.821255 -0.1679
5.59561 -0.472635 -0.797439 -0.14783
6.29506 -0.450692 -0.773625 -0.127758
6.99452 -0.428749 -0.749814 -0.107684
7.69397 -0.406806 -0.726004 -0.0876082
8.39342 -0.384863 -0.702197 -0.0675303
9.09287 -0.362921 -0.678391 -0.0474503
9.79232 -0.340978 -0.654587 -0.0273682
10.4918 -0.319035 -0.630786 -0.0072839
11.1912 -0.297092 -0.606987 0.0128025
11.8907 -0.275149 -0.58319 0.0328912
12.5901 -0.253207 -0.559395 0.0529821
13.2896 -0.231264 -0.535603 0.0730753
13.989 -0.209321 -0.511813 0.0931709
14.6885 -0.187378 -0.488025 0.113269
15.3879 -0.165435 -0.46424 0.133369
16.0874 -0.143493 -0.440457 0.153472
16.7868 -0.12155 -0.416677 0.173577
17.4863 -0.0996071 -0.3929 0.193685
18.1857 -0.0776643 -0.369124 0.213796
18.8852 -0.0557215 -0.345352 0.233909
19.5846 -0.0337787 -0.321582 0.254025
20.2841 -0.0118359 -0.297816 0.274144
20.9835 0.0101068 -0.274052 0.294265
21.683 0.0320496 -0.25029 0.31439
22.3825 0.0539924 -0.226532 0.334517
23.0819 0.0759352 -0.202777 0.354647
23.7814 0.097878 -0.179025 0.374781
24.4808 0.119821 -0.155276 0.394917
25.1803 0.141764 -0.13153 0.415057
25.8797 0.163706 -0.107787 0.4352
26.5792 0.185649 -0.0840476 0.455346
27.2786 0.207592 -0.0603116 0.475496
27.9781 0.229535 -0.036579 0.495648
28.6775 0.251478 -0.0128499 0.515805
29.377 0.27342 0.0108756 0.535965
30.0764 0.295363 0.0345975 0.556129
30.7759 0.317306 0.0583156 0.576296
31.4753 0.339249 0.0820299 0.596467
32.1748 0.361192 0.10574 0.616643
32.8742 0.383134 0.129447 0.636822
33.5737 0.405077 0.153149 0.657005
34.2731 0.42702 0.176848 0.677192
34.9726 0.448963 0.200542 0.697384
35.672 0.470905 0.224232 0.717579
36.3715 0.492848 0.247917 0.73778
37.0709 0.514791 0.271598 0.757984
37.7704 0.536734 0.295274 0.778194
38.4698 0.558677 0.318946 0.798407
39.1693 0.580619 0.342613 0.818626
39.8687 0.602562 0.366275 0.83885
40.5682 0.624505 0.389931 0.859079
41.2676 0.646448 0.413583 0.879312
41.9671 0.668391 0.43723 0.899551
42.6665 0.690333 0.460871 0.919796
43.366 0.712276 0.484507 0.940045
44.0654 0.734219 0.508137 0.960301
44.7649 0.756162 0.531762 0.980562
45.4644 0.778105 0.55538 1.00083
46.1638 0.800047 0.578993 1.0211
46.8633 0.82199 0.602599 1.04138
47.5627 0.843933 0.6262 1.06167
48.2622 0.865876 0.649794 1.08196
48.9616 0.887819 0.673381 1.10226
49.6611 0.909761 0.696962 1.12256
50.3605 0.931704 0.720535 1.14287
51.06 0.953647 0.744102 1.16319
51.7594 0.97559 0.767662 1.18352
52.4589 0.997532 0.791214 1.20385
53.1583 1.01948 0.814759 1.22419
53.8578 1.04142 0.838296 1.24454
54.5572 1.06336 0.861825 1.2649
55.2567 1.0853 0.885346 1.28526
55.9561 1.10725 0.908859 1.30563
56.6556 1.12919 0.932363 1.32602
57.355 1.15113 0.955859 1.3464
58.0545 1.17307 0.979346 1.3668
58.7539 1.19502 1.00282 1.38721
59.4534 1.21696 1.02629 1.40763
60.1528 1.2389 1.04975 1.42806
60.8523 1.26085 1.0732 1.44849
61.5517 1.28279 1.09664 1.46894
62.2512 1.30473 1.12007 1.48939
62.9506 1.32667 1.14349 1.50986
63.6501 1.34862 1.16689 1.53034
64.3495 1.37056 1.19029 1.55083
65.049 1.3925 1.21368 1.57133
65.7484 1.41445 1.23705 1.59184
66.4479 1.43639 1.26041 1.61236
67.1474 1.45833 1.28376 1.6329
67.8468 1.48027 1.3071 1.65345
68.5463 1.50222 1.33043 1.67401
69.2457 1.52416 1.35374 1.69458
69.9452 1.5461 1.37704 1.71517
70.6446 1.56805 1.40032 1.73577
71.3441 1.58999 1.42359 1.75638
72.0435 1.61193 1.44685 1.77701
72.743 1.63387 1.47009 1.79766
73.4424 1.65582 1.49332 1.81832
74.1419 1.67776 1.51653 1.83899
74.8413 1.6997 1.53972 1.85968
75.5408 1.72164 1.5629 1.88039
76.2402 1.74359 1.58607 1.90111
76.9397 1.76553 1.60921 1.92185
77.6391 1.78747 1.63234 1.94261
78.3386 1.80942 1.65545 1.96338
79.038 1.83136 1.67855 1.98417
79.7375 1.8533 1.70162 2.00498
80.4369 1.87524 1.72468 2.02581
81.1364 1.89719 1.74771 2.04666
81.8358 1.91913 1.77073 2.06753
82.5353 1.94107 1.79372 2.08842
83.2347 1.96302 1.8167 2.10933
83.9342 1.98496 1.83965 2.13026
84.6336 2.0069 1.86259 2.15121
85.3331 2.02884 1.8855 2.17219
86.0325 2.05079 1.90839 2.19319
86.732 2.07273 1.93125 2.21421
87.4314 2.09467 1.9541 2.23525
88.1309 2.11661 1.97691 2.25631
88.8304 2.13856 1.99971 2.27741
89.5298 2.1605 2.02248 2.29852
90.2293 2.18244 2.04522 2.31966
90.9287 2.20439 2.06794 2.34083
91.6282 2.22633 2.09064 2.36202
92.3276 2.24827 2.1133 2.38324
93.0271 2.27021 2.13594 2.40449
93.7265 2.29216 2.15856 2.42576
94.426 2.3141 2.18114 2.44706
95.1254 2.33604 2.2037 2.46839
95.8249 2.35799 2.22623 2.48975
96.5243 2.37993 2.24873 2.51113
97.2238 2.40187 2.2712 2.53255
97.9232 2.42381 2.29364 2.55399
98.6227 2.44576 2.31605 2.57547
99.3221 2.4677 2.33843 2.59697
100.022 2.48964 2.36078 2.61851
100.721 2.51159 2.3831 2.64007
101.42 2.53353 2.40538 2.66167
102.12 2.55547 2.42764 2.6833
102.819 2.57741 2.44987 2.70496
103.519 2.59936 2.47206 2.72665
104.218 2.6213 2.49422 2.74838
104.918 2.64324 2.51635 2.77013
105.617 2.66518 2.53845 2.79192
106.317 2.68713 2.56051 2.81374
107.016 2.70907 2.58254 2.8356
107.716 2.73101 2.60454 2.85748
108.415 2.75296 2.62651 2.8794
109.114 2.7749 2.64844 2.90136
109.814 2.79684 2.67034 2.92334
110.513 2.81878 2.69221 2.94536
111.213 2.84073 2.71405 2.96741
111.912 2.86267 2.73585 2.98949
112.612 2.88461 2.75762 3.0116
113.311 2.90656 2.77936 3.03375
114.011 2.9285 2.80107 3.05593
114.71 2.95044 2.82274 3.07814
115.41 2.97238 2.84439 3.10038
116.109 2.99433 2.866 3.12265
116.808 3.01627 2.88758 3.14496
117.508 3.03821 2.90913 3.1673
118.207 3.06015 2.93065 3.18966
118.907 3.0821 2.95214 3.21206
119.606 3.10404 2.97359 3.23449
120.306 3.12598 2.99502 3.25694
121.005 3.14793 3.01642 3.27943
121.705 3.16987 3.03779 3.30195
122.404 3.19181 3.05913 3.32449
123.103 3.21375 3.08045 3.34706
123.803 3.2357 3.10173 3.36966
124.502 3.25764 3.12299 3.39229
125.202 3.27958 3.14422 3.41494
125.901 3.30153 3.16543 3.43763
126.601 3.32347 3.1866 3.46033
127.3 3.34541 3.20776 3.48307
128 3.36735 3.22888 3.50582
128.699 3.3893 3.24999 3.52861
129.399 3.41124 3.27106 3.55142
130.098 3.43318 3.29212 3.57425
130.797 3.45513 3.31315 3.5971
131.497 3.47707 3.33415 3.61998
132.196 3.49901 3.35514 3.64288
132.896 3.52095 3.3761 3.66581
133.595 3.5429 3.39704 3.68875
134.295 3.56484 3.41796 3.71172
134.994 3.58678 3.43886 3.7347
135.694 3.60872 3.45974 3.75771
136.393 3.63067 3.4806 3.78074
137.093 3.65261 3.50143 3.80379
137.792 3.67455 3.52225 3.82685
138.491 3.6965 3.54306 3.84994
139.191 3.71844 3.56384 3.87304
139.89 3.74038 3.5846 3.89616
140.59 3.76232 3.60535 3.9193
141.289 3.78427 3.62608 3.94245
141.989 3.80621 3.64679 3.96563
142.688 3.82815 3.66749 3.98881
143.388 3.8501 3.68817 4.01202
144.087 3.87204 3.70884 4.03524
144.786 3.89398 3.72949 4.05847
145.486 3.91592 3.75012 4.08172
146.185 3.93787 3.77074 4.10499
146.885 3.95981 3.79135 4.12827
147.584 3.98175 3.81195 4.15156
148.284 4.00369 3.83252 4.17486
148.983 4.02564 3.85309 4.19818
149.683 4.04758 3.87365 4.22152
150.382 4.06952 3.89419 4.24486
151.082 4.09147 3.91472 4.26822
151.781 4.11341 3.93523 4.29159
152.48 4.13535 3.95574 4.31497
153.18 4.15729 3.97623 4.33836
153.879 4.17924 3.99671 4.36176
154.579 4.20118 4.01719 4.38517
155.278 4.22312 4.03765 4.4086
155.978 4.24507 4.0581 4.43203
156.677 4.26701 4.07854 4.45548
157.377 4.28895 4.09897 4.47893
158.076 4.31089 4.11939 4.5024
158.776 4.33284 4.1398 4.52587
159.475 4.35478 4.16021 4.54935
160.174 4.37672 4.1806 4.57284
160.874 4.39867 4.20099 4.59634
161.573 4.42061 4.22136 4.61985
162.273 4.44255 4.24173 4.64337
162.972 4.46449 4.26209 4.6669
163.672 4.48644 4.28244 4.69043
164.371 4.50838 4.30279 4.71397
165.071 4.53032 4.32312 4.73752
165.77 4.55226 4.34345 4.76108
166.469 4.57421 4.36377 4.78464
167.169 4.59615 4.38409 4.80821
167.868 4.61809 4.4044 4.83179
168.568 4.64004 4.4247 4.85537
169.267 4.66198 4.44499 4.87896
169.967 4.68392 4.46528 4.90256
170.666 4.70586 4.48556 4.92616
171.366 4.72781 4.50584 4.94977
172.065 4.74975 4.52611 4.97339
172.765 4.77169 4.54637 4.99701
173.464 4.79364 4.56663 5.02064
174.163 4.81558 4.58688 5.04427
