# Data from DA_121011_E3.h5 stim 2
# Ratiometric estimator
# Ratiometric estimator:
#    Time    Ca (est)    Ca (se)
  755.656 0.0358340341 0.00226840323
  755.756 0.0348518257 0.00226920337
  755.856 0.0356776798 0.00227098954
  755.956 0.034009242 0.00228426871
  756.056 0.0360369534 0.00228538161
  756.156 0.0329221565 0.00224192663
  756.256 0.0351371284 0.00225630673
  756.356 0.0349144007 0.00225643779
  756.456 0.0383050107 0.00232368752
  756.556 0.0402572385 0.00235390743
  756.656 0.0337342461 0.00226925273
  756.756 0.0349954943 0.00227590957
  756.856 0.0344736019 0.00226440642
  756.956 0.0343054191 0.0022478681
  757.056 0.0394576702 0.00233955845
  757.156 0.0461721256 0.00246975473
  757.256 0.116431737 0.0038850757
  757.356 0.131241116 0.0041950638
  757.456 0.144641544 0.00451102411
  757.556 0.148124116 0.00457289073
  757.656 0.13130347 0.00427666498
  757.756 0.135906074 0.00436313231
  757.856 0.131064637 0.00419738652
  757.956 0.130953558 0.00419025302
  758.056 0.118754784 0.00396702655
  758.156 0.116403702 0.00393808503
  758.256 0.116137886 0.00394939336
  758.356 0.122909796 0.00405162917
  758.456 0.109138762 0.00373265401
  758.556 0.114287341 0.00378187728
  758.656 0.114484738 0.00381120459
  758.756 0.106980524 0.00367564472
  758.856 0.0981723556 0.00346257546
  758.956 0.0920322628 0.00335027323
  759.056 0.0998104624 0.00355388387
  759.156 0.092257549 0.00336339644
  759.256 0.0967719893 0.00347654964
  759.356 0.0800302012 0.00312107422
  759.456 0.0853999862 0.00319482048
  759.556 0.0785201081 0.0031076306
  759.656 0.0840052323 0.00319750106
  759.756 0.0778683022 0.00304797594
  759.856 0.073302527 0.00302874726
  759.956 0.0801379348 0.00309112212
  760.056 0.0755240406 0.0030191292
  760.156 0.0729809601 0.00303682508
  760.256 0.0772282577 0.00307910743
  760.356 0.0670797429 0.00282488969
  760.456 0.0681590281 0.00285605687
  760.556 0.0666171122 0.00282037792
  760.656 0.0665067412 0.0028560582
  760.756 0.0665889846 0.0027725504
  760.856 0.063508733 0.00278867692
  760.956 0.0615799733 0.00275667848
  761.056 0.0618303504 0.00277844058
  761.156 0.0636569793 0.0027701032
  761.256 0.062774737 0.00277249365
  761.356 0.0616388349 0.00275076183
  761.456 0.0593911928 0.00266473291
  761.556 0.0583581561 0.00271046668
  761.656 0.0522836652 0.00264066263
  761.756 0.058779977 0.0026561712
  761.856 0.0524880775 0.00259876217
  761.956 0.0568937084 0.00267890417
  762.056 0.0535339605 0.00256826721
  762.156 0.0572564494 0.0026925542
  762.256 0.0521210857 0.00257825944
  762.356 0.0506724322 0.00253991363
  762.456 0.0538383205 0.00261140728
  762.556 0.0561974885 0.00261294072
  762.656 0.0565475504 0.00266563083
  762.756 0.0464864132 0.00249092011
  762.856 0.0516024407 0.00259078875
  762.956 0.050389513 0.00255698441
  763.056 0.0529346305 0.0026037622
  763.156 0.049894399 0.00249060857
  763.256 0.0477232032 0.00249430466
  763.356 0.0538859888 0.00259851556
  763.456 0.0512702717 0.00253609805
  763.556 0.0450906728 0.00245351844
  763.656 0.0475562412 0.00253349865
  763.756 0.0483091178 0.00251860993
  763.856 0.0462786328 0.00248470341
  763.956 0.0510995296 0.00253455162
  764.056 0.0483161728 0.00248682579
  764.156 0.0501785149 0.0025474219
  764.256 0.0454222932 0.00245888387
  764.356 0.0463472303 0.00247667958
  764.456 0.0425261658 0.00241128619
  764.556 0.0452974889 0.0024699082
  764.656 0.0455904571 0.00243157421
  764.756 0.0422115997 0.00240277678
  764.856 0.0482611422 0.00250415852
  764.956 0.0435470103 0.00244717849
  765.056 0.0422530072 0.0023685711
  765.156 0.0458928736 0.00246116325
  765.256 0.0461198679 0.00242779032
  765.356 0.040748708 0.00240218729
  765.456 0.0458552249 0.00244639888
  765.556 0.0459246975 0.00243830171
  765.656 0.0466677396 0.00246330063
  765.756 0.0389470183 0.00230596321
  765.856 0.0414821065 0.00236125416
  765.956 0.0446041828 0.00240468869
  766.056 0.0415303106 0.00238406352
  766.156 0.0417798354 0.00237662724
  766.256 0.0434200678 0.00240334392
  766.356 0.0424549752 0.00240658363
  766.456 0.045120071 0.00242408859
  766.556 0.0429197013 0.0024237699
  766.656 0.046734184 0.00245982873
  766.756 0.046606528 0.00246120671
  766.856 0.040697509 0.00242507726
  766.956 0.0377858279 0.00229230524
  767.056 0.0401583779 0.00235784725
  767.156 0.0402430021 0.00234077587
  767.256 0.0401694673 0.00235112545
  767.356 0.0373527677 0.00231923129
  767.456 0.0338728949 0.002256341
  767.556 0.0420004745 0.00235778737
  767.656 0.0379216131 0.00230812375
  767.756 0.0404061586 0.00238598708
  767.856 0.0425826115 0.00239944817
  767.956 0.044211727 0.00240563472
  768.056 0.0379987885 0.00228967915
  768.156 0.0386390576 0.00234111627
  768.256 0.0338543038 0.00228387665
  768.356 0.0403992898 0.00234209605
  768.456 0.0392412637 0.00233605419
  768.556 0.0410840889 0.00233064474
  768.656 0.0378068426 0.00233495228
  768.756 0.0420761881 0.00232490288
  768.856 0.0433926806 0.00243046782
  768.956 0.0378518148 0.00232581906
  769.056 0.0398240492 0.00236490547
  769.156 0.0407441314 0.00238534213
  769.256 0.0417012768 0.00234993933
  769.356 0.0367463309 0.00226618855
  769.456 0.0419862146 0.00236050786
  769.556 0.0402791208 0.00235273735
  769.656 0.0394511974 0.00233636854
  769.756 0.0354232657 0.00225057909
  769.856 0.0410660115 0.00233962671
  769.956 0.0408339756 0.00232933529
  770.056 0.0397976881 0.00232349194
  770.156 0.0362490009 0.0022552321
  770.256 0.0375595959 0.00231536523
  770.356 0.0406746596 0.00232816514
  770.456 0.0374034901 0.00231257899
  770.556 0.0378887331 0.00235597996
  770.656 0.0385210266 0.0023234898
  770.756 0.0412677206 0.00233939875
  770.856 0.0400685418 0.0023224266
  770.956 0.0382657027 0.00230651955
  771.056 0.0362821075 0.00226289151
  771.156 0.0354340658 0.00222417562
  771.256 0.0371888922 0.00229541545
  771.356 0.0420709336 0.0023578648
  771.456 0.0356963785 0.00231450208
  771.556 0.0388794012 0.0023405301
  771.656 0.0381128359 0.00233535705
  771.756 0.0368088636 0.00227765278
  771.856 0.0385735574 0.00229893561
  771.956 0.0394692617 0.00232573901
  772.056 0.0419459664 0.00237671153
  772.156 0.038411227 0.00232002871
  772.256 0.0414305069 0.00235889541
  772.356 0.0405557846 0.00236753171
  772.456 0.0364402869 0.00226895875
  772.556 0.0346809031 0.00226477745
  772.656 0.039531717 0.00232274384
  772.756 0.0372074283 0.00228602822
  772.856 0.0387549681 0.00231086174
  772.956 0.036725107 0.00227177632
  773.056 0.0353407432 0.00227705301
  773.156 0.0433212401 0.00237477401
  773.256 0.0405323986 0.00233766077
  773.356 0.0369350786 0.00229083221
  773.456 0.0398002603 0.00234795458
  773.556 0.0398245584 0.00232492677
  773.656 0.0365164647 0.00226808805
  773.756 0.0368387427 0.0022545861
  773.856 0.040334835 0.00231663884
  773.956 0.0387629575 0.00236102245
  774.056 0.0357247287 0.00226595139
  774.156 0.0334890535 0.00221429038
  774.256 0.0369048869 0.00228749968
  774.356 0.0375951859 0.0022828935
  774.456 0.0345137649 0.00223539136
  774.556 0.0381329923 0.00229739788
  774.656 0.0350127682 0.00225901526
  774.756 0.039542179 0.00231851682
  774.856 0.0369051345 0.00230567566
  774.956 0.0358769184 0.00232045672
  775.056 0.036107768 0.00225711418
  775.156 0.0355344937 0.00224771323
  775.256 0.038139626 0.00231001984
  775.356 0.0400136201 0.00231126675
  775.456 0.0409375826 0.00232958057
  775.556 0.0356261869 0.00227527775


