# Data from DA_121011_E3.h5 stim 3
# Ratiometric estimator
# Ratiometric estimator:
#    Time    Ca (est)    Ca (se)
 1196.275 0.0763408979 0.00220178747
 1196.375 0.0696699467 0.0021220776
 1196.475 0.0717989695 0.00214509821
 1196.575 0.0718042109 0.00215608263
 1196.675 0.0730734128 0.00214884212
 1196.775 0.0733140026 0.00215678411
 1196.875 0.0739224798 0.00215947638
 1196.975 0.0749118123 0.00218697327
 1197.075 0.0732207224 0.00215058021
 1197.175 0.0719931215 0.00215009169
 1197.275 0.071404639 0.00217743866
 1197.375 0.073450242 0.00217333275
 1197.475 0.0684162055 0.0020908569
 1197.575 0.0706597502 0.00213982213
 1197.675 0.0719328899 0.0021507721
 1197.775 0.0774396548 0.00224817248
 1197.875 0.183725354 0.00402814018
 1197.975 0.208205675 0.0044055046
 1198.075 0.212982838 0.00460759571
 1198.175 0.220450101 0.00465302822
 1198.275 0.209958369 0.00460938216
 1198.375 0.219401774 0.00475841733
 1198.475 0.213848616 0.0045891388
 1198.575 0.221155184 0.0047422947
 1198.675 0.207410477 0.00444987321
 1198.775 0.203306009 0.00441257724
 1198.875 0.21175587 0.00461135077
 1198.975 0.201056396 0.00437714561
 1199.075 0.199188267 0.00430604416
 1199.175 0.201596695 0.00435227721
 1199.275 0.196237306 0.00426222186
 1199.375 0.192453639 0.00418847334
 1199.475 0.196153513 0.00423308642
 1199.575 0.189930489 0.00413668255
 1199.675 0.185091752 0.00408293165
 1199.775 0.17999739 0.00390802675
 1199.875 0.180831983 0.00395011698
 1199.975 0.174441936 0.00380234033
 1200.075 0.170874897 0.00377730323
 1200.175 0.172180429 0.00379491788
 1200.275 0.167054169 0.00371686143
 1200.375 0.173122658 0.00378204779
 1200.475 0.166518634 0.00371501585
 1200.575 0.161475077 0.00358930503
 1200.675 0.169835871 0.00375987111
 1200.775 0.155941859 0.00354559425
 1200.875 0.161330888 0.00362395164
 1200.975 0.152057558 0.00336841969
 1201.075 0.154779272 0.00342418187
 1201.175 0.154982561 0.00346603442
 1201.275 0.149537476 0.00340235031
 1201.375 0.153930069 0.00341005017
 1201.475 0.150377189 0.00340145642
 1201.575 0.144278116 0.00327964706
 1201.675 0.146347143 0.00335543186
 1201.775 0.144553548 0.0032774063
 1201.875 0.141117654 0.00323462014
 1201.975 0.140225691 0.00321846263
 1202.075 0.140730265 0.00320998636
 1202.175 0.131042437 0.00310156249
 1202.275 0.141163135 0.00325026098
 1202.375 0.139677373 0.00318462511
 1202.475 0.132952469 0.00311346981
 1202.575 0.132801607 0.00308962208
 1202.675 0.130139329 0.00303148886
 1202.775 0.13148413 0.00308844633
 1202.875 0.131240719 0.00305544455
 1202.975 0.130646376 0.00306547455
 1203.075 0.12758153 0.00299036161
 1203.175 0.12246209 0.00290912398
 1203.275 0.123274654 0.00294031186
 1203.375 0.127823724 0.003036118
 1203.475 0.120575104 0.0029287584
 1203.575 0.119251435 0.00290169455
 1203.675 0.116456831 0.00286774957
 1203.775 0.120221901 0.00284303974
 1203.875 0.119858808 0.0028821536
 1203.975 0.11953932 0.00287214644
 1204.075 0.114395883 0.00279323307
 1204.175 0.118476891 0.00287136864
 1204.275 0.118613554 0.00288740374
 1204.375 0.114806026 0.00282169547
 1204.475 0.110630554 0.00274232929
 1204.575 0.113744623 0.00278813636
 1204.675 0.113095753 0.00276515139
 1204.775 0.108218019 0.00273136827
 1204.875 0.111327102 0.00275228254
 1204.975 0.118545979 0.00285342343
 1205.075 0.10938913 0.00270957062
 1205.175 0.106511618 0.00269196957
 1205.275 0.105292958 0.00263634889
 1205.375 0.107668118 0.00266731089
 1205.475 0.104839928 0.00265448226
 1205.575 0.100275939 0.00258378908
 1205.675 0.102282281 0.00256541976
 1205.775 0.103971291 0.00265170579
 1205.875 0.10109196 0.00256182061
 1205.975 0.10649911 0.00268876675
 1206.075 0.0983193406 0.00254862654
 1206.175 0.0967680493 0.00253057371
 1206.275 0.102220628 0.00260208311
 1206.375 0.098858701 0.00250356834
 1206.475 0.0998493456 0.00253866344
 1206.575 0.0965465789 0.00248854077
 1206.675 0.0986899945 0.00255871414
 1206.775 0.101457829 0.00262143354
 1206.875 0.0949136289 0.00250832766
 1206.975 0.0972430637 0.00251811524
 1207.075 0.101639596 0.00258279703
 1207.175 0.0944648114 0.00250241035
 1207.275 0.100077015 0.00257110636
 1207.375 0.0919449336 0.00243919327
 1207.475 0.0896552551 0.00246198246
 1207.575 0.0921093761 0.00243489416
 1207.675 0.0917814474 0.00243819452
 1207.775 0.09266359 0.00243883786
 1207.875 0.0929712055 0.00248770069
 1207.975 0.0959112241 0.00252190222
 1208.075 0.092697005 0.00244751659
 1208.175 0.0898322036 0.00240739542
 1208.275 0.0916200794 0.00241843402
 1208.375 0.0922480673 0.00246512675
 1208.475 0.0903343293 0.0024438046
 1208.575 0.0887329544 0.00239395198
 1208.675 0.0883439525 0.00235282648
 1208.775 0.0885527405 0.00240351719
 1208.875 0.0846542791 0.00237081429
 1208.975 0.0906284741 0.00240805274
 1209.075 0.0857798647 0.00236386682
 1209.175 0.0897066628 0.00236962133
 1209.275 0.0901953166 0.00245060694
 1209.375 0.0864617432 0.00234563595
 1209.475 0.0852283331 0.00236294033
 1209.575 0.0830103256 0.00233134955
 1209.675 0.080491877 0.00230637493
 1209.775 0.0856941222 0.00236861176
 1209.875 0.0875617479 0.00235216421
 1209.975 0.0868281814 0.00234594319
 1210.075 0.0843973036 0.00231176285
 1210.175 0.0832357114 0.00231120559
 1210.275 0.0852662419 0.00233174512
 1210.375 0.0834168198 0.00230602745
 1210.475 0.0863716734 0.00235102308
 1210.575 0.0840678638 0.00229516786
 1210.675 0.0850325242 0.00232339817
 1210.775 0.0779867889 0.00222912246
 1210.875 0.0842745478 0.00233905159
 1210.975 0.0801831545 0.00225129622
 1211.075 0.077508497 0.00225012454
 1211.175 0.080154096 0.00232353298
 1211.275 0.08042261 0.00228304377
 1211.375 0.0780452635 0.00224525345
 1211.475 0.0784579488 0.00221764284
 1211.575 0.0790525281 0.00223412725
 1211.675 0.0781358075 0.00222551722
 1211.775 0.0800892702 0.00221088285
 1211.875 0.0830218996 0.00229884268
 1211.975 0.0767364402 0.00219535832
 1212.075 0.0786373585 0.00229797585
 1212.175 0.0833692825 0.00230780142
 1212.275 0.078319003 0.00226198567
 1212.375 0.0782431411 0.00221339873
 1212.475 0.0818242651 0.00227378694
 1212.575 0.0771118791 0.00221833211
 1212.675 0.0812816428 0.00227616953
 1212.775 0.0752856874 0.002234862
 1212.875 0.0758409074 0.00219437265
 1212.975 0.0791028538 0.0022433233
 1213.075 0.0760882118 0.00219464062
 1213.175 0.0761392027 0.00219689895
 1213.275 0.0768937482 0.002223995
 1213.375 0.0729698148 0.00215860804
 1213.475 0.0767859126 0.00220813218
 1213.575 0.0733474849 0.00216533237
 1213.675 0.0759876921 0.00223029929
 1213.775 0.0749915148 0.00218040404
 1213.875 0.075815885 0.00220686288
 1213.975 0.0736501437 0.00217017186
 1214.075 0.0768679608 0.00222102375
 1214.175 0.0759875035 0.00218470241
 1214.275 0.0761705896 0.00221012219
 1214.375 0.0752096517 0.00217474384
 1214.475 0.0730081039 0.00214287001
 1214.575 0.0710718371 0.00217708898
 1214.675 0.074241086 0.00218128224
 1214.775 0.0780789488 0.00222179601
 1214.875 0.0724990928 0.00216122229
 1214.975 0.0737794166 0.00216974355
 1215.075 0.0740984267 0.00216520927
 1215.175 0.0769991017 0.00219010445
 1215.275 0.072355723 0.00217087516
 1215.375 0.0745052462 0.00219561282
 1215.475 0.0716173298 0.00214988348
 1215.575 0.0704046152 0.00214952357
 1215.675 0.075780577 0.0021980761
 1215.775 0.0753284876 0.00217049419
 1215.875 0.0748969952 0.00219523375
 1215.975 0.0740846801 0.00216227375
 1216.075 0.0723628709 0.00216445021
 1216.175 0.076032704 0.00221066597


