# τ vs max κ linear regression for data set DA_121011_E3.h5
# Using stimulation: 1, 2, 3
# Best fit: tau = -0.833393 + 0.0318132 kappa_Fura
# Covariance matrix:
# [ +3.28969e-02, -2.54545e-04  
#   -2.54545e-04, +2.25485e-06  ]
# Total sum of squares (TSS) = 470.696
# chisq (Residual sum of squares, RSS) = 21.85
# Probability of observing a larger of equal RSS per DOF under the null hypothesis: 2.94814e-06
# R squared (1-RSS/TSS) = 0.953579
# Estimated gamma/v with standard error: 31.4335 +/- 1.48369
# Estimates kappa_S with standard error (using error propagation): -27.1964 +/- 5.8338
# kappa_S confidence intervals based on parametric bootstrap
# 0.95 CI for kappa_S: [-35.5953,-17.671]
# 0.99 CI for kappa_S: [-38.0829,-14.22]


# The data
# κ_Fura  τ   τ_SE
69.8492 1.47966 0.0933651
136.017 3.03295 0.122822
170.329 4.92475 0.129902


# The fitted data
# Preticted values with lower and upper bounds of 0.95 CI
# κ_Fura  τ   τ_lwr  τ_upr
0 -0.833393 -1.18889 -0.477898
0.715383 -0.810635 -1.16416 -0.457107
1.43077 -0.787876 -1.13944 -0.436313
2.14615 -0.765117 -1.11472 -0.415518
2.86153 -0.742359 -1.09 -0.394722
3.57691 -0.7196 -1.06528 -0.373924
4.2923 -0.696842 -1.04056 -0.353124
5.00768 -0.674083 -1.01584 -0.332322
5.72306 -0.651324 -0.99113 -0.311519
6.43845 -0.628566 -0.966418 -0.290713
7.15383 -0.605807 -0.941708 -0.269906
7.86921 -0.583048 -0.916999 -0.249097
8.58459 -0.56029 -0.892293 -0.228286
9.29998 -0.537531 -0.867588 -0.207474
10.0154 -0.514772 -0.842886 -0.186659
10.7307 -0.492014 -0.818186 -0.165842
11.4461 -0.469255 -0.793487 -0.145023
12.1615 -0.446497 -0.768791 -0.124202
12.8769 -0.423738 -0.744096 -0.103379
13.5923 -0.400979 -0.719404 -0.0825542
14.3077 -0.378221 -0.694714 -0.0617268
15.023 -0.355462 -0.670027 -0.0408972
15.7384 -0.332703 -0.645341 -0.0200654
16.4538 -0.309945 -0.620658 0.00076884
17.1692 -0.287186 -0.595978 0.0216054
17.8846 -0.264427 -0.571299 0.0424444
18.6 -0.241669 -0.546624 0.0632858
19.3153 -0.21891 -0.52195 0.0841297
20.0307 -0.196152 -0.497279 0.104976
20.7461 -0.173393 -0.472611 0.125825
21.4615 -0.150634 -0.447946 0.146677
22.1769 -0.127876 -0.423283 0.167531
22.8923 -0.105117 -0.398623 0.188389
23.6076 -0.0823584 -0.373965 0.209249
24.323 -0.0595998 -0.349311 0.230111
25.0384 -0.0368412 -0.324659 0.250977
25.7538 -0.0140825 -0.300011 0.271846
26.4692 0.0086761 -0.275365 0.292718
27.1845 0.0314347 -0.250723 0.313592
27.8999 0.0541934 -0.226084 0.33447
28.6153 0.076952 -0.201448 0.355352
29.3307 0.0997106 -0.176815 0.376236
30.0461 0.122469 -0.152185 0.397124
30.7615 0.145228 -0.127559 0.418015
31.4768 0.167987 -0.102937 0.43891
32.1922 0.190745 -0.0783179 0.459808
32.9076 0.213504 -0.0537026 0.48071
33.623 0.236262 -0.0290911 0.501616
34.3384 0.259021 -0.00448326 0.522525
35.0538 0.28178 0.0201207 0.543439
35.7691 0.304538 0.0447206 0.564356
36.4845 0.327297 0.0693165 0.585277
37.1999 0.350056 0.0939083 0.606203
37.9153 0.372814 0.118496 0.627133
38.6307 0.395573 0.143079 0.648067
39.3461 0.418331 0.167658 0.669005
40.0614 0.44109 0.192232 0.689948
40.7768 0.463849 0.216802 0.710895
41.4922 0.486607 0.241367 0.731848
42.2076 0.509366 0.265927 0.752805
42.923 0.532125 0.290483 0.773767
43.6384 0.554883 0.315033 0.794733
44.3537 0.577642 0.339578 0.815706
45.0691 0.600401 0.364118 0.836683
45.7845 0.623159 0.388653 0.857666
46.4999 0.645918 0.413182 0.878654
47.2153 0.668676 0.437705 0.899648
47.9307 0.691435 0.462223 0.920647
48.646 0.714194 0.486735 0.941653
49.3614 0.736952 0.511241 0.962664
50.0768 0.759711 0.53574 0.983682
50.7922 0.78247 0.560233 1.00471
51.5076 0.805228 0.58472 1.02574
52.2229 0.827987 0.6092 1.04677
52.9383 0.850746 0.633674 1.06782
53.6537 0.873504 0.65814 1.08887
54.3691 0.896263 0.6826 1.10993
55.0845 0.919021 0.707052 1.13099
55.7999 0.94178 0.731497 1.15206
56.5152 0.964539 0.755934 1.17314
57.2306 0.987297 0.780363 1.19423
57.946 1.01006 0.804784 1.21533
58.6614 1.03281 0.829198 1.23643
59.3768 1.05557 0.853602 1.25754
60.0922 1.07833 0.877998 1.27867
60.8075 1.10109 0.902386 1.2998
61.5229 1.12385 0.926764 1.32093
62.2383 1.14661 0.951133 1.34208
62.9537 1.16937 0.975492 1.36324
63.6691 1.19212 0.999842 1.38441
64.3845 1.21488 1.02418 1.40559
65.0998 1.23764 1.04851 1.42677
65.8152 1.2604 1.07283 1.44797
66.5306 1.28316 1.09714 1.46918
67.246 1.30592 1.12144 1.4904
67.9614 1.32868 1.14572 1.51163
68.6768 1.35144 1.17 1.53287
69.3921 1.37419 1.19426 1.55413
70.1075 1.39695 1.21851 1.5754
70.8229 1.41971 1.24275 1.59667
71.5383 1.44247 1.26697 1.61797
72.2537 1.46523 1.29119 1.63927
72.9691 1.48799 1.31538 1.66059
73.6844 1.51075 1.33957 1.68192
74.3998 1.5335 1.36374 1.70327
75.1152 1.55626 1.3879 1.72463
75.8306 1.57902 1.41204 1.74601
76.546 1.60178 1.43616 1.7674
77.2613 1.62454 1.46027 1.7888
77.9767 1.6473 1.48437 1.81023
78.6921 1.67006 1.50845 1.83167
79.4075 1.69281 1.53251 1.85312
80.1229 1.71557 1.55655 1.8746
80.8383 1.73833 1.58058 1.89609
81.5536 1.76109 1.60459 1.91759
82.269 1.78385 1.62858 1.93912
82.9844 1.80661 1.65255 1.96067
83.6998 1.82937 1.6765 1.98223
84.4152 1.85213 1.70043 2.00382
85.1306 1.87488 1.72434 2.02543
85.8459 1.89764 1.74823 2.04705
86.5613 1.9204 1.7721 2.0687
87.2767 1.94316 1.79595 2.09037
87.9921 1.96592 1.81978 2.11206
88.7075 1.98868 1.84358 2.13377
89.4229 2.01144 1.86736 2.15551
90.1382 2.03419 1.89111 2.17727
90.8536 2.05695 1.91485 2.19906
91.569 2.07971 1.93855 2.22087
92.2844 2.10247 1.96224 2.24271
92.9998 2.12523 1.98589 2.26457
93.7152 2.14799 2.00952 2.28645
94.4305 2.17075 2.03312 2.30837
95.1459 2.1935 2.0567 2.33031
95.8613 2.21626 2.08025 2.35228
96.5767 2.23902 2.10377 2.37427
97.2921 2.26178 2.12726 2.3963
98.0075 2.28454 2.15072 2.41836
98.7228 2.3073 2.17416 2.44044
99.4382 2.33006 2.19756 2.46255
100.154 2.35282 2.22093 2.4847
100.869 2.37557 2.24427 2.50688
101.584 2.39833 2.26758 2.52908
102.3 2.42109 2.29086 2.55132
103.015 2.44385 2.31411 2.57359
103.731 2.46661 2.33732 2.5959
104.446 2.48937 2.3605 2.61823
105.161 2.51213 2.38365 2.6406
105.877 2.53488 2.40677 2.663
106.592 2.55764 2.42985 2.68544
107.307 2.5804 2.45289 2.70791
108.023 2.60316 2.47591 2.73042
108.738 2.62592 2.49888 2.75295
109.454 2.64868 2.52183 2.77553
110.169 2.67144 2.54474 2.79814
110.884 2.69419 2.56761 2.82078
111.6 2.71695 2.59045 2.84346
112.315 2.73971 2.61325 2.86617
113.03 2.76247 2.63602 2.88892
113.746 2.78523 2.65876 2.9117
114.461 2.80799 2.68146 2.93452
115.177 2.83075 2.70412 2.95737
115.892 2.85351 2.72675 2.98026
116.607 2.87626 2.74934 3.00318
117.323 2.89902 2.7719 3.02614
118.038 2.92178 2.79443 3.04913
118.754 2.94454 2.81692 3.07216
119.469 2.9673 2.83938 3.09522
120.184 2.99006 2.8618 3.11831
120.9 3.01282 2.88419 3.14144
121.615 3.03557 2.90654 3.1646
122.33 3.05833 2.92887 3.1878
123.046 3.08109 2.95116 3.21102
123.761 3.10385 2.97342 3.23428
124.477 3.12661 2.99564 3.25758
125.192 3.14937 3.01784 3.2809
125.907 3.17213 3.04 3.30425
126.623 3.19488 3.06213 3.32764
127.338 3.21764 3.08424 3.35105
128.054 3.2404 3.10631 3.3745
128.769 3.26316 3.12835 3.39797
129.484 3.28592 3.15037 3.42147
130.2 3.30868 3.17235 3.445
130.915 3.33144 3.19431 3.46856
131.63 3.3542 3.21624 3.49215
132.346 3.37695 3.23814 3.51576
133.061 3.39971 3.26002 3.53941
133.777 3.42247 3.28187 3.56307
134.492 3.44523 3.3037 3.58676
135.207 3.46799 3.3255 3.61048
135.923 3.49075 3.34727 3.63422
136.638 3.51351 3.36902 3.65799
137.354 3.53626 3.39075 3.68178
138.069 3.55902 3.41246 3.70559
138.784 3.58178 3.43414 3.72942
139.5 3.60454 3.4558 3.75328
140.215 3.6273 3.47744 3.77716
140.93 3.65006 3.49906 3.80106
141.646 3.67282 3.52066 3.82498
142.361 3.69557 3.54223 3.84892
143.077 3.71833 3.56379 3.87288
143.792 3.74109 3.58533 3.89685
144.507 3.76385 3.60685 3.92085
145.223 3.78661 3.62835 3.94487
145.938 3.80937 3.64983 3.9689
146.653 3.83213 3.6713 3.99295
147.369 3.85489 3.69275 4.01702
148.084 3.87764 3.71418 4.04111
148.8 3.9004 3.7356 4.06521
149.515 3.92316 3.757 4.08932
150.23 3.94592 3.77838 4.11346
150.946 3.96868 3.79975 4.1376
151.661 3.99144 3.82111 4.16176
152.377 4.0142 3.84245 4.18594
153.092 4.03695 3.86378 4.21013
153.807 4.05971 3.88509 4.23434
154.523 4.08247 3.90639 4.25855
155.238 4.10523 3.92768 4.28278
155.953 4.12799 3.94895 4.30703
156.669 4.15075 3.97021 4.33128
157.384 4.17351 3.99146 4.35555
158.1 4.19626 4.0127 4.37983
158.815 4.21902 4.03393 4.40412
159.53 4.24178 4.05514 4.42842
160.246 4.26454 4.07635 4.45273
160.961 4.2873 4.09754 4.47706
161.677 4.31006 4.11873 4.50139
162.392 4.33282 4.1399 4.52573
163.107 4.35557 4.16106 4.55009
163.823 4.37833 4.18222 4.57445
164.538 4.40109 4.20336 4.59882
165.253 4.42385 4.2245 4.62321
165.969 4.44661 4.24562 4.6476
166.684 4.46937 4.26674 4.672
167.4 4.49213 4.28785 4.6964
168.115 4.51489 4.30895 4.72082
168.83 4.53764 4.33004 4.74524
169.546 4.5604 4.35113 4.76968
170.261 4.58316 4.37221 4.79412
170.977 4.60592 4.39327 4.81857
171.692 4.62868 4.41434 4.84302
172.407 4.65144 4.43539 4.86748
173.123 4.6742 4.45644 4.89195
173.838 4.69695 4.47748 4.91643
174.553 4.71971 4.49852 4.94091
175.269 4.74247 4.51954 4.9654
175.984 4.76523 4.54056 4.9899
176.7 4.78799 4.56158 5.0144
177.415 4.81075 4.58259 5.03891
178.13 4.83351 4.60359 5.06342
