# τ vs min κ linear regression for data set DA_121011_E3.h5
# Using stimulation: 1, 2, 3
# Best fit: tau = -0.410355 + 0.0307088 kappa_Fura
# Covariance matrix:
# [ +2.65741e-02, -2.17231e-04  
#   -2.17231e-04, +2.10553e-06  ]
# Total sum of squares (TSS) = 470.696
# chisq (Residual sum of squares, RSS) = 22.8138
# Probability of observing a larger of equal RSS per DOF under the null hypothesis: 1.78481e-06
# R squared (1-RSS/TSS) = 0.951532
# Estimated gamma/v with standard error: 32.5639 +/- 1.5387
# Estimates kappa_S with standard error (using error propagation): -14.3628 +/- 5.34585
# kappa_S confidence intervals based on parametric bootstrap
# 0.95 CI for kappa_S: [-23.0005,-4.20586]
# 0.99 CI for kappa_S: [-25.6815,-0.586103]


# The data
# κ_Fura  τ   τ_SE
58.5693 1.47966 0.0933651
127.434 3.03295 0.122822
162.374 4.92475 0.129902


# The fitted data
# Preticted values with lower and upper bounds of 0.95 CI
# κ_Fura  τ   τ_lwr  τ_upr
0 -0.410355 -0.729865 -0.0908438
0.681969 -0.389412 -0.707143 -0.0716816
1.36394 -0.36847 -0.684422 -0.0525176
2.04591 -0.347527 -0.661703 -0.0333516
2.72788 -0.326585 -0.638986 -0.0141837
3.40984 -0.305642 -0.616271 0.00498613
4.09181 -0.2847 -0.593558 0.024158
4.77378 -0.263757 -0.570847 0.0433319
5.45575 -0.242815 -0.548138 0.0625079
6.13772 -0.221872 -0.525431 0.081686
6.81969 -0.20093 -0.502726 0.100866
7.50166 -0.179988 -0.480024 0.120049
8.18363 -0.159045 -0.457324 0.139233
8.86559 -0.138103 -0.434626 0.15842
9.54756 -0.11716 -0.41193 0.17761
10.2295 -0.0962177 -0.389237 0.196801
10.9115 -0.0752753 -0.366546 0.215995
11.5935 -0.0543328 -0.343857 0.235192
12.2754 -0.0333904 -0.321171 0.254391
12.9574 -0.0124479 -0.298488 0.273592
13.6394 0.00849453 -0.275807 0.292796
14.3213 0.029437 -0.253129 0.312003
15.0033 0.0503794 -0.230453 0.331212
15.6853 0.0713219 -0.20778 0.350424
16.3673 0.0922643 -0.18511 0.369639
17.0492 0.113207 -0.162443 0.388856
17.7312 0.134149 -0.139778 0.408077
18.4132 0.155092 -0.117117 0.4273
19.0951 0.176034 -0.0944581 0.446526
19.7771 0.196977 -0.0718026 0.465756
20.4591 0.217919 -0.0491501 0.484988
21.141 0.238862 -0.0265009 0.504224
21.823 0.259804 -0.00385486 0.523463
22.505 0.280746 0.0187879 0.542705
23.1869 0.301689 0.0414273 0.56195
23.8689 0.322631 0.0640633 0.581199
24.5509 0.343574 0.0866958 0.600452
25.2328 0.364516 0.109325 0.619708
25.9148 0.385459 0.13195 0.638967
26.5968 0.406401 0.154572 0.658231
27.2788 0.427344 0.17719 0.677498
27.9607 0.448286 0.199804 0.696768
28.6427 0.469228 0.222414 0.716043
29.3247 0.490171 0.24502 0.735322
30.0066 0.511113 0.267622 0.754605
30.6886 0.532056 0.29022 0.773892
31.3706 0.552998 0.312813 0.793183
32.0525 0.573941 0.335403 0.812479
32.7345 0.594883 0.357988 0.831779
33.4165 0.615826 0.380568 0.851083
34.0984 0.636768 0.403144 0.870393
34.7804 0.657711 0.425715 0.889707
35.4624 0.678653 0.448281 0.909025
36.1443 0.699595 0.470842 0.928349
36.8263 0.720538 0.493398 0.947678
37.5083 0.74148 0.515949 0.967011
38.1903 0.762423 0.538495 0.98635
38.8722 0.783365 0.561036 1.00569
39.5542 0.804308 0.583571 1.02504
40.2362 0.82525 0.6061 1.0444
40.9181 0.846193 0.628624 1.06376
41.6001 0.867135 0.651142 1.08313
42.2821 0.888078 0.673654 1.1025
42.964 0.90902 0.696159 1.12188
43.646 0.929962 0.718659 1.14127
44.328 0.950905 0.741152 1.16066
45.0099 0.971847 0.763639 1.18006
45.6919 0.99279 0.786119 1.19946
46.3739 1.01373 0.808592 1.21887
47.0558 1.03467 0.831058 1.23829
47.7378 1.05562 0.853517 1.25772
48.4198 1.07656 0.875969 1.27715
49.1018 1.0975 0.898414 1.29659
49.7837 1.11844 0.92085 1.31604
50.4657 1.13939 0.943279 1.33549
51.1477 1.16033 0.9657 1.35496
51.8296 1.18127 0.988113 1.37443
52.5116 1.20221 1.01052 1.39391
53.1936 1.22316 1.03291 1.4134
53.8755 1.2441 1.0553 1.4329
54.5575 1.26504 1.07768 1.4524
55.2395 1.28598 1.10005 1.47192
55.9214 1.30693 1.12241 1.49145
56.6034 1.32787 1.14476 1.51098
57.2854 1.34881 1.1671 1.53052
57.9673 1.36975 1.18943 1.55008
58.6493 1.3907 1.21175 1.56964
59.3313 1.41164 1.23406 1.58922
60.0133 1.43258 1.25636 1.60881
60.6952 1.45352 1.27864 1.6284
61.3772 1.47447 1.30092 1.64801
62.0592 1.49541 1.32319 1.66763
62.7411 1.51635 1.34544 1.68726
63.4231 1.53729 1.36768 1.70691
64.1051 1.55824 1.38991 1.72656
64.787 1.57918 1.41213 1.74623
65.469 1.60012 1.43433 1.76591
66.151 1.62106 1.45652 1.78561
66.8329 1.64201 1.4787 1.80531
67.5149 1.66295 1.50086 1.82504
68.1969 1.68389 1.52301 1.84477
68.8788 1.70483 1.54514 1.86452
69.5608 1.72578 1.56726 1.88429
70.2428 1.74672 1.58937 1.90407
70.9248 1.76766 1.61146 1.92386
71.6067 1.7886 1.63353 1.94368
72.2887 1.80955 1.65559 1.9635
72.9707 1.83049 1.67763 1.98335
73.6526 1.85143 1.69965 2.00321
74.3346 1.87237 1.72166 2.02309
75.0166 1.89332 1.74365 2.04298
75.6985 1.91426 1.76562 2.0629
76.3805 1.9352 1.78757 2.08283
77.0625 1.95614 1.8095 2.10278
77.7444 1.97709 1.83142 2.12275
78.4264 1.99803 1.85332 2.14274
79.1084 2.01897 1.87519 2.16275
79.7903 2.03991 1.89705 2.18278
80.4723 2.06085 1.91888 2.20283
81.1543 2.0818 1.9407 2.2229
81.8363 2.10274 1.96249 2.24299
82.5182 2.12368 1.98426 2.26311
83.2002 2.14462 2.00601 2.28324
83.8822 2.16557 2.02773 2.3034
84.5641 2.18651 2.04944 2.32358
85.2461 2.20745 2.07111 2.34379
85.9281 2.22839 2.09277 2.36402
86.61 2.24934 2.1144 2.38427
87.292 2.27028 2.13601 2.40455
87.974 2.29122 2.15759 2.42485
88.6559 2.31216 2.17915 2.44518
89.3379 2.33311 2.20068 2.46553
90.0199 2.35405 2.22219 2.48591
90.7018 2.37499 2.24367 2.50632
91.3838 2.39593 2.26512 2.52675
92.0658 2.41688 2.28654 2.54721
92.7478 2.43782 2.30794 2.56769
93.4297 2.45876 2.32931 2.58821
94.1117 2.4797 2.35066 2.60875
94.7937 2.50065 2.37197 2.62932
95.4756 2.52159 2.39326 2.64992
96.1576 2.54253 2.41452 2.67054
96.8396 2.56347 2.43575 2.6912
97.5215 2.58442 2.45695 2.71188
98.2035 2.60536 2.47812 2.73259
98.8855 2.6263 2.49927 2.75333
99.5674 2.64724 2.52038 2.77411
100.249 2.66819 2.54147 2.79491
100.931 2.68913 2.56252 2.81574
101.613 2.71007 2.58355 2.8366
102.295 2.73101 2.60454 2.85748
102.977 2.75196 2.62551 2.8784
103.659 2.7729 2.64644 2.89935
104.341 2.79384 2.66735 2.92033
105.023 2.81478 2.68823 2.94134
105.705 2.83573 2.70907 2.96238
106.387 2.85667 2.72989 2.98345
107.069 2.87761 2.75068 3.00454
107.751 2.89855 2.77144 3.02567
108.433 2.9195 2.79217 3.04682
109.115 2.94044 2.81287 3.06801
109.797 2.96138 2.83354 3.08922
110.479 2.98232 2.85418 3.11047
111.161 3.00327 2.87479 3.13174
111.843 3.02421 2.89538 3.15304
112.525 3.04515 2.91594 3.17436
113.207 3.06609 2.93646 3.19572
113.889 3.08704 2.95697 3.2171
114.571 3.10798 2.97744 3.23851
115.253 3.12892 2.99789 3.25995
115.935 3.14986 3.01831 3.28142
116.617 3.1708 3.0387 3.30291
117.299 3.19175 3.05907 3.32442
117.981 3.21269 3.07941 3.34597
118.663 3.23363 3.09973 3.36753
119.345 3.25457 3.12002 3.38913
120.027 3.27552 3.14029 3.41075
120.708 3.29646 3.16053 3.43239
121.39 3.3174 3.18075 3.45405
122.072 3.33834 3.20095 3.47574
122.754 3.35929 3.22112 3.49746
123.436 3.38023 3.24127 3.51919
124.118 3.40117 3.26139 3.54095
124.8 3.42211 3.2815 3.56273
125.482 3.44306 3.30158 3.58453
126.164 3.464 3.32164 3.60635
126.846 3.48494 3.34169 3.6282
127.528 3.50588 3.36171 3.65006
128.21 3.52683 3.38171 3.67195
128.892 3.54777 3.40169 3.69385
129.574 3.56871 3.42165 3.71577
130.256 3.58965 3.44159 3.73772
130.938 3.6106 3.46152 3.75968
131.62 3.63154 3.48142 3.78166
132.302 3.65248 3.50131 3.80365
132.984 3.67342 3.52118 3.82567
133.666 3.69437 3.54104 3.8477
134.348 3.71531 3.56087 3.86975
135.03 3.73625 3.58069 3.89181
135.712 3.75719 3.6005 3.91389
136.394 3.77814 3.62029 3.93599
137.076 3.79908 3.64006 3.9581
137.758 3.82002 3.65982 3.98022
138.44 3.84096 3.67956 4.00236
139.122 3.86191 3.69929 4.02452
139.804 3.88285 3.71901 4.04669
140.486 3.90379 3.73871 4.06887
141.168 3.92473 3.7584 4.09107
141.85 3.94568 3.77808 4.11327
142.531 3.96662 3.79774 4.1355
143.213 3.98756 3.81739 4.15773
143.895 4.0085 3.83703 4.17998
144.577 4.02945 3.85666 4.20224
145.259 4.05039 3.87627 4.22451
145.941 4.07133 3.89587 4.24679
146.623 4.09227 3.91547 4.26908
147.305 4.11322 3.93505 4.29138
147.987 4.13416 3.95462 4.3137
148.669 4.1551 3.97418 4.33602
149.351 4.17604 3.99373 4.35836
150.033 4.19699 4.01327 4.3807
150.715 4.21793 4.0328 4.40306
151.397 4.23887 4.05232 4.42542
152.079 4.25981 4.07183 4.44779
152.761 4.28075 4.09134 4.47017
153.443 4.3017 4.11083 4.49257
154.125 4.32264 4.13032 4.51496
154.807 4.34358 4.14979 4.53737
155.489 4.36452 4.16926 4.55979
156.171 4.38547 4.18872 4.58221
156.853 4.40641 4.20817 4.60465
157.535 4.42735 4.22762 4.62709
158.217 4.44829 4.24706 4.64953
158.899 4.46924 4.26649 4.67199
159.581 4.49018 4.28591 4.69445
160.263 4.51112 4.30532 4.71692
160.945 4.53206 4.32473 4.7394
161.627 4.55301 4.34413 4.76188
162.309 4.57395 4.36353 4.78437
162.991 4.59489 4.38292 4.80686
163.673 4.61583 4.4023 4.82937
164.354 4.63678 4.42168 4.85187
165.036 4.65772 4.44105 4.87439
165.718 4.67866 4.46041 4.89691
166.4 4.6996 4.47977 4.91944
167.082 4.72055 4.49913 4.94197
167.764 4.74149 4.51847 4.96451
168.446 4.76243 4.53781 4.98705
169.128 4.78337 4.55715 5.0096
169.81 4.80432 4.57648 5.03215
