# Data from DA_121011_E2.h5 stim 2
# Ratiometric estimator
# Ratiometric estimator:
#    Time    Ca (est)    Ca (se)
  780.645 0.0437447007 0.00196329469
  780.745 0.0375516145 0.00188426934
  780.845 0.0378226321 0.00189717985
  780.945 0.0416858546 0.00196430803
  781.045 0.0361501416 0.00186655365
  781.145 0.0376793205 0.00187696618
  781.245 0.0394988591 0.00188874614
  781.345 0.0416690789 0.00192596937
  781.445 0.0377556481 0.00187774313
  781.545 0.0392135802 0.001891366
  781.645 0.0436008394 0.00197683681
  781.745 0.0382089973 0.00189941985
  781.845 0.0406174949 0.00192922137
  781.945 0.0349895817 0.00183747771
  782.045 0.0386869715 0.00190152591
  782.145 0.0448505467 0.00202659617
  782.245 0.139373435 0.00357931949
  782.345 0.147458627 0.00370188849
  782.445 0.149680367 0.0037800984
  782.545 0.145103667 0.00365935532
  782.645 0.136705313 0.00358529697
  782.745 0.130107353 0.00347588343
  782.845 0.124222782 0.00330282939
  782.945 0.121921519 0.00325464909
  783.045 0.115636634 0.00314932452
  783.145 0.10897472 0.00306086514
  783.245 0.112380665 0.00316530138
  783.345 0.106488207 0.00300099448
  783.445 0.102785345 0.00293091102
  783.545 0.100282951 0.00288885347
  783.645 0.093831553 0.00274867459
  783.745 0.0900201466 0.00270486974
  783.845 0.094421432 0.0027512731
  783.945 0.0911982342 0.00270391317
  784.045 0.0867171466 0.00270304061
  784.145 0.0884401422 0.00265553083
  784.245 0.0814878589 0.00256935391
  784.345 0.0833278013 0.00255699363
  784.445 0.0777207061 0.00249519145
  784.545 0.076818376 0.00251472934
  784.645 0.0703565786 0.00239328605
  784.745 0.0734048044 0.0023983299
  784.845 0.0706022985 0.00241064491
  784.945 0.0684565753 0.00233939615
  785.045 0.0695855023 0.0023620771
  785.145 0.070465847 0.0023849797
  785.245 0.066143492 0.00233165371
  785.345 0.0693811318 0.00232808968
  785.445 0.0612624753 0.00223917163
  785.545 0.0623328438 0.00223567688
  785.645 0.0580322912 0.00220366303
  785.745 0.0621049975 0.00222014056
  785.845 0.0594142143 0.00218070373
  785.945 0.0611969649 0.00219491809
  786.045 0.0589321808 0.00223220022
  786.145 0.0601546426 0.0022099087
  786.245 0.0573596675 0.00218065857
  786.345 0.0576686087 0.00215843621
  786.445 0.0570854673 0.00214212552
  786.545 0.0566738671 0.00218569655
  786.645 0.0541414538 0.00216463575
  786.745 0.0566539649 0.00213621872
  786.845 0.0545618325 0.00211776533
  786.945 0.0489648765 0.00205664889
  787.045 0.0519852334 0.00209251187
  787.145 0.0548812117 0.00215034021
  787.245 0.053713299 0.00212873036
  787.345 0.0515936244 0.00208616832
  787.445 0.0500941258 0.00206630523
  787.545 0.0484472572 0.00203079764
  787.645 0.0524589028 0.00210948008
  787.745 0.0497292156 0.00206805859
  787.845 0.0506127638 0.00209226586
  787.945 0.0497261526 0.00206293972
  788.045 0.0509578854 0.00209198386
  788.145 0.0458121965 0.00198010248
  788.245 0.0475711095 0.00201690883
  788.345 0.0499484757 0.00204853618
  788.445 0.0493284206 0.00203527124
  788.545 0.0474736865 0.00202991797
  788.645 0.0509425495 0.00206550782
  788.745 0.0444420049 0.00200317014
  788.845 0.048935604 0.00204041065
  788.945 0.046658232 0.00200390979
  789.045 0.047469058 0.00201696616
  789.145 0.0454796865 0.00201106588
  789.245 0.0485684736 0.00203351596
  789.345 0.0461872784 0.00200449137
  789.445 0.0443578319 0.00195480772
  789.545 0.0443221047 0.00197398981
  789.645 0.0470314714 0.0020068325
  789.745 0.0490252238 0.0020198058
  789.845 0.0446800041 0.00198400923
  789.945 0.0452816938 0.00199147994
  790.045 0.0459119435 0.00195436855
  790.145 0.047547982 0.00201938018
  790.245 0.0433300563 0.00193042395
  790.345 0.0460751587 0.00201171279
  790.445 0.0472572533 0.00198079222
  790.545 0.0472826938 0.00200636752
  790.645 0.0434951711 0.001944602
  790.745 0.0453031762 0.00195983784
  790.845 0.0449867379 0.00195971445
  790.945 0.0438550961 0.00192836629
  791.045 0.043877416 0.00197708095
  791.145 0.0477713639 0.00200862709
  791.245 0.0465229917 0.00198718902
  791.345 0.0433495454 0.0019618529
  791.445 0.041725176 0.00193167085
  791.545 0.0456317464 0.00199865793
  791.645 0.0411761132 0.00192377539
  791.745 0.0492796402 0.00202441599
  791.845 0.0462497756 0.00204397616
  791.945 0.0422363375 0.00194103933
  792.045 0.0436470738 0.00195644176
  792.145 0.0450194119 0.00195879806
  792.245 0.0420753674 0.00193234894
  792.345 0.0441968933 0.00196984937
  792.445 0.0418700231 0.00190632794
  792.545 0.0422456007 0.0019150247
  792.645 0.0437946076 0.00193073817
  792.745 0.0439843234 0.00196894561
  792.845 0.0434591288 0.00196067692
  792.945 0.044866605 0.00195082417
  793.045 0.0432868005 0.00193559553
  793.145 0.0437446863 0.00195500557
  793.245 0.0425525425 0.00194998451
  793.345 0.0430227805 0.0019269644
  793.445 0.0407477437 0.00192229993
  793.545 0.0428419701 0.00190013896
  793.645 0.0437806708 0.00196515051
  793.745 0.0397505669 0.00187190803
  793.845 0.0439556419 0.00194579952
  793.945 0.0444426393 0.00196819822
  794.045 0.0426856108 0.0019673079
  794.145 0.0432407094 0.00194696691
  794.245 0.0419888878 0.00190103517
  794.345 0.0448250767 0.00193981354
  794.445 0.0444739033 0.00192519164
  794.545 0.0403091761 0.00189560426
  794.645 0.0439346253 0.00193819027
  794.745 0.0418117195 0.00191302126
  794.845 0.0437359538 0.00192321923
  794.945 0.0401633986 0.00188321453
  795.045 0.0444620191 0.00195195517
  795.145 0.0424163115 0.00192890685
  795.245 0.040194528 0.00191727067
  795.345 0.0439975807 0.00193829588
  795.445 0.0417114323 0.00190790469
  795.545 0.0451517773 0.00198516963
  795.645 0.0426487731 0.00192371563
  795.745 0.0401327973 0.00186543463
  795.845 0.0441187503 0.00191680028
  795.945 0.0443425882 0.00193819637
  796.045 0.0402002979 0.00187439809
  796.145 0.0427689029 0.00189453656
  796.245 0.044259725 0.0019202119
  796.345 0.0454930198 0.00194487525
  796.445 0.0449371718 0.00196633468
  796.545 0.0408097178 0.00189889401
  796.645 0.0446090339 0.00196849829
  796.745 0.0404740212 0.0018827669
  796.845 0.0419545599 0.0018804366
  796.945 0.042904355 0.00192058343
  797.045 0.0391244291 0.00188112547
  797.145 0.0416775008 0.00193283699
  797.245 0.0459211602 0.00194280861
  797.345 0.0455650145 0.00194885041
  797.445 0.0397530066 0.00188911107
  797.545 0.0409246914 0.00190220277
  797.645 0.0405456389 0.00189124477
  797.745 0.0409376205 0.00190591797
  797.845 0.0424081349 0.00191092605
  797.945 0.0406403047 0.00187987561
  798.045 0.0399561821 0.00189697657
  798.145 0.040495758 0.00189619154
  798.245 0.0409186102 0.00189436295
  798.345 0.0398420798 0.00188348256
  798.445 0.0427902125 0.00192375302
  798.545 0.0380032062 0.00185289459
  798.645 0.04044337 0.00188494347
  798.745 0.0420329618 0.00188568895
  798.845 0.0420572072 0.00190327622
  798.945 0.0418319697 0.00191351129
  799.045 0.0427518795 0.00191136481
  799.145 0.0468226757 0.00195107026
  799.245 0.0422953813 0.00189600015
  799.345 0.0426589838 0.00191045053
  799.445 0.0465811232 0.00194619919
  799.545 0.0431741379 0.001904518
  799.645 0.0411741278 0.00191488715
  799.745 0.0444972673 0.00193330194
  799.845 0.0441975009 0.0019199014
  799.945 0.0446856083 0.00196166221
  800.045 0.0426461258 0.00192441194
  800.145 0.0416446603 0.00189505397
  800.245 0.0436407254 0.00192298635
  800.345 0.0429915211 0.0019118473
  800.445 0.0475501564 0.00197051613
  800.545 0.047292773 0.00198231596


