# Data from DA_121011_E2.h5 stim 4
# Ratiometric estimator
# Ratiometric estimator:
#    Time    Ca (est)    Ca (se)
 1841.876 0.0779090096 0.00166455393
 1842.076 0.0783041687 0.00168004949
 1842.276 0.0784795454 0.00167963602
 1842.476 0.0780055286 0.00168411577
 1842.676 0.0767248401 0.00165641055
 1842.876 0.0784276725 0.00166593967
 1843.076 0.079113084 0.00167266259
 1843.276 0.0742312803 0.00163250334
 1843.476 0.123694076 0.00219913001
 1843.676 0.128537557 0.00225921311
 1843.876 0.13080862 0.00230544287
 1844.076 0.125296139 0.00223025696
 1844.276 0.121015031 0.00218294185
 1844.476 0.123788379 0.00218720783
 1844.676 0.117992723 0.00213335049
 1844.876 0.123315879 0.00222465033
 1845.076 0.115745483 0.00211677134
 1845.276 0.120940847 0.00215481223
 1845.476 0.118431187 0.00214521078
 1845.676 0.122852306 0.00218994029
 1845.876 0.117540277 0.00214989148
 1846.076 0.111942656 0.0021065015
 1846.276 0.115086116 0.00209330275
 1846.476 0.113744958 0.00208873827
 1846.676 0.114615008 0.00209975974
 1846.876 0.110570547 0.00205549282
 1847.076 0.112063103 0.00210034031
 1847.276 0.109875676 0.00205683553
 1847.476 0.109258396 0.00202693082
 1847.676 0.107787597 0.00201173673
 1847.876 0.10647745 0.00199423328
 1848.076 0.105257827 0.00198150953
 1848.276 0.106459137 0.00197474497
 1848.476 0.106237416 0.00199191277
 1848.676 0.106192308 0.00202194139
 1848.876 0.102988302 0.00193940774
 1849.076 0.104660467 0.00197715237
 1849.276 0.100526154 0.00192238194
 1849.476 0.103277595 0.00195539305
 1849.676 0.101244754 0.00194577396
 1849.876 0.099995282 0.00192691486
 1850.076 0.102283233 0.00193319877
 1850.276 0.0957845428 0.00189080475
 1850.476 0.102151094 0.00193605053
 1850.676 0.0956546862 0.00187404285
 1850.876 0.100263788 0.00193327374
 1851.076 0.0993452444 0.00192311321
 1851.276 0.0973022261 0.00186334524
 1851.476 0.0939234088 0.00184430149
 1851.676 0.0955696626 0.00184400679
 1851.876 0.09270457 0.00183720962
 1852.076 0.096623611 0.00184679584
 1852.276 0.094717694 0.00184522984
 1852.476 0.0965814047 0.00185471603
 1852.676 0.0991808165 0.00191751207
 1852.876 0.0948651128 0.0018480099
 1853.076 0.0971052316 0.00188153168
 1853.276 0.0966899008 0.00186317307
 1853.476 0.0961316392 0.0018601283
 1853.676 0.0916296835 0.00183573979
 1853.876 0.0924841807 0.00185863778
 1854.076 0.0936042899 0.00182569903
 1854.276 0.0903405034 0.00180666645
 1854.476 0.0910671197 0.00181447279
 1854.676 0.0939671824 0.0018439918
 1854.876 0.0902967638 0.00182761455
 1855.076 0.0881660644 0.00178106704
 1855.276 0.0890643529 0.00178856654
 1855.476 0.0885626837 0.00177270926
 1855.676 0.0896076429 0.00178557676
 1855.876 0.0887150391 0.00180082067
 1856.076 0.0855181789 0.00176385098
 1856.276 0.0849198151 0.00175628919
 1856.476 0.0921616494 0.00183610797
 1856.676 0.0893137707 0.00181017076
 1856.876 0.0888689012 0.00176754778
 1857.076 0.0875422009 0.00177131415
 1857.276 0.0900781697 0.00179812691
 1857.476 0.0893113304 0.00178857014
 1857.676 0.0917068817 0.00181952224
 1857.876 0.0891214589 0.0018016277
 1858.076 0.0910679091 0.00182547308
 1858.276 0.0910850639 0.00181008057
 1858.476 0.0909127657 0.00181862471
 1858.676 0.0901308304 0.00179413887
 1858.876 0.0925857884 0.00184554066
 1859.076 0.0916065499 0.0018198545
 1859.276 0.0858640335 0.00176287672
 1859.476 0.0880242789 0.00178281844
 1859.676 0.0859201364 0.00177154743
 1859.876 0.0861535317 0.00175679976
 1860.076 0.0865549576 0.00175165308
 1860.276 0.0904428466 0.00181050152
 1860.476 0.0886424536 0.00178113617
 1860.676 0.0880896545 0.00175168858
 1860.876 0.0906720064 0.00181705113
 1861.076 0.0868095721 0.00174345802
 1861.276 0.0858526115 0.00177049582
 1861.476 0.0880962254 0.001781068
 1861.676 0.0867906265 0.00176230958
 1861.876 0.087103065 0.0017639585
 1862.076 0.0873174757 0.00174500136
 1862.276 0.0843122147 0.0017285612
 1862.476 0.0824024406 0.00170957014
 1862.676 0.0852763397 0.00176963728
 1862.876 0.0863989462 0.00177148712
 1863.076 0.0855072303 0.00176410151
 1863.276 0.0873309728 0.00177009066
 1863.476 0.0847594146 0.00173273891
 1863.676 0.083364191 0.00173866138
 1863.876 0.0848861375 0.00175312493
 1864.076 0.0899579486 0.00178771604
 1864.276 0.0842152226 0.00176904801
 1864.476 0.08469361 0.00173576544
 1864.676 0.083881646 0.00173876805
 1864.876 0.0852787566 0.00173073076
 1865.076 0.084787783 0.00174274647
 1865.276 0.0850709916 0.00175339623
 1865.476 0.0826204057 0.00170829985
 1865.676 0.083272001 0.00172734878
 1865.876 0.0838032403 0.00173197852
 1866.076 0.0837244037 0.00175392911
 1866.276 0.0836879871 0.001752926
 1866.476 0.0845890495 0.00173285337
 1866.676 0.0823260074 0.00170250954
 1866.876 0.0817246988 0.00170987336
 1867.076 0.0801220956 0.00171253195
 1867.276 0.0827591144 0.00172169256
 1867.476 0.0847323005 0.00174709918
 1867.676 0.0834737022 0.00170766628
 1867.876 0.0821419936 0.00173538265
 1868.076 0.0771632968 0.00164195696
 1868.276 0.0834657256 0.00172870154
 1868.476 0.0842718575 0.00175380813
 1868.676 0.082040948 0.00174260351
 1868.876 0.0802722549 0.00170347279
 1869.076 0.080458951 0.0016888823
 1869.276 0.0844823065 0.00172199543
 1869.476 0.0810644232 0.00168215711
 1869.676 0.0789397107 0.00167332867
 1869.876 0.0801378985 0.00168509273
 1870.076 0.0809815102 0.00169305584
 1870.276 0.0831211228 0.00171890081
 1870.476 0.0815804536 0.00169077497
 1870.676 0.0827718006 0.00171290688
 1870.876 0.0793350293 0.00167185911
 1871.076 0.0793849791 0.00170123589
 1871.276 0.0820923828 0.00170298332
 1871.476 0.0803964142 0.00169660284
 1871.676 0.0794766166 0.00171919952
 1871.876 0.0773210542 0.00167558729
 1872.076 0.0804058929 0.00168876098
 1872.276 0.0797751309 0.00166009345
 1872.476 0.0780199802 0.00166347615
 1872.676 0.076876834 0.00165815094
 1872.876 0.0783203404 0.00163151026
 1873.076 0.0787310285 0.00167227288
 1873.276 0.0772598884 0.0016519953
 1873.476 0.0782646434 0.00169587744
 1873.676 0.0761191217 0.00165266479
 1873.876 0.0787267233 0.00169052053
 1874.076 0.0803085079 0.00166931998
 1874.276 0.0748155124 0.00161269556
 1874.476 0.0759176585 0.00165067019
 1874.676 0.0762844513 0.00165873956
 1874.876 0.0780096743 0.00169189243
 1875.076 0.0763150951 0.00164410867
 1875.276 0.0746070683 0.00162800459
 1875.476 0.0764734698 0.00165093766
 1875.676 0.0748718224 0.0016420712
 1875.876 0.077183283 0.00167284442
 1876.076 0.0796031448 0.00168069786
 1876.276 0.0760474356 0.00164597918
 1876.476 0.0759768397 0.00164853043
 1876.676 0.0757748075 0.0016666435
 1876.876 0.0735955758 0.00162125123
 1877.076 0.0766919252 0.00165513535
 1877.276 0.0769042875 0.00166069614
 1877.476 0.0760387117 0.00165128031
 1877.676 0.0752799452 0.00163214267
 1877.876 0.0764932678 0.00164355171
 1878.076 0.0773535017 0.00164402247
 1878.276 0.0763724613 0.0016418628
 1878.476 0.0773336828 0.00167587257
 1878.676 0.074672608 0.00164146067
 1878.876 0.0755149315 0.0016438625
 1879.076 0.0765136883 0.00165463366
 1879.276 0.0738611735 0.0016183204
 1879.476 0.0759430553 0.00163452973
 1879.676 0.0784527258 0.00165148271
 1879.876 0.0756361044 0.00165565023
 1880.076 0.0748574504 0.00163971726
 1880.276 0.0793041377 0.00168514848
 1880.476 0.0774652767 0.00169164944
 1880.676 0.0767314396 0.0016543399
 1880.876 0.077376032 0.00165062995
 1881.076 0.0749460871 0.00163877406
 1881.276 0.0765860416 0.00165350389
 1881.476 0.0748834127 0.00163299266
 1881.676 0.0771520144 0.00167257733


