# Cellular [Fura] for dataset DA_121011_E2.h5

# Loading curve with 69 elements
#    Time   AMPLITUDE
    0.021 1.31629008
   30.021 1.27355573
   60.021 1.20575778
   90.021 1.24849213
  120.021 1.17330131
  150.021 2.06405104
  180.021 1.16464625
  210.021 1.29825871
  240.021 1.32296169
  270.021 1.40157847
  300.021 1.09793018
  480.021 19.3784947
  540.021 24.083781
  600.021 29.1093044
  660.021 35.3741239
  720.021 41.5963894
  780.021 51.5186922
  840.021 55.6139772
  900.021 60.1447198
  960.021 63.9646657
 1020.021 66.5114166
 1080.021 70.5080699
 1140.021 71.0010476
 1230.021 76.7696438
 1290.021 77.8645087
 1350.021 80.8892712
 1410.021 80.8840421
 1470.021 81.6404581
 1530.021 84.9629185
 1590.021 86.2669472
 1650.021 86.5518429
 1710.021 87.7121616
 1770.021 88.2080243
 1860.021 89.8521247
 1920.021  90.11953
 1980.021 91.6404761
 2040.021 91.7277479
 2100.021 91.267407
 2160.021 92.5326683
 2220.021 93.0602663
 2280.021 91.1958225
 2340.021 91.6458855
 2400.021 92.5573713
 2460.021 92.2553459
 2520.021 93.9346074
 2580.021 92.7661746
 2640.021 92.3938268
 2700.021 92.7714037
 2760.021 91.4345578
 2820.021 93.3621114
 2880.021 95.5356129
 2940.021 96.1250584
 3000.021 97.5388982
 3060.021 96.9835319
 3120.021 99.0978905
 3180.021 99.3303149
 3240.021 98.226795
 3300.021       100
 3360.021 99.3517722
 3420.021 98.5528022
 3480.021 98.2666443
 3540.021 98.2365319
 3600.021 98.0275483
 3660.021 97.9734542
 3720.021 98.2531208
 3780.021 97.4568554
 3840.021 97.6636753
 3900.021 98.486627
 3960.021 98.0639717


# Stim 1 with 200 elements
#    Time   AMPLITUDE
  460.015 14.8627182
  460.115 15.1447288
  460.215 14.7105334
  460.315 14.7514646
  460.415 15.1631208
  460.515 14.7054846
  460.615 15.7740236
  460.715 14.9137469
  460.815 14.6030664
  460.915 14.9792008
  461.015 15.3030442
  461.115 15.0039038
  461.215 14.5399566
  461.315 15.1993639
  461.415 15.2435407
  461.515 14.9451215
  461.615 14.9343027
  461.715 15.1306643
  461.815 14.7630047
  461.915 14.9739717
  462.015 14.7904124
  462.115 15.0352784
  462.215 14.7406458
  462.315 14.4501604
  462.415 14.199344
  462.515 14.9303358
  462.615 15.2783413
  462.715  14.71432
  462.815  14.81782
  462.915 15.1703333
  463.015 14.916632
  463.115 15.5172569
  463.215 15.0864875
  463.315 15.3225181
  463.415 15.2815869
  463.515 15.7540088
  463.615 15.2204606
  463.715 15.5767604
  463.815 15.2671618
  463.915 15.8396578
  464.015 15.4265591
  464.115 15.1887253
  464.215 15.8108076
  464.315 15.2307384
  464.415 15.8254131
  464.515 16.1561084
  464.615 15.1811522
  464.715 15.8502963
  464.815 15.8831134
  464.915 16.245544
  465.015 16.0325935
  465.115 15.5688266
  465.215 16.006989
  465.315 15.5769408
  465.415 15.8295603
  465.515 16.0262825
  465.615 16.2444621
  465.715 15.7585167
  465.815 16.2437409
  465.915 15.9155699
  466.015 15.7352562
  466.115 16.2244473
  466.215 15.9171927
  466.315 16.0585587
  466.415 16.025381
  466.515 15.5670235
  466.615 15.9803025
  466.715 16.2563628
  466.815 16.5014092
  466.915 16.2091206
  467.015 15.7843015
  467.115 16.0987686
  467.215 16.2853933
  467.315 16.2462653
  467.415 16.0819995
  467.515  16.43866
  467.615 16.588681
  467.715 16.5811078
  467.815 16.4238743
  467.915 16.2442818
  468.015 16.4114326
  468.115 16.0028417
  468.215 16.2504125
  468.315 16.527735
  468.415 17.1820934
  468.515 16.4116129
  468.615 16.8268754
  468.715 16.3146041
  468.815 16.3367827
  468.915 16.7899111
  469.015 16.3353402
  469.115 16.1950562
  469.215 16.9747326
  469.315 16.2945893
  469.415 16.4770668
  469.515 16.4431678
  469.615 17.2311387
  469.715 16.6451192
  469.815 17.0185489
  469.915 16.6361035
  470.015 16.7899111
  470.115 16.7464555
  470.215 17.0068285
  470.315 17.3139027
  470.415 16.8095653
  470.515 17.5935693
  470.615 16.999075
  470.715 16.9976325
  470.815 16.9875349
  470.915 16.8984599
  471.015 17.2706274
  471.115 17.684808
  471.215 17.4852008
  471.315 17.6498272
  471.415 17.5196407
  471.515 17.2839707
  471.615 17.9933248
  471.715 17.2951501
  471.815 17.0807571
  471.915 17.4934952
  472.015 17.6902174
  472.115 17.1730777
  472.215 16.9040497
  472.315 17.8238299
  472.415 17.4177634
  472.515 17.7874065
  472.615 17.5432618
  472.715 17.8092245
  472.815 17.654335
  472.915 17.5955527
  473.015 17.7702767
  473.115 17.6963481
  473.215 17.2626936
  473.315 17.7874065
  473.415 18.0784329
  473.515 17.5852749
  473.615 17.9201174
  473.715 18.2632544
  473.815 18.1428049
  473.915 17.7145598
  474.015 17.5055762
  474.115 17.9404929
  474.215 17.8124701
  474.315 18.0849242
  474.415 17.7394431
  474.515 18.2113241
  474.615 17.8824319
  474.715 18.1126925
  474.815 17.6474831
  474.915 18.3242004
  475.015 18.2241263
  475.115 17.553179
  475.215 17.7890294
  475.315 17.5620144
  475.415 17.9287725
  475.515 18.150919
  475.615 18.2811055
  475.715 18.1720157
  475.815 18.3013006
  475.915 17.9177733
  476.015 18.0571558
  476.115 17.9621305
  476.215 18.7162024
  476.315 17.8153552
  476.415 17.877924
  476.515 18.0622046
  476.615 18.5517563
  476.715 17.9381488
  476.815 17.9019057
  476.915 17.8925294
  477.015 17.8350093
  477.115 18.7270213
  477.215 18.1211672
  477.315 18.353231
  477.415 18.2201594
  477.515 18.4277005
  477.615 18.7396432
  477.715 18.7618218
  477.815 18.1570496
  477.915 18.2212413
  478.015 18.0513858
  478.115 18.4277005
  478.215 18.5102842
  478.315 18.2167335
  478.415 18.4120132
  478.515 18.6920404
  478.615 18.3725245
  478.715 18.7169237
  478.815 18.6758122
  478.915 18.5858356
  479.015 18.7598384
  479.115 18.4783687
  479.215 18.8474708
  479.315 18.6199149
  479.415 18.2794826
  479.515 18.9098594
  479.615 19.4428667
  479.715 18.5760987
  479.815 18.4563704
  479.915 18.8249316


# Stim 2 with 200 elements
#    Time   AMPLITUDE
  780.645 48.7126503
  780.745 48.6462948
  780.845 48.9933987
  780.945 49.5314548
  781.045 48.564793
  781.145 49.1937272
  781.245 49.432102
  781.345 49.756306
  781.445 48.9618438
  781.545 49.887935
  781.645 48.9894318
  781.745 50.0969186
  781.845 49.4878189
  781.945 49.5150463
  782.045 49.1648771
  782.145 49.0509188
  782.245 47.3164812
  782.345 48.6333122
  782.445 48.3626614
  782.545 47.1056945
  782.645 47.9632665
  782.745 47.8949276
  782.845 47.4784029
  782.945 47.7218264
  783.045 48.1994775
  783.145 47.2989908
  783.245 48.3096491
  783.345 47.6947794
  783.445 48.6915536
  783.545 47.6599788
  783.645 47.6450128
  783.745 48.1215819
  783.845 48.2679967
  783.945 47.9892317
  784.045 47.3972618
  784.145 48.7546634
  784.245 48.4787834
  784.345 48.8123638
  784.445 48.2447362
  784.545 48.6273619
  784.645 48.6145596
  784.745 48.4987982
  784.845 48.0469321
  784.945 48.4250499
  785.045 48.1430393
  785.145 48.4834715
  785.245 49.030363
  785.345 48.7074212
  785.445 48.7629578
  785.545 48.9712201
  785.645 49.0691305
  785.745 48.6661293
  785.845 48.6571136
  785.945 48.1938877
  786.045 49.3899086
  786.145 48.978613
  786.245 49.2896541
  786.345 49.318865
  786.445 49.2615252
  786.545 49.3992849
  786.645 48.8430171
  786.745 49.0007916
  786.845 49.3130949
  786.945 48.7829726
  787.045 49.3980227
  787.145 48.9445337
  787.245 48.687767
  787.345 48.7454674
  787.445 48.5290909
  787.545 49.009086
  787.645 49.1059145
  787.745 49.6176448
  787.845 49.2310522
  787.945 49.4948511
  788.045 49.1399938
  788.145 49.060836
  788.245 49.0218883
  788.345 48.7474508
  788.445 49.0391984
  788.545 49.0253142
  788.645 49.1933666
  788.745 48.3260577
  788.845 49.6353155
  788.945 49.3383388
  789.045 49.2833432
  789.145 49.315439
  789.245 49.9874682
  789.345 49.2750487
  789.445 50.0237113
  789.545 49.4021699
  789.645 49.3031777
  789.745 48.5442373
  789.845 49.7893034
  789.945 49.7929097
  790.045 49.4820489
  790.145 49.4587884
  790.245 49.2656724
  790.345 49.9914351
  790.445 49.0467716
  790.545 50.2824614
  790.645 49.8140064
  790.745 49.9952217
  790.845 49.5451587
  790.945 50.0933123
  791.045  49.59763
  791.145 49.7595517
  791.245 50.1025083
  791.345 49.8186946
  791.445 49.722948
  791.545 49.3334704
  791.645 50.1450624
  791.745 49.5707632
  791.845 49.7260133
  791.945 49.9477992
  792.045 49.783894
  792.145 49.8433975
  792.245 49.0184623
  792.345 50.6656281
  792.445 49.9555527
  792.545 50.3616191
  792.645 49.9858454
  792.745 49.6454131
  792.845 50.1735519
  792.945 49.3825157
  793.045 49.5377658
  793.145 49.6506422
  793.245 49.7555848
  793.345 50.3592751
  793.445 50.0541843
  793.545 49.6374793
  793.645 50.328802
  793.745 50.6311881
  793.845 50.390289
  793.945 50.2790355
  794.045 49.6917537
  794.145 50.6688737
  794.245 50.2386452
  794.345 51.1412956
  794.445 50.3208682
  794.545 50.0192034
  794.645 50.0332679
  794.745  50.16093
  794.845 50.0639212
  794.945 50.4054354
  795.045 50.7289182
  795.145 49.7456675
  795.245 50.6014364
  795.345 50.5810609
  795.445 49.927604
  795.545 50.6946586
  795.645 49.495933
  795.745 50.7877004
  795.845 50.5790775
  795.945 51.1483279
  796.045 50.9375411
  796.145 50.0512993
  796.245 50.565013
  796.345 50.9456553
  796.445 50.0904273
  796.545 50.4407769
  796.645 50.4142707
  796.745 50.806994
  796.845 50.9225751
  796.945 51.2660727
  797.045 50.8675794
  797.145 50.565013
  797.245 50.9663913
  797.345 50.7554243
  797.445 51.2761703
  797.545 50.9151822
  797.645 50.3812733
  797.745 49.9467173
  797.845 50.589175
  797.945 50.081051
  798.045 50.3713561
  798.145 50.9534087
  798.245 51.5572794
  798.345 51.6173238
  798.445 50.0552662
  798.545 50.0024342
  798.645 50.708723
  798.745 51.5405102
  798.845 51.0053391
  798.945 50.7761604
  799.045 50.7182797
  799.145 50.5911585
  799.245 51.3028567
  799.345 50.693757
  799.445 51.2532704
  799.545 51.0006509
  799.645 50.3398012
  799.745 50.9189688
  799.845 51.0866606
  799.945 51.2182896
  800.045 51.1335421
  800.145 50.8075349
  800.245 51.3515414
  800.345 51.4673028
  800.445 51.085759
  800.545 50.7491133


# Stim 3 with 200 elements
#    Time   AMPLITUDE
 1221.263 76.6951743
 1221.363 76.620885
 1221.463 76.9052397
 1221.563 76.1172688
 1221.663 76.3037132
 1221.763 75.5148407
 1221.863 76.771447
 1221.963 76.6216063
 1222.063 76.0707479
 1222.163 76.2752236
 1222.263 77.104847
 1222.363 76.7222213
 1222.463 76.5584965
 1222.563 76.3882803
 1222.663 75.6888434
 1222.763 75.5060053
 1222.863 74.6489743
 1222.963 74.2537266
 1223.063 74.9519013
 1223.163 75.3534599
 1223.263 75.0243874
 1223.363 74.9237724
 1223.463 74.2755446
 1223.563 74.1486037
 1223.663 73.9856001
 1223.763 74.0982962
 1223.863 74.8063882
 1223.963 73.9946158
 1224.063 74.9320668
 1224.163 74.4010429
 1224.263 74.1087544
 1224.363 74.5685544
 1224.463 74.5921755
 1224.563 74.4398104
 1224.663 73.8467586
 1224.763 74.8675145
 1224.863 74.4610874
 1224.963 73.9747813
 1225.063 74.9614579
 1225.163 75.2173231
 1225.263 73.9062621
 1225.363 75.8825004
 1225.463 75.6648617
 1225.563 74.4019445
 1225.663 74.3420804
 1225.763 75.0718099
 1225.863 75.2486977
 1225.963 74.9143961
 1226.063 75.9243332
 1226.163 75.046566
 1226.263 74.7508515
 1226.363 75.3260523
 1226.463 75.7393313
 1226.563 74.9836365
 1226.663 75.4977109
 1226.763 75.0391732
 1226.863 74.1399487
 1226.963 75.3354286
 1227.063 75.9962783
 1227.163 74.694233
 1227.263 75.383392
 1227.363 75.1772935
 1227.463 75.1471811
 1227.563 75.3700488
 1227.663 74.8738255
 1227.763 75.132215
 1227.863 75.6506169
 1227.963 75.7193165
 1228.063 76.1944431
 1228.163 74.0501525
 1228.263 75.2497796
 1228.363 75.1460992
 1228.463 75.5188076
 1228.563 75.0139292
 1228.663 75.4140454
 1228.763 75.5265611
 1228.863 74.7349839
 1228.963 75.4639923
 1229.063 75.1480826
 1229.163 75.3285767
 1229.263 75.0251087
 1229.363 75.2629425
 1229.463 75.9809517
 1229.563 76.4982717
 1229.663 74.9629005
 1229.763 75.4445184
 1229.863 76.3257115
 1229.963  75.91676
 1230.063 75.7458226
 1230.163 74.363718
 1230.263 75.334527
 1230.363 76.3781828
 1230.463 75.9387583
 1230.563 76.2943369
 1230.663 75.8073096
 1230.763 75.1850469
 1230.863 75.3264129
 1230.963 75.3127091
 1231.063 75.7492485
 1231.163 75.3572465
 1231.263 76.5705775
 1231.363 74.7376886
 1231.463 75.7490682
 1231.563 75.6652224
 1231.663 76.3841331
 1231.763 75.5873268
 1231.863 75.1132821
 1231.963 75.6614358
 1232.063 75.7654768
 1232.163 76.0433402
 1232.263 75.9034168
 1232.363 76.091484
 1232.463 75.637454
 1232.563 75.6938922
 1232.663 75.5882284
 1232.763 75.8974664
 1232.863 75.8076702
 1232.963 74.4666771
 1233.063 76.0882383
 1233.163 75.5866056
 1233.263 75.1614258
 1233.363 75.6129314
 1233.463 75.3145122
 1233.563 75.3072996
 1233.663 75.653502
 1233.763 76.2366365
 1233.863 75.6668452
 1233.963 75.5911134
 1234.063 75.9328079
 1234.163 75.5152013
 1234.263 76.0112444
 1234.363 75.8839429
 1234.463 75.763313
 1234.563 75.6832537
 1234.663 76.2726992
 1234.763 75.0451235
 1234.863 75.8821397
 1234.963 74.614895
 1235.063 75.503481
 1235.163 75.9066624
 1235.263 76.2923534
 1235.363 75.7813444
 1235.463 75.5180864
 1235.563 76.4147864
 1235.663 76.4575208
 1235.763 75.5215123
 1235.863 75.720218
 1235.963 75.9353323
 1236.063 75.2984643
 1236.163 75.4311752
 1236.263 76.1598229
 1236.363 75.5698364
 1236.463 76.0907627
 1236.563 75.4565994
 1236.663 75.1424929
 1236.763 74.9102489
 1236.863 76.6228685
 1236.963 75.6269958
 1237.063 75.5263808
 1237.163 75.0339441
 1237.263 75.0799241
 1237.363 75.6397981
 1237.463 76.446161
 1237.563 75.282777
 1237.663 75.6536823
 1237.763 75.989787
 1237.863 76.6922892
 1237.963 75.5278233
 1238.063 76.2164414
 1238.163 75.8037033
 1238.263 75.831111
 1238.363 75.8388645
 1238.463 75.8455361
 1238.563 74.324049
 1238.663 75.4919409
 1238.763 76.348431
 1238.863 76.0736329
 1238.963 75.9212678
 1239.063 75.9246938
 1239.163 75.9600353
 1239.263 76.4441776
 1239.363 76.1042862
 1239.463 76.706534
 1239.563 76.7407936
 1239.663 75.9340701
 1239.763 75.5839009
 1239.863 75.827685
 1239.963 76.7137466
 1240.063 75.824259
 1240.163 75.6423225
 1240.263 76.7240245
 1240.363 75.8513061
 1240.463 76.7952484
 1240.563 76.2607985
 1240.663 76.194984
 1240.763 77.5053238
 1240.863 76.1958856
 1240.963 76.541006
 1241.063 76.2056225
 1241.163 76.0155719


# Stim 4 with 200 elements
#    Time   AMPLITUDE
 1841.876 90.2122112
 1842.076 90.8099512
 1842.276 89.916677
 1842.476 90.4181295
 1842.676 90.1480195
 1842.876 90.2751407
 1843.076 91.5970205
 1843.276 90.2491755
 1843.476 89.0603672
 1843.676 88.2826742
 1843.876 88.7240822
 1844.076 89.1460162
 1844.276 89.8027188
 1844.476 88.0938857
 1844.676 88.8861842
 1844.876 88.6029113
 1845.076 88.4240401
 1845.276 88.6530386
 1845.476 88.5598164
 1845.676 88.6155333
 1845.876 89.5720975
 1846.076  88.59065
 1846.276 88.6939698
 1846.476 89.2781862
 1846.676 87.5174228
 1846.876 88.9801276
 1847.076 89.4128805
 1847.276 89.4714825
 1847.476 88.4822815
 1847.676 88.9949134
 1847.876 88.5520629
 1848.076 89.7100375
 1848.276 89.7964078
 1848.476 88.9615553
 1848.676 89.2264362
 1848.876 88.8203697
 1849.076 89.2794484
 1849.276 89.0032078
 1849.476 88.2832151
 1849.676 89.2262558
 1849.876 90.3032696
 1850.076 88.9626372
 1850.276 89.8447319
 1850.476 89.7076934
 1850.676 88.9312626
 1850.876 88.5194261
 1851.076 88.3313589
 1851.276 90.3299561
 1851.476 88.9328854
 1851.676 89.5773266
 1851.876 88.0816244
 1852.076 90.3923446
 1852.276 89.3586061
 1852.476 89.3600486
 1852.676 89.6801054
 1852.876 88.9745379
 1853.076 89.7708032
 1853.276 89.5903092
 1853.476 89.5753432
 1853.676 88.924591
 1853.876 89.650534
 1854.076 89.5481158
 1854.276 90.2367339
 1854.476 90.1065474
 1854.676 88.9592112
 1854.876 90.1525274
 1855.076 89.8209305
 1855.276 89.5863423
 1855.476 90.6503735
 1855.676 89.340755
 1855.876 89.3030695
 1856.076 90.3851321
 1856.276 90.6905835
 1856.476 90.195442
 1856.676 89.7657545
 1856.876 89.9155952
 1857.076 89.7338389
 1857.276 89.3421976
 1857.476 90.9300401
 1857.676 89.8209305
 1857.876 89.3454432
 1858.076 89.4159459
 1858.276 89.5713763
 1858.476 89.9399375
 1858.676 89.1507044
 1858.876 89.5984233
 1859.076    89.562
 1859.276 90.0176527
 1859.476 90.2390779
 1859.676 90.1673131
 1859.876 90.1267425
 1860.076 89.8732214
 1860.276 90.6318012
 1860.476 90.002326
 1860.676 89.6301585
 1860.876 89.3961114
 1861.076 89.8065054
 1861.276 90.3851321
 1861.476 89.9985395
 1861.676 89.4570574
 1861.876 90.5618395
 1862.076 90.2060805
 1862.276 90.0733696
 1862.476 90.8112133
 1862.676 90.0890569
 1862.876 90.2637809
 1863.076 90.2991224
 1863.276 90.0584036
 1863.476 90.2324063
 1863.676 89.9559854
 1863.876 90.6851741
 1864.076 91.3764968
 1864.276 89.6983171
 1864.476 91.0824052
 1864.676 90.4217357
 1864.876 90.921385
 1865.076 89.8807946
 1865.276 89.8807946
 1865.476 91.0398511
 1865.676 89.4413701
 1865.876 91.0551778
 1866.076 90.8072464
 1866.276 90.2643219
 1866.476 89.861501
 1866.676 91.1062066
 1866.876 89.8952197
 1867.076 90.9098449
 1867.276 90.4774527
 1867.476 91.5133549
 1867.676 90.8838798
 1867.876 90.6364894
 1868.076 91.0854705
 1868.276 91.534632
 1868.476 90.4715023
 1868.676 91.3063548
 1868.876 91.2165586
 1869.076 91.2517197
 1869.276 89.6986778
 1869.476 91.3416963
 1869.676 90.3901808
 1869.876 90.8108527
 1870.076 90.9491533
 1870.276 90.728269
 1870.476 90.7911985
 1870.676 90.6159336
 1870.876 90.3768376
 1871.076 89.3573439
 1871.276 91.0744714
 1871.476 90.4543725
 1871.676 90.0982529
 1871.876 90.4071303
 1872.076 90.6060163
 1872.276 90.6020494
 1872.476 91.1709392
 1872.676 90.1381023
 1872.876 90.8712578
 1873.076 90.9487927
 1873.276 89.7547553
 1873.476 90.0876144
 1873.676 90.3404143
 1873.876 90.3461843
 1874.076 90.961595
 1874.276 90.3344639
 1874.476 90.0014245
 1874.676 90.5764449
 1874.876 90.7589224
 1875.076 90.6698474
 1875.276 90.4660929
 1875.476 90.9821507
 1875.676 89.9228077
 1875.876 89.8764671
 1876.076 90.4197523
 1876.276 89.769541
 1876.476 91.0842083
 1876.676 89.0064534
 1876.876 90.7286297
 1877.076 90.3108428
 1877.276 91.3157311
 1877.476 91.0787989
 1877.676 89.8791718
 1877.876 89.8122754
 1878.076 90.3119247
 1878.276 90.2630597
 1878.476 90.3375292
 1878.676 90.1492817
 1878.876 89.1290668
 1879.076 90.440849
 1879.276 90.3835092
 1879.476 89.5282813
 1879.676 90.5088273
 1879.876 90.3865746
 1880.076 90.4590607
 1880.276 90.0493879
 1880.476 90.4177688
 1880.676 90.0547973
 1880.876 90.2545849
 1881.076 89.8876465
 1881.276 90.2407008
 1881.476 90.0019654
 1881.676 89.6005871


