# τ vs mean κ linear regression for data set DA_121011_E2.h5
# Using stimulation: 1, 2, 3, 4
# Best fit: tau = -0.400244 + 0.0190221 kappa_Fura
# Covariance matrix:
# [ +1.01865e-02, -7.56770e-05  
#   -7.56770e-05, +6.93111e-07  ]
# Total sum of squares (TSS) = 847.344
# chisq (Residual sum of squares, RSS) = 325.29
# Probability of observing a larger of equal RSS per DOF under the null hypothesis: 2.3131e-71
# R squared (1-RSS/TSS) = 0.616107
# Estimated gamma/v with standard error: 52.5703 +/- 2.30082
# Estimates kappa_S with standard error (using error propagation): -22.041 +/- 5.38516
# kappa_S confidence intervals based on parametric bootstrap
# 0.95 CI for kappa_S: [-30.277,-12.2297]
# 0.99 CI for kappa_S: [-32.5357,-8.88653]


# The data
# κ_Fura  τ   τ_SE
57.1285 0.808245 0.0621
156.696 2.14881 0.0657425
192.692 5.02954 0.192819
225.623 13.2325 0.669589


# The fitted data
# Preticted values with lower and upper bounds of 0.95 CI
# κ_Fura  τ   τ_lwr  τ_upr
0 -0.400244 -0.598064 -0.202424
0.947617 -0.382218 -0.578646 -0.18579
1.89523 -0.364192 -0.559231 -0.169153
2.84285 -0.346167 -0.539819 -0.152514
3.79047 -0.328141 -0.520409 -0.135873
4.73809 -0.310115 -0.501001 -0.119229
5.6857 -0.29209 -0.481596 -0.102583
6.63332 -0.274064 -0.462194 -0.0859338
7.58094 -0.256038 -0.442794 -0.0692822
8.52856 -0.238012 -0.423397 -0.0526278
9.47617 -0.219987 -0.404003 -0.0359707
10.4238 -0.201961 -0.384611 -0.0193107
11.3714 -0.183935 -0.365223 -0.00264787
12.319 -0.16591 -0.345837 0.014018
13.2666 -0.147884 -0.326455 0.0306868
14.2143 -0.129858 -0.307075 0.0473588
15.1619 -0.111832 -0.287699 0.0640339
16.1095 -0.0938068 -0.268326 0.0807123
17.0571 -0.0757811 -0.248956 0.097394
18.0047 -0.0577554 -0.22959 0.114079
18.9523 -0.0397297 -0.210227 0.130768
19.9 -0.0217039 -0.190868 0.14746
20.8476 -0.00367824 -0.171512 0.164156
21.7952 0.0143475 -0.15216 0.180855
22.7428 0.0323732 -0.132812 0.197559
23.6904 0.0503989 -0.113468 0.214266
24.6381 0.0684246 -0.0941281 0.230977
25.5857 0.0864503 -0.0747921 0.247693
26.5333 0.104476 -0.0554604 0.264412
27.4809 0.122502 -0.0361329 0.281136
28.4285 0.140527 -0.0168099 0.297865
29.3761 0.158553 0.00250859 0.314598
30.3238 0.176579 0.0218224 0.331335
31.2714 0.194605 0.0411315 0.348078
32.219 0.21263 0.0604357 0.364825
33.1666 0.230656 0.0797348 0.381577
34.1142 0.248682 0.0990288 0.398334
35.0618 0.266707 0.118318 0.415097
36.0095 0.284733 0.137601 0.431865
36.9571 0.302759 0.156879 0.448639
37.9047 0.320784 0.176151 0.465418
38.8523 0.33881 0.195417 0.482203
39.7999 0.356836 0.214677 0.498994
40.7476 0.374862 0.233931 0.515792
41.6952 0.392887 0.253179 0.532595
42.6428 0.410913 0.272421 0.549405
43.5904 0.428939 0.291655 0.566222
44.538 0.446964 0.310883 0.583046
45.4856 0.46499 0.330104 0.599876
46.4333 0.483016 0.349318 0.616714
47.3809 0.501042 0.368524 0.633559
48.3285 0.519067 0.387722 0.650412
49.2761 0.537093 0.406913 0.667273
50.2237 0.555119 0.426096 0.684141
51.1713 0.573144 0.445271 0.701018
52.119 0.59117 0.464437 0.717903
53.0666 0.609196 0.483594 0.734797
54.0142 0.627222 0.502743 0.7517
54.9618 0.645247 0.521882 0.768612
55.9094 0.663273 0.541012 0.785534
56.857 0.681299 0.560133 0.802465
57.8047 0.699324 0.579243 0.819406
58.7523 0.71735 0.598343 0.836357
59.6999 0.735376 0.617433 0.853319
60.6475 0.753401 0.636512 0.870291
61.5951 0.771427 0.655579 0.887275
62.5428 0.789453 0.674636 0.90427
63.4904 0.807479 0.693681 0.921276
64.438 0.825504 0.712714 0.938295
65.3856 0.84353 0.731734 0.955326
66.3332 0.861556 0.750742 0.97237
67.2808 0.879581 0.769737 0.989426
68.2285 0.897607 0.788718 1.0065
69.1761 0.915633 0.807686 1.02358
70.1237 0.933659 0.82664 1.04068
71.0713 0.951684 0.845579 1.05779
72.0189 0.96971 0.864504 1.07492
72.9665 0.987736 0.883413 1.09206
73.9142 1.00576 0.902307 1.10922
74.8618 1.02379 0.921185 1.12639
75.8094 1.04181 0.940047 1.14358
76.757 1.05984 0.958891 1.16079
77.7046 1.07786 0.977719 1.17801
78.6522 1.09589 0.996529 1.19525
79.5999 1.11392 1.01532 1.21251
80.5475 1.13194 1.03409 1.22979
81.4951 1.14997 1.05285 1.24709
82.4427 1.16799 1.07158 1.2644
83.3903 1.18602 1.0903 1.28174
84.338 1.20404 1.109 1.29909
85.2856 1.22207 1.12767 1.31647
86.2332 1.2401 1.14632 1.33387
87.1808 1.25812 1.16496 1.35129
88.1284 1.27615 1.18357 1.36873
89.076 1.29417 1.20216 1.38619
90.0237 1.3122 1.22072 1.40368
90.9713 1.33022 1.23926 1.42118
91.9189 1.34825 1.25778 1.43872
92.8665 1.36628 1.27628 1.45627
93.8141 1.3843 1.29475 1.47385
94.7617 1.40233 1.3132 1.49146
95.7094 1.42035 1.33162 1.50909
96.657 1.43838 1.35001 1.52674
97.6046 1.4564 1.36838 1.54442
98.5522 1.47443 1.38673 1.56213
99.4998 1.49246 1.40505 1.57986
100.447 1.51048 1.42334 1.59762
101.395 1.52851 1.4416 1.61541
102.343 1.54653 1.45984 1.63322
103.29 1.56456 1.47805 1.65106
104.238 1.58258 1.49624 1.66893
105.186 1.60061 1.51439 1.68682
106.133 1.61864 1.53252 1.70475
107.081 1.63666 1.55062 1.7227
108.028 1.65469 1.5687 1.74068
108.976 1.67271 1.58674 1.75868
109.924 1.69074 1.60476 1.77671
110.871 1.70876 1.62275 1.79478
111.819 1.72679 1.64071 1.81286
112.766 1.74482 1.65865 1.83098
113.714 1.76284 1.67656 1.84913
114.662 1.78087 1.69444 1.8673
115.609 1.79889 1.71229 1.8855
116.557 1.81692 1.73011 1.90372
117.505 1.83494 1.74791 1.92198
118.452 1.85297 1.76568 1.94026
119.4 1.871 1.78343 1.95856
120.347 1.88902 1.80114 1.9769
121.295 1.90705 1.81884 1.99526
122.243 1.92507 1.8365 2.01364
123.19 1.9431 1.85414 2.03205
124.138 1.96112 1.87176 2.05049
125.086 1.97915 1.88935 2.06895
126.033 1.99718 1.90692 2.08743
126.981 2.0152 1.92446 2.10594
127.928 2.03323 1.94198 2.12447
128.876 2.05125 1.95948 2.14303
129.824 2.06928 1.97695 2.16161
130.771 2.0873 1.9944 2.18021
131.719 2.10533 2.01183 2.19883
132.666 2.12336 2.02923 2.21748
133.614 2.14138 2.04662 2.23614
134.562 2.15941 2.06399 2.25483
135.509 2.17743 2.08133 2.27353
136.457 2.19546 2.09865 2.29226
137.405 2.21348 2.11596 2.31101
138.352 2.23151 2.13325 2.32977
139.3 2.24954 2.15051 2.34856
140.247 2.26756 2.16776 2.36736
141.195 2.28559 2.18499 2.38618
142.143 2.30361 2.20221 2.40502
143.09 2.32164 2.21941 2.42387
144.038 2.33966 2.23659 2.44274
144.985 2.35769 2.25375 2.46163
145.933 2.37572 2.2709 2.48053
146.881 2.39374 2.28803 2.49945
147.828 2.41177 2.30515 2.51838
148.776 2.42979 2.32226 2.53733
149.724 2.44782 2.33935 2.55629
150.671 2.46584 2.35642 2.57527
151.619 2.48387 2.37348 2.59426
152.566 2.5019 2.39053 2.61326
153.514 2.51992 2.40757 2.63227
154.462 2.53795 2.42459 2.6513
155.409 2.55597 2.44161 2.67034
156.357 2.574 2.45861 2.68939
157.304 2.59202 2.47559 2.70845
158.252 2.61005 2.49257 2.72753
159.2 2.62808 2.50954 2.74661
160.147 2.6461 2.52649 2.76571
161.095 2.66413 2.54344 2.78481
162.043 2.68215 2.56037 2.80393
162.99 2.70018 2.5773 2.82306
163.938 2.7182 2.59422 2.84219
164.885 2.73623 2.61112 2.86134
165.833 2.75426 2.62802 2.88049
166.781 2.77228 2.64491 2.89965
167.728 2.79031 2.66179 2.91882
168.676 2.80833 2.67866 2.938
169.624 2.82636 2.69553 2.95719
170.571 2.84438 2.71238 2.97638
171.519 2.86241 2.72923 2.99559
172.466 2.88043 2.74607 3.0148
173.414 2.89846 2.76291 3.03402
174.362 2.91649 2.77973 3.05324
175.309 2.93451 2.79655 3.07247
176.257 2.95254 2.81337 3.09171
177.204 2.97056 2.83017 3.11096
178.152 2.98859 2.84697 3.13021
179.1 3.00661 2.86377 3.14946
180.047 3.02464 2.88055 3.16873
180.995 3.04267 2.89734 3.188
181.943 3.06069 2.91411 3.20727
182.89 3.07872 2.93088 3.22655
183.838 3.09674 2.94765 3.24584
184.785 3.11477 2.96441 3.26513
185.733 3.13279 2.98116 3.28443
186.681 3.15082 2.99791 3.30373
187.628 3.16885 3.01466 3.32304
188.576 3.18687 3.03139 3.34235
189.523 3.2049 3.04813 3.36167
190.471 3.22292 3.06486 3.38099
191.419 3.24095 3.08159 3.40031
192.366 3.25897 3.09831 3.41964
193.314 3.277 3.11502 3.43898
194.262 3.29503 3.13174 3.45831
195.209 3.31305 3.14845 3.47766
196.157 3.33108 3.16515 3.497
197.104 3.3491 3.18185 3.51635
198.052 3.36713 3.19855 3.53571
199 3.38515 3.21524 3.55506
199.947 3.40318 3.23193 3.57443
200.895 3.42121 3.24862 3.59379
201.843 3.43923 3.2653 3.61316
202.79 3.45726 3.28198 3.63253
203.738 3.47528 3.29866 3.65191
204.685 3.49331 3.31533 3.67128
205.633 3.51133 3.332 3.69066
206.581 3.52936 3.34867 3.71005
207.528 3.54739 3.36534 3.72944
208.476 3.56541 3.382 3.74883
209.423 3.58344 3.39866 3.76822
210.371 3.60146 3.41531 3.78762
211.319 3.61949 3.43196 3.80701
212.266 3.63751 3.44861 3.82642
213.214 3.65554 3.46526 3.84582
214.162 3.67357 3.48191 3.86523
215.109 3.69159 3.49855 3.88463
216.057 3.70962 3.51519 3.90405
217.004 3.72764 3.53183 3.92346
217.952 3.74567 3.54846 3.94288
218.9 3.76369 3.56509 3.96229
219.847 3.78172 3.58173 3.98172
220.795 3.79975 3.59835 4.00114
221.742 3.81777 3.61498 4.02056
222.69 3.8358 3.6316 4.03999
223.638 3.85382 3.64823 4.05942
224.585 3.87185 3.66485 4.07885
225.533 3.88987 3.68146 4.09828
226.481 3.9079 3.69808 4.11772
227.428 3.92593 3.71469 4.13716
228.376 3.94395 3.73131 4.1566
229.323 3.96198 3.74792 4.17604
230.271 3.98 3.76453 4.19548
231.219 3.99803 3.78113 4.21492
232.166 4.01605 3.79774 4.23437
233.114 4.03408 3.81434 4.25382
234.062 4.05211 3.83094 4.27327
235.009 4.07013 3.84754 4.29272
235.957 4.08816 3.86414 4.31217
