# τ vs max κ linear regression for data set DA_121011_E2.h5
# Using stimulation: 1, 2, 3, 4
# Best fit: tau = -0.582019 + 0.0194767 kappa_Fura
# Covariance matrix:
# [ +1.17094e-02, -8.43808e-05  
#   -8.43808e-05, +7.27615e-07  ]
# Total sum of squares (TSS) = 847.344
# chisq (Residual sum of squares, RSS) = 325.993
# Probability of observing a larger of equal RSS per DOF under the null hypothesis: 1.62727e-71
# R squared (1-RSS/TSS) = 0.615276
# Estimated gamma/v with standard error: 51.3433 +/- 2.24864
# Estimates kappa_S with standard error (using error propagation): -30.8828 +/- 5.70792
# kappa_S confidence intervals based on parametric bootstrap
# 0.95 CI for kappa_S: [-39.0172,-21.7767]
# 0.99 CI for kappa_S: [-41.4197,-18.4245]


# The data
# κ_Fura  τ   τ_SE
65.1551 0.808245 0.0621
162.367 2.14881 0.0657425
197.351 5.02954 0.192819
229.165 13.2325 0.669589


# The fitted data
# Preticted values with lower and upper bounds of 0.95 CI
# κ_Fura  τ   τ_lwr  τ_upr
0 -0.582019 -0.79411 -0.369928
0.962493 -0.563273 -0.773894 -0.352652
1.92499 -0.544527 -0.75368 -0.335374
2.88748 -0.52578 -0.733468 -0.318093
3.84997 -0.507034 -0.713258 -0.300811
4.81247 -0.488288 -0.69305 -0.283526
5.77496 -0.469542 -0.672844 -0.266239
6.73745 -0.450796 -0.652641 -0.24895
7.69994 -0.432049 -0.63244 -0.231659
8.66244 -0.413303 -0.612241 -0.214365
9.62493 -0.394557 -0.592045 -0.197069
10.5874 -0.375811 -0.571852 -0.17977
11.5499 -0.357065 -0.551661 -0.162469
12.5124 -0.338318 -0.531472 -0.145165
13.4749 -0.319572 -0.511286 -0.127858
14.4374 -0.300826 -0.491103 -0.110549
15.3999 -0.28208 -0.470923 -0.0932369
16.3624 -0.263334 -0.450745 -0.075922
17.3249 -0.244587 -0.43057 -0.0586043
18.2874 -0.225841 -0.410399 -0.0412835
19.2499 -0.207095 -0.39023 -0.0239597
20.2124 -0.188349 -0.370065 -0.00663278
21.1748 -0.169602 -0.349902 0.0106973
22.1373 -0.150856 -0.329743 0.0280307
23.0998 -0.13211 -0.309588 0.0453674
24.0623 -0.113364 -0.289435 0.0627076
25.0248 -0.0946176 -0.269286 0.0800512
25.9873 -0.0758714 -0.249141 0.0973984
26.9498 -0.0571252 -0.229 0.114749
27.9123 -0.038379 -0.208862 0.132104
28.8748 -0.0196328 -0.188728 0.149463
29.8373 -0.000886565 -0.168598 0.166825
30.7998 0.0178596 -0.148472 0.184192
31.7623 0.0366059 -0.128351 0.201562
32.7248 0.0553521 -0.108233 0.218937
33.6873 0.0740983 -0.0881202 0.236317
34.6498 0.0928445 -0.0680116 0.253701
35.6122 0.111591 -0.0479076 0.271089
36.5747 0.130337 -0.0278083 0.288482
37.5372 0.149083 -0.00771391 0.30588
38.4997 0.167829 0.0123755 0.323283
39.4622 0.186576 0.0324599 0.340691
40.4247 0.205322 0.0525391 0.358104
41.3872 0.224068 0.0726128 0.375523
42.3497 0.242814 0.0926811 0.392947
43.3122 0.26156 0.112744 0.410377
44.2747 0.280307 0.1328 0.427813
45.2372 0.299053 0.152851 0.445254
46.1997 0.317799 0.172896 0.462702
47.1622 0.336545 0.192934 0.480156
48.1247 0.355291 0.212966 0.497616
49.0871 0.374038 0.232992 0.515084
50.0496 0.392784 0.25301 0.532557
51.0121 0.41153 0.273022 0.550038
51.9746 0.430276 0.293026 0.567527
52.9371 0.449022 0.313023 0.585022
53.8996 0.467769 0.333012 0.602525
54.8621 0.486515 0.352994 0.620036
55.8246 0.505261 0.372967 0.637555
56.7871 0.524007 0.392932 0.655082
57.7496 0.542754 0.412889 0.672618
58.7121 0.5615 0.432837 0.690163
59.6746 0.580246 0.452776 0.707716
60.6371 0.598992 0.472705 0.725279
61.5996 0.617738 0.492626 0.742851
62.5621 0.636485 0.512536 0.760433
63.5245 0.655231 0.532436 0.778025
64.487 0.673977 0.552326 0.795628
65.4495 0.692723 0.572206 0.813241
66.412 0.711469 0.592074 0.830865
67.3745 0.730216 0.611932 0.8485
68.337 0.748962 0.631777 0.866147
69.2995 0.767708 0.651611 0.883805
70.262 0.786454 0.671432 0.901476
71.2245 0.8052 0.691241 0.91916
72.187 0.823947 0.711037 0.936856
73.1495 0.842693 0.73082 0.954566
74.112 0.861439 0.750589 0.972289
75.0745 0.880185 0.770344 0.990026
76.037 0.898932 0.790085 1.00778
76.9994 0.917678 0.809811 1.02554
77.9619 0.936424 0.829521 1.04333
78.9244 0.95517 0.849216 1.06112
79.8869 0.973916 0.868895 1.07894
80.8494 0.992663 0.888557 1.09677
81.8119 1.01141 0.908202 1.11462
82.7744 1.03016 0.92783 1.13248
83.7369 1.0489 0.94744 1.15036
84.6994 1.06765 0.967031 1.16826
85.6619 1.08639 0.986604 1.18618
86.6244 1.10514 1.00616 1.20412
87.5869 1.12389 1.02569 1.22208
88.5494 1.14263 1.04521 1.24006
89.5119 1.16138 1.0647 1.25806
90.4743 1.18012 1.08417 1.27608
91.4368 1.19887 1.10362 1.29412
92.3993 1.21762 1.12305 1.31219
93.3618 1.23636 1.14245 1.33027
94.3243 1.25511 1.16184 1.34838
95.2868 1.27386 1.18119 1.36652
96.2493 1.2926 1.20053 1.38467
97.2118 1.31135 1.21984 1.40286
98.1743 1.33009 1.23912 1.42106
99.1368 1.34884 1.25838 1.4393
100.099 1.36759 1.27762 1.45756
101.062 1.38633 1.29683 1.47584
102.024 1.40508 1.31601 1.49415
102.987 1.42383 1.33516 1.51249
103.949 1.44257 1.35429 1.53086
104.912 1.46132 1.37338 1.54925
105.874 1.48006 1.39246 1.56767
106.837 1.49881 1.4115 1.58612
107.799 1.51756 1.43051 1.6046
108.762 1.5363 1.44949 1.62311
109.724 1.55505 1.46845 1.64165
110.687 1.5738 1.48737 1.66022
111.649 1.59254 1.50627 1.67881
112.612 1.61129 1.52514 1.69744
113.574 1.63003 1.54397 1.71609
114.537 1.64878 1.56278 1.73478
115.499 1.66753 1.58155 1.7535
116.462 1.68627 1.6003 1.77224
117.424 1.70502 1.61902 1.79102
118.387 1.72376 1.6377 1.80983
119.349 1.74251 1.65636 1.82866
120.312 1.76126 1.67498 1.84753
121.274 1.78 1.69358 1.86643
122.237 1.79875 1.71215 1.88535
123.199 1.8175 1.73068 1.90431
124.162 1.83624 1.74919 1.92329
125.124 1.85499 1.76767 1.94231
126.087 1.87373 1.78612 1.96135
127.049 1.89248 1.80454 1.98042
128.012 1.91123 1.82293 1.99952
128.974 1.92997 1.8413 2.01865
129.937 1.94872 1.85964 2.0378
130.899 1.96747 1.87795 2.05698
131.862 1.98621 1.89623 2.07619
132.824 2.00496 1.91449 2.09543
133.787 2.0237 1.93272 2.11469
134.749 2.04245 1.95093 2.13397
135.712 2.0612 1.96911 2.15328
136.674 2.07994 1.98727 2.17262
137.637 2.09869 2.0054 2.19198
138.599 2.11744 2.02351 2.21136
139.561 2.13618 2.0416 2.23077
140.524 2.15493 2.05966 2.25019
141.486 2.17367 2.0777 2.26965
142.449 2.19242 2.09572 2.28912
143.411 2.21117 2.11372 2.30861
144.374 2.22991 2.1317 2.32813
145.336 2.24866 2.14966 2.34766
146.299 2.2674 2.1676 2.36721
147.261 2.28615 2.18552 2.38679
148.224 2.3049 2.20342 2.40638
149.186 2.32364 2.2213 2.42599
150.149 2.34239 2.23916 2.44562
151.111 2.36114 2.25701 2.46526
152.074 2.37988 2.27484 2.48493
153.036 2.39863 2.29265 2.5046
153.999 2.41737 2.31045 2.5243
154.961 2.43612 2.32823 2.54401
155.924 2.45487 2.346 2.56374
156.886 2.47361 2.36375 2.58348
157.849 2.49236 2.38149 2.60323
158.811 2.51111 2.39921 2.623
159.774 2.52985 2.41692 2.64279
160.736 2.5486 2.43461 2.66258
161.699 2.56734 2.4523 2.68239
162.661 2.58609 2.46997 2.70221
163.624 2.60484 2.48763 2.72205
164.586 2.62358 2.50527 2.74189
165.549 2.64233 2.52291 2.76175
166.511 2.66108 2.54053 2.78162
167.474 2.67982 2.55814 2.8015
168.436 2.69857 2.57575 2.82139
169.399 2.71731 2.59334 2.84129
170.361 2.73606 2.61092 2.8612
171.324 2.75481 2.62849 2.88112
172.286 2.77355 2.64605 2.90105
173.249 2.7923 2.66361 2.92099
174.211 2.81105 2.68115 2.94094
175.174 2.82979 2.69869 2.96089
176.136 2.84854 2.71621 2.98086
177.099 2.86728 2.73373 3.00083
178.061 2.88603 2.75124 3.02082
179.024 2.90478 2.76875 3.04081
179.986 2.92352 2.78624 3.0608
180.949 2.94227 2.80373 3.08081
181.911 2.96101 2.82121 3.10082
182.874 2.97976 2.83868 3.12084
183.836 2.99851 2.85615 3.14086
184.799 3.01725 2.87361 3.16089
185.761 3.036 2.89107 3.18093
186.724 3.05475 2.90851 3.20098
187.686 3.07349 2.92596 3.22103
188.649 3.09224 2.94339 3.24109
189.611 3.11098 2.96082 3.26115
190.574 3.12973 2.97824 3.28122
191.536 3.14848 2.99566 3.30129
192.499 3.16722 3.01308 3.32137
193.461 3.18597 3.03048 3.34145
194.424 3.20472 3.04789 3.36154
195.386 3.22346 3.06528 3.38164
196.349 3.24221 3.08268 3.40174
197.311 3.26095 3.10007 3.42184
198.274 3.2797 3.11745 3.44195
199.236 3.29845 3.13483 3.46206
200.199 3.31719 3.1522 3.48218
201.161 3.33594 3.16957 3.5023
202.124 3.35469 3.18694 3.52243
203.086 3.37343 3.2043 3.54256
204.049 3.39218 3.22166 3.56269
205.011 3.41092 3.23902 3.58283
205.974 3.42967 3.25637 3.60297
206.936 3.44842 3.27371 3.62312
207.899 3.46716 3.29106 3.64327
208.861 3.48591 3.3084 3.66342
209.823 3.50465 3.32573 3.68358
210.786 3.5234 3.34307 3.70373
211.748 3.54215 3.3604 3.7239
212.711 3.56089 3.37772 3.74406
213.673 3.57964 3.39505 3.76423
214.636 3.59839 3.41237 3.7844
215.598 3.61713 3.42969 3.80458
216.561 3.63588 3.447 3.82475
217.523 3.65462 3.46431 3.84494
218.486 3.67337 3.48162 3.86512
219.448 3.69212 3.49893 3.8853
220.411 3.71086 3.51623 3.90549
221.373 3.72961 3.53353 3.92568
222.336 3.74836 3.55083 3.94588
223.298 3.7671 3.56813 3.96607
224.261 3.78585 3.58542 3.98627
225.223 3.80459 3.60271 4.00647
226.186 3.82334 3.62 4.02668
227.148 3.84209 3.63729 4.04688
228.111 3.86083 3.65457 4.06709
229.073 3.87958 3.67186 4.0873
230.036 3.89833 3.68914 4.10751
230.998 3.91707 3.70642 4.12773
231.961 3.93582 3.72369 4.14794
232.923 3.95456 3.74097 4.16816
233.886 3.97331 3.75824 4.18838
234.848 3.99206 3.77551 4.2086
235.811 4.0108 3.79278 4.22883
236.773 4.02955 3.81004 4.24905
237.736 4.04829 3.82731 4.26928
238.698 4.06704 3.84457 4.28951
239.661 4.08579 3.86183 4.30974
