# Data from DA_121011_E2.h5 stim 1
# Ratiometric estimator
# Ratiometric estimator:
#    Time    Ca (est)    Ca (se)
  460.015 0.0427193655 0.00486706873
  460.115 0.0365823441 0.00465238882
  460.215 0.0403795037 0.00468299483
  460.315 0.0345733036 0.00458812407
  460.415 0.0392018001 0.00464445909
  460.515 0.0357370088 0.00448895217
  460.615 0.0317423593 0.00432834466
  460.715 0.0267882926 0.00417145885
  460.815 0.039579755 0.00462028582
  460.915 0.0350800683 0.00446116039
  461.015 0.0283458295 0.00425257865
  461.115 0.0298299845 0.0043826805
  461.215 0.0352586056 0.00446632432
  461.315 0.0355525503 0.0044881075
  461.415 0.0238680244 0.00418241674
  461.515 0.038620597 0.00470149529
  461.615 0.148183742 0.00901891274
  461.715 0.145050231 0.00890442007
  461.815 0.128052913 0.00803897795
  461.915 0.1114347 0.00712386263
  462.015 0.103924485 0.00702862019
  462.115 0.0864156219 0.00657030293
  462.215 0.0997375314 0.00679528839
  462.315 0.0872701414 0.00623222257
  462.415 0.0827328512 0.00621518609
  462.515 0.0705450372 0.00565488464
  462.615 0.0757020857 0.00610501846
  462.715 0.0683392839 0.00555289264
  462.815 0.0630051161 0.00540186441
  462.915 0.0639250662 0.00527750307
  463.015 0.0494876084 0.00498673747
  463.115 0.0573388403 0.00510074534
  463.215 0.0498656604 0.00490323119
  463.315 0.0490298601 0.00484488546
  463.415 0.0428026516 0.00479338716
  463.515 0.0550991494 0.00499470606
  463.615 0.0435877477 0.00477713659
  463.715 0.0529383442 0.00496424273
  463.815 0.0432576945 0.00464699865
  463.915 0.0444596907 0.00468113881
  464.015 0.0390675235 0.00450012763
  464.115 0.0366777093 0.00434751275
  464.215 0.0393501064 0.00451841692
  464.315 0.0352349929 0.00441782282
  464.415 0.0374385853 0.00454106015
  464.515 0.0333822644 0.00446416929
  464.615 0.0314398832 0.00431919669
  464.715 0.0321530342 0.00433091496
  464.815 0.0347484664 0.00431875733
  464.915 0.0389079751 0.00440113118
  465.015 0.028455548 0.00415731942
  465.115 0.0412323998 0.00432438936
  465.215 0.0295338399 0.00417895267
  465.315 0.0283821169 0.00405216542
  465.415 0.0359350321 0.00428661862
  465.515 0.0315550505 0.0041751944
  465.615 0.0269628005 0.00408282251
  465.715 0.0362724637 0.00435607602
  465.815 0.0332939375 0.00416551756
  465.915 0.0298403465 0.00416972236
  466.015 0.0376197876 0.00437017462
  466.115 0.0371804094 0.00427805556
  466.215 0.033179607 0.00416618951
  466.315 0.0326718703 0.00422379164
  466.415 0.0361754489 0.00421616352
  466.515 0.0341004803 0.00427726763
  466.615 0.0230435962 0.00394525334
  466.715 0.0336026242 0.00420088296
  466.815 0.0347235541 0.00429541807
  466.915 0.0366134204 0.00425971736
  467.015 0.0427032082 0.00449229641
  467.115 0.0270982959 0.00403030268
  467.215 0.026894597 0.00404056393
  467.315 0.0359029157 0.00425540374
  467.415 0.0323175584 0.00417662347
  467.515 0.0359273538 0.00412878634
  467.615 0.0278449316 0.00392589603
  467.715 0.0295274959 0.00407436012
  467.815 0.0289933451 0.00400303125
  467.915 0.0373041405 0.00416142601
  468.015 0.0322778565 0.00412512335
  468.115 0.0321112145 0.00405197977
  468.215 0.0278829162 0.00399219091
  468.315 0.0258350487 0.00399695182
  468.415 0.0334436383 0.0040880567
  468.515 0.0288717582 0.00398558584
  468.615 0.0340753413 0.00408514438
  468.715 0.0292517693 0.00399616266
  468.815 0.028655302 0.00401332736
  468.915 0.0248111559 0.00395300895
  469.015 0.0319523217 0.00401595037
  469.115 0.0223997092 0.00377591633
  469.215 0.0381017539 0.00421982514
  469.315 0.0320578915 0.00409706215
  469.415 0.0308332541 0.00389092882
  469.515 0.0248618877 0.00395818916
  469.615 0.0371744929 0.00404576449
  469.715 0.0312645066 0.00407461948
  469.815 0.0311830344 0.00394828187
  469.915 0.0333561926 0.00400998825
  470.015 0.0365681597 0.0040471044
  470.115 0.0239439975 0.00371393377
  470.215 0.0361706867 0.00402507911
  470.315 0.0318434226 0.00394392524
  470.415 0.0417370223 0.00418092815
  470.515 0.0315869456 0.00396449493
  470.615 0.0345912221 0.00413457741
  470.715 0.0317337783 0.00391589938
  470.815 0.0287064874 0.00388112348
  470.915 0.0313759609 0.00396473455
  471.015 0.0302434397 0.003927644
  471.115 0.034619941 0.00402692103
  471.215 0.03336195 0.0040622402
  471.315 0.0351065908 0.00399590643
  471.415 0.0352801389 0.00401467178
  471.515 0.0273959335 0.00384328977
  471.615 0.0283560553 0.00379335043
  471.715 0.031105265 0.00398044871
  471.815 0.0270829281 0.00378733622
  471.915 0.0318433308 0.00394273852
  472.015 0.032836072 0.0038960735
  472.115 0.0241052525 0.00372032767
  472.215 0.0282386916 0.00383543112
  472.315 0.0301063442 0.00384580243
  472.415 0.0269881689 0.00367088026
  472.515 0.0353801414 0.00398622383
  472.615 0.0275726773 0.00376466651
  472.715 0.0297080344 0.00391285081
  472.815 0.0271894485 0.00378652053
  472.915 0.0292097754 0.00373233712
  473.015 0.0315081556 0.00395219973
  473.115 0.0333636713 0.00378564494
  473.215 0.0337818859 0.00398323054
  473.315 0.0325910541 0.0038406432
  473.415 0.0281577318 0.00387161994
  473.515 0.0275180334 0.00375389892
  473.615 0.0293918094 0.00375931004
  473.715 0.0375213322 0.00399876122
  473.815 0.0280410155 0.0037040325
  473.915 0.0254819936 0.00363068809
  474.015 0.027909462 0.00376396459
  474.115 0.0316736174 0.0037702927
  474.215 0.028546142 0.00380722654
  474.315 0.0298893525 0.00368938534
  474.415 0.0333078517 0.00386039842
  474.515 0.0256526323 0.00368545047
  474.615 0.0269240412 0.00372946592
  474.715 0.0299282196 0.00370449287
  474.815 0.0310565468 0.00374738603
  474.915 0.02700971 0.00379392042
  475.015 0.0235425402 0.00360340241
  475.115 0.036957586 0.00392279074
  475.215 0.0473643567 0.0042498736
  475.315 0.0491880284 0.00433027522
  475.415 0.047221741 0.00427453239
  475.515 0.0527113034 0.00432080195
  475.615 0.0502199411 0.00425933146
  475.715 0.0468916188 0.00416487122
  475.815 0.0386756935 0.00405365096
  475.915 0.0485194346 0.00427954048
  476.015 0.0435357241 0.00417959827
  476.115 0.0402688398 0.00397562217
  476.215 0.0424857366 0.00406697883
  476.315 0.0375163262 0.00395099147
  476.415 0.0425234759 0.00410352937
  476.515 0.0427519322 0.00410799219
  476.615 0.0472755894 0.00412387979
  476.715 0.0441162955 0.00409702355
  476.815 0.0533264927 0.00435581384
  476.915 0.0415418245 0.00406269076
  477.015 0.0434815037 0.00407373694
  477.115 0.0440084795 0.00407520551
  477.215 0.0361715965 0.00389482935
  477.315 0.040387402 0.00397566399
  477.415 0.0387428582 0.00392227065
  477.515 0.0391906457 0.00389225607
  477.615 0.0381304918 0.00392050123
  477.715 0.0497296106 0.0042259763
  477.815 0.0334802268 0.00387764749
  477.915 0.0343672664 0.00384716811
  478.015 0.0356040945 0.00385338221
  478.115 0.0410105721 0.00392855696
  478.215 0.0389206853 0.00386906321
  478.315 0.0394151596 0.00401033047
  478.415 0.0366879176 0.00382938043
  478.515 0.0415737498 0.00396897268
  478.615 0.0402537089 0.00396159295
  478.715 0.0297470499 0.00365932608
  478.815 0.0366900302 0.00388717233
  478.915 0.0435105271 0.00399306328
  479.015 0.0426859202 0.00398728835
  479.115 0.0294937707 0.00368712757
  479.215 0.0361004104 0.00378856128
  479.315 0.0439985512 0.00412874572
  479.415 0.0350474471 0.00378598226
  479.515 0.0428589706 0.00393226219
  479.615 0.0318646863 0.00368921042
  479.715 0.0350001141 0.00376126299
  479.815 0.0381050667 0.00384338549
  479.915 0.0384599496 0.00385266306


