# Data from DA_121011_E2.h5 stim 3
# Ratiometric estimator
# Ratiometric estimator:
#    Time    Ca (est)    Ca (se)
 1221.263 0.0754654601 0.00182844523
 1221.363 0.0754772815 0.00183665206
 1221.463 0.071127367 0.0017676697
 1221.563 0.0733663974 0.00181835454
 1221.663 0.0723420087 0.00177736565
 1221.763 0.0727022712 0.0017965502
 1221.863 0.0696513305 0.00174953001
 1221.963 0.0718429833 0.00178059054
 1222.063 0.0744713635 0.00181264898
 1222.163 0.0736877771 0.00180911241
 1222.263 0.0744590784 0.00182902717
 1222.363 0.0696810497 0.00176826551
 1222.463 0.0704148938 0.00176361556
 1222.563 0.0735145678 0.00180600375
 1222.663 0.071596513 0.00178578661
 1222.763 0.0740177103 0.00184296223
 1222.863 0.145661201 0.00274426154
 1222.963 0.150797575 0.00280326483
 1223.063 0.146956726 0.00277080174
 1223.163 0.14784798 0.00275839575
 1223.263 0.143593676 0.00277130092
 1223.363 0.145612314 0.00281354377
 1223.463 0.144567742 0.00273834291
 1223.563 0.138865484 0.0026815464
 1223.663 0.141553447 0.00269898822
 1223.763 0.138328118 0.00268148913
 1223.863 0.140727804 0.00274596285
 1223.963 0.138581384 0.00267235154
 1224.063 0.13355285 0.00260080242
 1224.163 0.130459495 0.00254315316
 1224.263 0.127103501 0.00249308214
 1224.363 0.130427991 0.00256228174
 1224.463 0.128385338 0.00249684294
 1224.563 0.125598453 0.00248553546
 1224.663 0.125220374 0.00251311554
 1224.763 0.129170427 0.00251032941
 1224.863 0.125541732 0.00248217436
 1224.963 0.119249217 0.00237400673
 1225.063 0.118762285 0.00238459925
 1225.163 0.121729382 0.00243165888
 1225.263 0.120046775 0.00240677718
 1225.363 0.121007527 0.00241149858
 1225.463 0.116560142 0.00238963563
 1225.563 0.116268979 0.00233601038
 1225.663 0.116672452 0.00234759414
 1225.763 0.116778136 0.00238151646
 1225.863 0.115117069 0.00234464654
 1225.963 0.115721472 0.00231890414
 1226.063 0.111367725 0.00225979831
 1226.163 0.113478185 0.00229156185
 1226.263 0.114183196 0.00232089843
 1226.363 0.113770921 0.00227452844
 1226.463 0.107057958 0.00221874725
 1226.563 0.103853187 0.00217375921
 1226.663 0.108442211 0.00226218589
 1226.763 0.105130183 0.00219732944
 1226.863 0.103128586 0.00218064177
 1226.963 0.108112047 0.00221990533
 1227.063 0.103295293 0.00215874847
 1227.163 0.102815419 0.0021892371
 1227.263 0.105147622 0.00223150402
 1227.363 0.106121734 0.00220284623
 1227.463 0.0967250111 0.00210914595
 1227.563 0.105522172 0.00220441698
 1227.663 0.10348556 0.00215230336
 1227.763 0.106002658 0.00223523878
 1227.863 0.102392321 0.00217380148
 1227.963 0.0986548644 0.00212300962
 1228.063 0.0984395792 0.00211341622
 1228.163 0.105607655 0.00218468547
 1228.263 0.102066475 0.00215849379
 1228.363 0.0985234458 0.00212661564
 1228.463 0.102754193 0.00219338343
 1228.563 0.0999603968 0.00214799709
 1228.663 0.0969578495 0.00212583741
 1228.763 0.0991145061 0.00209165092
 1228.863 0.0964704356 0.00208751776
 1228.963 0.0937442775 0.00205878979
 1229.063 0.0978338703 0.00209100009
 1229.163 0.0969245907 0.00210394822
 1229.263 0.0963608418 0.00210033476
 1229.363 0.091526443 0.00205019481
 1229.463 0.0910251213 0.00202725378
 1229.563 0.0926645398 0.00204238191
 1229.663 0.0929166321 0.00203725287
 1229.763 0.091728171 0.00204036358
 1229.863 0.0897750639 0.00201016523
 1229.963 0.0901606677 0.00201966241
 1230.063 0.090219556 0.00201976532
 1230.163 0.0883837021 0.00200359141
 1230.263 0.0898298117 0.00200023188
 1230.363 0.088862096 0.00198213879
 1230.463 0.0875013135 0.0019831966
 1230.563 0.0902529844 0.0020044155
 1230.663 0.0877791509 0.00194177599
 1230.763 0.0864200251 0.00197877923
 1230.863 0.0895293028 0.00197419594
 1230.963 0.085329298 0.00197087467
 1231.063 0.0858018685 0.00194783522
 1231.163 0.0854388605 0.00193859521
 1231.263 0.0841475121 0.00193196201
 1231.363 0.0861626837 0.00193117305
 1231.463 0.0847057405 0.00193945319
 1231.563 0.0875283948 0.00194766385
 1231.663 0.0826406659 0.00193668549
 1231.763 0.0830536989 0.00192209509
 1231.863 0.0867908074 0.00198013211
 1231.963 0.0847948079 0.00194945377
 1232.063 0.0862340297 0.00194861524
 1232.163 0.0848710653 0.0019639584
 1232.263 0.0840787958 0.00194493837
 1232.363 0.0851419991 0.00193793336
 1232.463 0.0833439074 0.00195846058
 1232.563 0.0852943883 0.00194588324
 1232.663 0.0867295177 0.00196755707
 1232.763 0.0811377958 0.0018794859
 1232.863 0.0819719114 0.00191756375
 1232.963 0.081278083 0.00190711706
 1233.063 0.0800307867 0.00187771849
 1233.163 0.0848570292 0.00193392677
 1233.263 0.0810808117 0.00189312119
 1233.363 0.0815381276 0.0019303696
 1233.463 0.0832223349 0.00193653544
 1233.563 0.0826034474 0.00190195489
 1233.663 0.0818053246 0.00188503339
 1233.763 0.0831259671 0.00193282892
 1233.863 0.0815614518 0.0019308711
 1233.963 0.0795699532 0.0018758032
 1234.063 0.0822668215 0.00191241563
 1234.163 0.0797426784 0.00186107616
 1234.263 0.0797656058 0.00190779326
 1234.363 0.0810390289 0.00186123
 1234.463 0.0808848826 0.00190488784
 1234.563 0.0781787685 0.00188837377
 1234.663 0.0793984835 0.00191741447
 1234.763 0.0785421676 0.00187545113
 1234.863 0.0774447196 0.00183561725
 1234.963 0.0813462438 0.00188696285
 1235.063 0.0802997354 0.00187287268
 1235.163 0.0800553023 0.00188125865
 1235.263 0.0778856045 0.00184371651
 1235.363 0.0763856207 0.0018283522
 1235.463 0.0807851324 0.00187752613
 1235.563 0.0761352795 0.00181654327
 1235.663 0.0770617238 0.00184134308
 1235.763 0.0781667024 0.00185276787
 1235.863 0.0784110601 0.00187016145
 1235.963 0.0786885466 0.00185195099
 1236.063 0.0748230757 0.00183089148
 1236.163 0.0806945822 0.00192700221
 1236.263 0.0771728127 0.00185229
 1236.363 0.0747101749 0.00181296727
 1236.463 0.0762185175 0.00182339234
 1236.563 0.0785439438 0.00185654058
 1236.663 0.0793440769 0.00187531893
 1236.763 0.0728569313 0.00176271515
 1236.863 0.0787636094 0.00186495958
 1236.963 0.0791694328 0.00185677401
 1237.063 0.0763268701 0.00186710567
 1237.163 0.0767823585 0.00185361864
 1237.263 0.0785151602 0.00189308035
 1237.363 0.0741876695 0.00180052574
 1237.463 0.078258755 0.00183775623
 1237.563 0.0761197528 0.00183191861
 1237.663 0.0739393972 0.00180999956
 1237.763 0.0757449416 0.00184748497
 1237.863 0.0761657802 0.00182965044
 1237.963 0.0767993279 0.00184691178
 1238.063 0.0764695108 0.00184731593
 1238.163 0.0767902294 0.00184522312
 1238.263 0.0768542133 0.00185418052
 1238.363 0.0758776118 0.00183276994
 1238.463 0.0798095417 0.00187475419
 1238.563 0.0754411388 0.0018071366
 1238.663 0.0788553405 0.00187844985
 1238.763 0.0750753885 0.00181301055
 1238.863 0.073546736 0.001816078
 1238.963 0.0759665192 0.00183545083
 1239.063 0.0710870954 0.00177873831
 1239.163 0.0746521291 0.0018011908
 1239.263 0.0757558067 0.00182406858
 1239.363 0.0761883294 0.00182207161
 1239.463 0.0757220691 0.0018134525
 1239.563 0.0763844532 0.001867165
 1239.663 0.0727551754 0.00180984647
 1239.763 0.0790179103 0.00185827708
 1239.863 0.0738257463 0.00181519338
 1239.963 0.0765079905 0.00182759468
 1240.063 0.0740982295 0.00180818916
 1240.163 0.0742206768 0.00179455028
 1240.263 0.0735082983 0.00180963254
 1240.363 0.0735957071 0.00181307452
 1240.463 0.0763248479 0.00183550354
 1240.563 0.0719522349 0.00181106533
 1240.663 0.0709153298 0.0017707447
 1240.763 0.0740458785 0.00179850603
 1240.863 0.0731708146 0.00180625813
 1240.963 0.0755388138 0.00181754029
 1241.063 0.0722964824 0.00179031779
 1241.163 0.0741734907 0.00182898514


