# τ vs min κ linear regression for data set DA_121011_E2.h5
# Using stimulation: 1, 2, 3, 4
# Best fit: tau = -0.205975 + 0.0186767 kappa_Fura
# Covariance matrix:
# [ +8.63948e-03, -6.66223e-05  
#   -6.66223e-05, +6.60920e-07  ]
# Total sum of squares (TSS) = 847.344
# chisq (Residual sum of squares, RSS) = 319.568
# Probability of observing a larger of equal RSS per DOF under the null hypothesis: 4.04368e-70
# R squared (1-RSS/TSS) = 0.62286
# Estimated gamma/v with standard error: 53.5427 +/- 2.33064
# Estimates kappa_S with standard error (using error propagation): -12.0285 +/- 4.99983
# kappa_S confidence intervals based on parametric bootstrap
# 0.95 CI for kappa_S: [-20.4232,-2.36349]
# 0.99 CI for kappa_S: [-23.0602,1.02644]


# The data
# κ_Fura  τ   τ_SE
47.5835 0.808245 0.0621
149.093 2.14881 0.0657425
188.553 5.02954 0.192819
220.52 13.2325 0.669589


# The fitted data
# Preticted values with lower and upper bounds of 0.95 CI
# κ_Fura  τ   τ_lwr  τ_upr
0 -0.205975 -0.388155 -0.0237953
0.926184 -0.188677 -0.369557 -0.00779707
1.85237 -0.171379 -0.350962 0.00820388
2.77855 -0.154081 -0.332369 0.0242076
3.70474 -0.136783 -0.31378 0.0402142
4.63092 -0.119485 -0.295193 0.0562236
5.55711 -0.102187 -0.27661 0.0722361
6.48329 -0.0848887 -0.258029 0.0882516
7.40948 -0.0675906 -0.239451 0.10427
8.33566 -0.0502926 -0.220877 0.120292
9.26184 -0.0329946 -0.202306 0.136317
10.188 -0.0156965 -0.183738 0.152345
11.1142 0.00160154 -0.165174 0.168377
12.0404 0.0188996 -0.146613 0.184412
12.9666 0.0361976 -0.128056 0.200451
13.8928 0.0534957 -0.109502 0.216493
14.819 0.0707937 -0.0909517 0.232539
15.7451 0.0880918 -0.0724055 0.248589
16.6713 0.10539 -0.0538632 0.264643
17.5975 0.122688 -0.0353249 0.280701
18.5237 0.139986 -0.0167906 0.296762
19.4499 0.157284 0.00173948 0.312828
20.3761 0.174582 0.0202653 0.328899
21.3022 0.19188 0.0387867 0.344973
22.2284 0.209178 0.0573036 0.361053
23.1546 0.226476 0.075816 0.377136
24.0808 0.243774 0.0943236 0.393225
25.007 0.261072 0.112826 0.409318
25.9332 0.27837 0.131324 0.425416
26.8593 0.295668 0.149817 0.441519
27.7855 0.312966 0.168305 0.457628
28.7117 0.330264 0.186787 0.473742
29.6379 0.347562 0.205264 0.489861
30.5641 0.36486 0.223735 0.505986
31.4903 0.382159 0.242201 0.522116
32.4165 0.399457 0.26066 0.538253
33.3426 0.416755 0.279114 0.554395
34.2688 0.434053 0.297561 0.570544
35.195 0.451351 0.316003 0.586699
36.1212 0.468649 0.334437 0.60286
37.0474 0.485947 0.352865 0.619028
37.9736 0.503245 0.371286 0.635203
38.8997 0.520543 0.389701 0.651385
39.8259 0.537841 0.408108 0.667574
40.7521 0.555139 0.426507 0.683771
41.6783 0.572437 0.444899 0.699975
42.6045 0.589735 0.463283 0.716187
43.5307 0.607033 0.48166 0.732406
44.4569 0.624331 0.500028 0.748634
45.383 0.641629 0.518388 0.764871
46.3092 0.658927 0.536739 0.781116
47.2354 0.676225 0.555081 0.797369
48.1616 0.693523 0.573415 0.813632
49.0878 0.710821 0.591739 0.829904
50.014 0.728119 0.610053 0.846186
50.9401 0.745417 0.628358 0.862477
51.8663 0.762716 0.646652 0.878779
52.7925 0.780014 0.664937 0.89509
53.7187 0.797312 0.68321 0.911413
54.6449 0.81461 0.701473 0.927746
55.5711 0.831908 0.719725 0.94409
56.4973 0.849206 0.737966 0.960446
57.4234 0.866504 0.756194 0.976813
58.3496 0.883802 0.774411 0.993193
59.2758 0.9011 0.792616 1.00958
60.202 0.918398 0.810807 1.02599
61.1282 0.935696 0.828986 1.04241
62.0544 0.952994 0.847152 1.05884
62.9805 0.970292 0.865304 1.07528
63.9067 0.98759 0.883442 1.09174
64.8329 1.00489 0.901566 1.10821
65.7591 1.02219 0.919676 1.1247
66.6853 1.03948 0.93777 1.1412
67.6115 1.05678 0.955849 1.15772
68.5377 1.07408 0.973913 1.17425
69.4638 1.09138 0.99196 1.1908
70.39 1.10868 1.00999 1.20736
71.3162 1.12597 1.02801 1.22394
72.2424 1.14327 1.046 1.24054
73.1686 1.16057 1.06398 1.25716
74.0948 1.17787 1.08194 1.27379
75.0209 1.19517 1.09989 1.29045
75.9471 1.21246 1.11781 1.30712
76.8733 1.22976 1.13572 1.32381
77.7995 1.24706 1.15361 1.34052
78.7257 1.26436 1.17147 1.35725
79.6519 1.28166 1.18932 1.37399
80.578 1.29895 1.20715 1.39076
81.5042 1.31625 1.22495 1.40755
82.4304 1.33355 1.24274 1.42437
83.3566 1.35085 1.2605 1.4412
84.2828 1.36815 1.27824 1.45805
85.209 1.38545 1.29596 1.47493
86.1352 1.40274 1.31366 1.49183
87.0613 1.42004 1.33133 1.50875
87.9875 1.43734 1.34898 1.5257
88.9137 1.45464 1.36661 1.54267
89.8399 1.47194 1.38421 1.55966
90.7661 1.48923 1.40179 1.57668
91.6923 1.50653 1.41935 1.59372
92.6184 1.52383 1.43688 1.61078
93.5446 1.54113 1.45439 1.62787
94.4708 1.55843 1.47187 1.64498
95.397 1.57572 1.48933 1.66212
96.3232 1.59302 1.50676 1.67929
97.2494 1.61032 1.52417 1.69647
98.1756 1.62762 1.54155 1.71369
99.1017 1.64492 1.55891 1.73093
100.028 1.66221 1.57624 1.74819
100.954 1.67951 1.59354 1.76548
101.88 1.69681 1.61083 1.78279
102.806 1.71411 1.62808 1.80014
103.733 1.73141 1.64531 1.8175
104.659 1.7487 1.66252 1.83489
105.585 1.766 1.6797 1.85231
106.511 1.7833 1.69685 1.86975
107.437 1.8006 1.71398 1.88721
108.364 1.8179 1.73109 1.9047
109.29 1.83519 1.74817 1.92222
110.216 1.85249 1.76523 1.93976
111.142 1.86979 1.78226 1.95732
112.068 1.88709 1.79927 1.97491
112.995 1.90439 1.81625 1.99252
113.921 1.92168 1.83321 2.01016
114.847 1.93898 1.85015 2.02782
115.773 1.95628 1.86706 2.0455
116.699 1.97358 1.88396 2.0632
117.625 1.99088 1.90083 2.08093
118.552 2.00817 1.91767 2.09868
119.478 2.02547 1.9345 2.11645
120.404 2.04277 1.95131 2.13424
121.33 2.06007 1.96809 2.15205
122.256 2.07737 1.98485 2.16988
123.183 2.09467 2.00159 2.18774
124.109 2.11196 2.01832 2.20561
125.035 2.12926 2.03502 2.2235
125.961 2.14656 2.0517 2.24141
126.887 2.16386 2.06837 2.25935
127.813 2.18116 2.08502 2.2773
128.74 2.19845 2.10164 2.29526
129.666 2.21575 2.11825 2.31325
130.592 2.23305 2.13485 2.33125
131.518 2.25035 2.15142 2.34927
132.444 2.26765 2.16798 2.36731
133.371 2.28494 2.18453 2.38536
134.297 2.30224 2.20105 2.40343
135.223 2.31954 2.21757 2.42151
136.149 2.33684 2.23406 2.43961
137.075 2.35414 2.25054 2.45773
138.001 2.37143 2.26701 2.47586
138.928 2.38873 2.28347 2.494
139.854 2.40603 2.29991 2.51215
140.78 2.42333 2.31633 2.53032
141.706 2.44063 2.33274 2.54851
142.632 2.45792 2.34914 2.5667
143.559 2.47522 2.36553 2.58491
144.485 2.49252 2.38191 2.60313
145.411 2.50982 2.39827 2.62137
146.337 2.52712 2.41462 2.63961
147.263 2.54441 2.43096 2.65787
148.19 2.56171 2.44729 2.67613
149.116 2.57901 2.46361 2.69441
150.042 2.59631 2.47992 2.7127
150.968 2.61361 2.49622 2.73099
151.894 2.6309 2.51251 2.7493
152.82 2.6482 2.52878 2.76762
153.747 2.6655 2.54505 2.78595
154.673 2.6828 2.56131 2.80428
155.599 2.7001 2.57756 2.82263
156.525 2.71739 2.59381 2.84098
157.451 2.73469 2.61004 2.85935
158.378 2.75199 2.62627 2.87772
159.304 2.76929 2.64248 2.8961
160.23 2.78659 2.65869 2.91448
161.156 2.80388 2.67489 2.93288
162.082 2.82118 2.69109 2.95128
163.008 2.83848 2.70727 2.96969
163.935 2.85578 2.72345 2.9881
164.861 2.87308 2.73963 3.00653
165.787 2.89038 2.75579 3.02496
166.713 2.90767 2.77195 3.04339
167.639 2.92497 2.7881 3.06184
168.566 2.94227 2.80425 3.08029
169.492 2.95957 2.82039 3.09874
170.418 2.97687 2.83653 3.1172
171.344 2.99416 2.85265 3.13567
172.27 3.01146 2.86878 3.15415
173.196 3.02876 2.88489 3.17262
174.123 3.04606 2.90101 3.19111
175.049 3.06336 2.91711 3.2096
175.975 3.08065 2.93322 3.22809
176.901 3.09795 2.94931 3.24659
177.827 3.11525 2.9654 3.2651
178.754 3.13255 2.98149 3.28361
179.68 3.14985 2.99757 3.30212
180.606 3.16714 3.01365 3.32064
181.532 3.18444 3.02972 3.33916
182.458 3.20174 3.04579 3.35769
183.385 3.21904 3.06186 3.37622
184.311 3.23634 3.07792 3.39475
185.237 3.25363 3.09397 3.41329
186.163 3.27093 3.11003 3.43184
187.089 3.28823 3.12607 3.45039
188.015 3.30553 3.14212 3.46894
188.942 3.32283 3.15816 3.48749
189.868 3.34012 3.1742 3.50605
190.794 3.35742 3.19023 3.52461
191.72 3.37472 3.20626 3.54318
192.646 3.39202 3.22229 3.56175
193.573 3.40932 3.23831 3.58032
194.499 3.42661 3.25433 3.59889
195.425 3.44391 3.27035 3.61747
196.351 3.46121 3.28637 3.63605
197.277 3.47851 3.30238 3.65464
198.203 3.49581 3.31839 3.67323
199.13 3.5131 3.33439 3.69182
200.056 3.5304 3.3504 3.71041
200.982 3.5477 3.3664 3.72901
201.908 3.565 3.38239 3.7476
202.834 3.5823 3.39839 3.76621
203.761 3.59959 3.41438 3.78481
204.687 3.61689 3.43037 3.80342
205.613 3.63419 3.44636 3.82203
206.539 3.65149 3.46234 3.84064
207.465 3.66879 3.47832 3.85925
208.392 3.68609 3.4943 3.87787
209.318 3.70338 3.51028 3.89649
210.244 3.72068 3.52626 3.91511
211.17 3.73798 3.54223 3.93373
212.096 3.75528 3.5582 3.95235
213.022 3.77258 3.57417 3.97098
213.949 3.78987 3.59014 3.98961
214.875 3.80717 3.6061 4.00824
215.801 3.82447 3.62206 4.02687
216.727 3.84177 3.63803 4.04551
217.653 3.85907 3.65398 4.06415
218.58 3.87636 3.66994 4.08279
219.506 3.89366 3.6859 4.10143
220.432 3.91096 3.70185 4.12007
221.358 3.92826 3.7178 4.13871
222.284 3.94556 3.73375 4.15736
223.21 3.96285 3.7497 4.17601
224.137 3.98015 3.76565 4.19466
225.063 3.99745 3.78159 4.21331
225.989 4.01475 3.79754 4.23196
226.915 4.03205 3.81348 4.25061
227.841 4.04934 3.82942 4.26927
228.768 4.06664 3.84536 4.28793
229.694 4.08394 3.8613 4.30658
230.62 4.10124 3.87723 4.32524
