# τ vs mean κ linear regression for data set DA_130201_E2.h5
# Using stimulation: 1, 2, 3, 4
# Best fit: tau = 0.756647 + 0.0146877 kappa_Fura
# Covariance matrix:
# [ +2.57524e-02, -1.71983e-04  
#   -1.71983e-04, +1.35348e-06  ]
# Total sum of squares (TSS) = 222.734
# chisq (Residual sum of squares, RSS) = 63.3475
# Probability of observing a larger of equal RSS per DOF under the null hypothesis: 1.75493e-14
# R squared (1-RSS/TSS) = 0.715592
# Estimated gamma/v with standard error: 68.0843 +/- 5.39288
# Estimates kappa_S with standard error (using error propagation): 50.5158 +/- 11.663
# kappa_S confidence intervals based on parametric bootstrap
# 0.95 CI for kappa_S: [25.1471,84.8569]
# 0.99 CI for kappa_S: [19.046,99.6415]


# The data
# κ_Fura  τ   τ_SE
56.5239 2.15515 0.137694
117.321 2.20872 0.0834809
202.56 3.54538 0.140892
260.514 6.44018 0.318427


# The fitted data
# Preticted values with lower and upper bounds of 0.95 CI
# κ_Fura  τ   τ_lwr  τ_upr
-64.1448 -0.18549 -0.638352 0.267372
-62.794 -0.165651 -0.615548 0.284247
-61.4433 -0.145811 -0.592746 0.301123
-60.0926 -0.125972 -0.569945 0.318
-58.7418 -0.106133 -0.547146 0.33488
-57.3911 -0.0862939 -0.524349 0.351761
-56.0404 -0.0664547 -0.501553 0.368643
-54.6896 -0.0466155 -0.478759 0.385528
-53.3389 -0.0267764 -0.455967 0.402414
-51.9881 -0.00693717 -0.433176 0.419302
-50.6374 0.012902 -0.410388 0.436192
-49.2867 0.0327412 -0.387601 0.453083
-47.9359 0.0525804 -0.364816 0.469977
-46.5852 0.0724196 -0.342033 0.486873
-45.2345 0.0922588 -0.319252 0.50377
-43.8837 0.112098 -0.296474 0.52067
-42.533 0.131937 -0.273697 0.537571
-41.1822 0.151776 -0.250922 0.554475
-39.8315 0.171616 -0.22815 0.571381
-38.4808 0.191455 -0.20538 0.588289
-37.13 0.211294 -0.182612 0.6052
-35.7793 0.231133 -0.159846 0.622112
-34.4285 0.250972 -0.137083 0.639028
-33.0778 0.270811 -0.114322 0.655945
-31.7271 0.290651 -0.0915639 0.672865
-30.3763 0.31049 -0.0688081 0.689788
-29.0256 0.330329 -0.0460549 0.706713
-27.6749 0.350168 -0.0233044 0.723641
-26.3241 0.370007 -0.000556681 0.740572
-24.9734 0.389847 0.0221883 0.757505
-23.6226 0.409686 0.0449304 0.774441
-22.2719 0.429525 0.0676696 0.79138
-20.9212 0.449364 0.0904058 0.808323
-19.5704 0.469203 0.113139 0.825268
-18.2197 0.489043 0.135869 0.842216
-16.8689 0.508882 0.158596 0.859168
-15.5182 0.528721 0.181319 0.876123
-14.1675 0.54856 0.204039 0.893081
-12.8167 0.568399 0.226756 0.910043
-11.466 0.588239 0.249469 0.927008
-10.1153 0.608078 0.272178 0.943977
-8.76452 0.627917 0.294884 0.96095
-7.41378 0.647756 0.317585 0.977927
-6.06304 0.667595 0.340283 0.994907
-4.7123 0.687434 0.362977 1.01189
-3.36156 0.707274 0.385666 1.02888
-2.01082 0.727113 0.408352 1.04587
-0.660086 0.746952 0.431033 1.06287
0.690652 0.766791 0.453709 1.07987
2.04139 0.78663 0.476381 1.09688
3.39213 0.80647 0.499048 1.11389
4.74287 0.826309 0.52171 1.13091
6.09361 0.846148 0.544367 1.14793
7.44434 0.865987 0.567019 1.16496
8.79508 0.885826 0.589666 1.18199
10.1458 0.905666 0.612307 1.19902
11.4966 0.925505 0.634943 1.21607
12.8473 0.945344 0.657572 1.23312
14.198 0.965183 0.680196 1.25017
15.5488 0.985022 0.702814 1.26723
16.8995 1.00486 0.725425 1.2843
18.2502 1.0247 0.74803 1.30137
19.601 1.04454 0.770628 1.31845
20.9517 1.06438 0.793219 1.33554
22.3025 1.08422 0.815803 1.35263
23.6532 1.10406 0.83838 1.36974
25.0039 1.1239 0.860949 1.38684
26.3547 1.14374 0.88351 1.40396
27.7054 1.16358 0.906063 1.42109
29.0562 1.18341 0.928608 1.43822
30.4069 1.20325 0.951145 1.45536
31.7576 1.22309 0.973672 1.47251
33.1084 1.24293 0.99619 1.48967
34.4591 1.26277 1.0187 1.50684
35.8098 1.28261 1.0412 1.52402
37.1606 1.30245 1.06369 1.54121
38.5113 1.32229 1.08617 1.55841
39.8621 1.34213 1.10863 1.57562
41.2128 1.36197 1.13109 1.59284
42.5635 1.38181 1.15354 1.61008
43.9143 1.40165 1.17597 1.62732
45.265 1.42148 1.19839 1.64458
46.6158 1.44132 1.2208 1.66185
47.9665 1.46116 1.24319 1.67913
49.3172 1.481 1.26557 1.69643
50.668 1.50084 1.28794 1.71374
52.0187 1.52068 1.31029 1.73107
53.3694 1.54052 1.33263 1.74841
54.7202 1.56036 1.35495 1.76577
56.0709 1.5802 1.37725 1.78314
57.4217 1.60004 1.39954 1.80053
58.7724 1.61988 1.42181 1.81794
60.1231 1.63972 1.44406 1.83537
61.4739 1.65955 1.46629 1.85281
62.8246 1.67939 1.48851 1.87028
64.1754 1.69923 1.5107 1.88777
65.5261 1.71907 1.53287 1.90527
66.8768 1.73891 1.55502 1.9228
68.2276 1.75875 1.57715 1.94035
69.5783 1.77859 1.59925 1.95793
70.929 1.79843 1.62133 1.97553
72.2798 1.81827 1.64338 1.99316
73.6305 1.83811 1.66541 2.01081
74.9813 1.85795 1.6874 2.02849
76.332 1.87779 1.70937 2.0462
77.6827 1.89763 1.73131 2.06394
79.0335 1.91746 1.75322 2.08171
80.3842 1.9373 1.7751 2.09951
81.7349 1.95714 1.79694 2.11734
83.0857 1.97698 1.81875 2.13521
84.4364 1.99682 1.84053 2.15312
85.7872 2.01666 1.86226 2.17106
87.1379 2.0365 1.88396 2.18904
88.4886 2.05634 1.90562 2.20706
89.8394 2.07618 1.92723 2.22512
91.1901 2.09602 1.94881 2.24323
92.5409 2.11586 1.97033 2.26138
93.8916 2.1357 1.99182 2.27957
95.2423 2.15553 2.01325 2.29782
96.5931 2.17537 2.03464 2.31611
97.9438 2.19521 2.05597 2.33446
99.2945 2.21505 2.07725 2.35285
100.645 2.23489 2.09848 2.3713
101.996 2.25473 2.11965 2.38981
103.347 2.27457 2.14076 2.40838
104.698 2.29441 2.16182 2.427
106.048 2.31425 2.18281 2.44568
107.399 2.33409 2.20374 2.46443
108.75 2.35393 2.22461 2.48324
110.1 2.37377 2.24541 2.50212
111.451 2.3936 2.26614 2.52107
112.802 2.41344 2.28681 2.54008
114.153 2.43328 2.3074 2.55916
115.503 2.45312 2.32793 2.57832
116.854 2.47296 2.34838 2.59754
118.205 2.4928 2.36876 2.61684
119.556 2.51264 2.38906 2.63622
120.906 2.53248 2.40929 2.65567
122.257 2.55232 2.42944 2.6752
123.608 2.57216 2.44952 2.6948
124.959 2.592 2.46952 2.71448
126.309 2.61184 2.48944 2.73423
127.66 2.63168 2.50928 2.75407
129.011 2.65151 2.52905 2.77398
130.362 2.67135 2.54874 2.79397
131.712 2.69119 2.56835 2.81404
133.063 2.71103 2.58788 2.83418
134.414 2.73087 2.60734 2.8544
135.764 2.75071 2.62673 2.87469
137.115 2.77055 2.64604 2.89506
138.466 2.79039 2.66527 2.91551
139.817 2.81023 2.68444 2.93602
141.167 2.83007 2.70353 2.95661
142.518 2.84991 2.72255 2.97726
143.869 2.86975 2.7415 2.99799
145.22 2.88958 2.76039 3.01878
146.57 2.90942 2.77921 3.03964
147.921 2.92926 2.79796 3.06056
149.272 2.9491 2.81666 3.08155
150.623 2.96894 2.83529 3.1026
151.973 2.98878 2.85386 3.1237
153.324 3.00862 2.87237 3.14487
154.675 3.02846 2.89083 3.16609
156.026 3.0483 2.90923 3.18736
157.376 3.06814 2.92758 3.20869
158.727 3.08798 2.94588 3.23007
160.078 3.10782 2.96413 3.2515
161.429 3.12765 2.98234 3.27297
162.779 3.14749 3.00049 3.2945
164.13 3.16733 3.0186 3.31606
165.481 3.18717 3.03667 3.33767
166.831 3.20701 3.0547 3.35933
168.182 3.22685 3.07268 3.38102
169.533 3.24669 3.09063 3.40275
170.884 3.26653 3.10854 3.42452
172.234 3.28637 3.12641 3.44632
173.585 3.30621 3.14425 3.46816
174.936 3.32605 3.16206 3.49004
176.287 3.34589 3.17983 3.51194
177.637 3.36573 3.19757 3.53388
178.988 3.38556 3.21528 3.55584
180.339 3.4054 3.23297 3.57784
181.69 3.42524 3.25062 3.59986
183.04 3.44508 3.26825 3.62191
184.391 3.46492 3.28586 3.64399
185.742 3.48476 3.30343 3.66609
187.093 3.5046 3.32099 3.68821
188.443 3.52444 3.33852 3.71036
189.794 3.54428 3.35603 3.73252
191.145 3.56412 3.37352 3.75471
192.495 3.58396 3.39099 3.77693
193.846 3.6038 3.40843 3.79916
195.197 3.62363 3.42586 3.8214
196.548 3.64347 3.44327 3.84367
197.898 3.66331 3.46067 3.86596
199.249 3.68315 3.47804 3.88826
200.6 3.70299 3.4954 3.91058
201.951 3.72283 3.51275 3.93291
203.301 3.74267 3.53007 3.95526
204.652 3.76251 3.54739 3.97763
206.003 3.78235 3.56469 4.00001
207.354 3.80219 3.58197 4.0224
208.704 3.82203 3.59924 4.04481
210.055 3.84187 3.6165 4.06723
211.406 3.8617 3.63375 4.08966
212.757 3.88154 3.65099 4.1121
214.107 3.90138 3.66821 4.13456
215.458 3.92122 3.68542 4.15702
216.809 3.94106 3.70262 4.1795
218.16 3.9609 3.71981 4.20199
219.51 3.98074 3.73699 4.22449
220.861 4.00058 3.75416 4.24699
222.212 4.02042 3.77133 4.26951
223.562 4.04026 3.78848 4.29204
224.913 4.0601 3.80562 4.31457
226.264 4.07994 3.82275 4.33712
227.615 4.09978 3.83988 4.35967
228.965 4.11961 3.857 4.38223
230.316 4.13945 3.87411 4.4048
231.667 4.15929 3.89121 4.42737
233.018 4.17913 3.90831 4.44996
234.368 4.19897 3.9254 4.47255
235.719 4.21881 3.94248 4.49514
237.07 4.23865 3.95955 4.51775
238.421 4.25849 3.97662 4.54036
239.771 4.27833 3.99368 4.56298
241.122 4.29817 4.01074 4.5856
242.473 4.31801 4.02778 4.60823
243.824 4.33785 4.04483 4.63086
245.174 4.35768 4.06187 4.6535
246.525 4.37752 4.0789 4.67615
247.876 4.39736 4.09593 4.6988
249.226 4.4172 4.11295 4.72146
250.577 4.43704 4.12996 4.74412
251.928 4.45688 4.14698 4.76678
253.279 4.47672 4.16398 4.78946
254.629 4.49656 4.18099 4.81213
255.98 4.5164 4.19798 4.83481
257.331 4.53624 4.21498 4.8575
258.682 4.55608 4.23197 4.88019
260.032 4.57592 4.24895 4.90288
261.383 4.59575 4.26593 4.92558
262.734 4.61559 4.28291 4.94828
264.085 4.63543 4.29988 4.97098
265.435 4.65527 4.31685 4.99369
266.786 4.67511 4.33382 5.0164
268.137 4.69495 4.35078 5.03912
269.488 4.71479 4.36774 5.06184
270.838 4.73463 4.38469 5.08456
272.189 4.75447 4.40165 5.10729
