# Data from DA_130201_E2.h5 stim 2
# Ratiometric estimator mono-exponential fit
# Fitted model Ca = baseline+delta*exp(-(t-t0)/tau)
# nobs = 179
# number of degrees of freedom = 176
# baseline length = 7
# fit started from point 28
# estimated baseline 0.040331 and standard error 0.000252043
# estimated delta 0.0519228 and standard error 0.00129469
# estimated tau 2.20872 and standard error 0.0834809
# residual sum of squares: 171.361
# RSS per degree of freedom: 0.973641
# Probability of observing a larger of equal RSS per DOF under the null hypothesis: 0.584671

# rss per degree of freedom: 0.973641

# Time    Ca  Prediction  Residual
2350.01 0.0404961 0.040331 0.0679473
2350.11 0.0434273 0.040331 1.25461
2350.21 0.035396 0.040331 -2.10099
2350.31 0.0407026 0.040331 0.151265
2350.41 0.0437651 0.040331 1.38307
2350.51 0.0420148 0.040331 0.689991
2350.61 0.041395 0.040331 0.440703

2352.81 0.0890426 0.0922538 -0.943164
2352.91 0.0915579 0.0899555 0.46832
2353.01 0.0907994 0.0877588 0.886813
2353.11 0.0831236 0.0856594 -0.77833
2353.21 0.0914014 0.0836529 2.27907
2353.31 0.0835789 0.0817352 0.562114
2353.41 0.0809445 0.0799025 0.318814
2353.51 0.0762283 0.0781508 -0.627479
2353.61 0.0767891 0.0764767 0.0997926
2353.71 0.0726995 0.0748767 -0.720696
2353.81 0.0746296 0.0733475 0.412739
2353.91 0.072286 0.071886 0.130931
2354.01 0.0688473 0.0704892 -0.553162
2354.11 0.0681109 0.0691543 -0.353222
2354.21 0.0673612 0.0678784 -0.175319
2354.31 0.0651268 0.066659 -0.529041
2354.41 0.0625912 0.0654936 -1.01888
2354.51 0.0699245 0.0643797 1.86562
2354.61 0.0634864 0.0633152 0.0598501
2354.71 0.0615969 0.0622978 -0.254034
2354.81 0.0596637 0.0613254 -0.603351
2354.91 0.0583727 0.0603961 -0.741572
2355.01 0.0602838 0.0595079 0.276717
2355.11 0.0562691 0.058659 -0.882821
2355.21 0.0560731 0.0578477 -0.654467
2355.31 0.0568927 0.0570723 -0.0671699
2355.41 0.056169 0.0563313 -0.059462
2355.51 0.0574659 0.055623 0.681642
2355.61 0.0540359 0.0549461 -0.340153
2355.71 0.0585033 0.0542992 1.53737
2355.81 0.0532375 0.0536809 -0.168652
2355.91 0.0519941 0.0530899 -0.412199
2356.01 0.055495 0.0525251 1.10965
2356.11 0.0494975 0.0519854 -0.975072
2356.21 0.0517265 0.0514695 0.0973368
2356.31 0.048758 0.0509764 -0.862638
2356.41 0.0482117 0.0505052 -0.905935
2356.51 0.0491473 0.0500548 -0.351993
2356.61 0.045633 0.0496244 -1.59287
2356.71 0.0543392 0.049213 1.96278
2356.81 0.0487582 0.0488199 -0.0243123
2356.91 0.0455284 0.0484441 -1.16496
2357.01 0.0466315 0.048085 -0.573257
2357.11 0.0467403 0.0477417 -0.393902
2357.21 0.04346 0.0474137 -1.5959
2357.31 0.0456134 0.0471002 -0.586898
2357.41 0.0473698 0.0468005 0.221141
2357.51 0.0485167 0.0465142 0.794932
2357.61 0.0481536 0.0462405 0.750742
2357.71 0.0463121 0.0459789 0.132324
2357.81 0.0483746 0.0457289 1.0376
2357.91 0.0493529 0.0454899 1.49397
2358.01 0.0446537 0.0452616 -0.244366
2358.11 0.0488496 0.0450433 1.48224
2358.21 0.0422984 0.0448347 -1.03532
2358.31 0.0453947 0.0446354 0.303588
2358.41 0.0456702 0.0444448 0.494142
2358.51 0.0426074 0.0442627 -0.667126
2358.61 0.0419555 0.0440887 -0.879359
2358.71 0.0451007 0.0439223 0.47416
2358.81 0.0483986 0.0437634 1.81432
2358.91 0.0446638 0.0436114 0.421897
2359.01 0.0436051 0.0434662 0.0567523
2359.11 0.0428124 0.0433274 -0.212796
2359.21 0.0453505 0.0431948 0.857088
2359.31 0.0427292 0.043068 -0.139726
2359.41 0.0438354 0.0429469 0.367703
2359.51 0.0435012 0.0428311 0.271278
2359.61 0.0403732 0.0427204 -0.977846
2359.71 0.0443954 0.0426147 0.720762
2359.81 0.0472269 0.0425136 1.85962
2359.91 0.0451524 0.042417 1.11408
2360.01 0.0386175 0.0423246 -1.57266
2360.11 0.0412411 0.0422364 -0.416315
2360.21 0.0433882 0.042152 0.510912
2360.31 0.044128 0.0420714 0.849355
2360.41 0.0412608 0.0419944 -0.303634
2360.51 0.0423574 0.0419207 0.180385
2360.61 0.0452845 0.0418504 1.37656
2360.71 0.0429328 0.0417831 0.470867
2360.81 0.0403993 0.0417188 -0.557205
2360.91 0.0453848 0.0416574 1.48154
2361.01 0.0425273 0.0415987 0.380478
2361.11 0.0437069 0.0415426 0.900313
2361.21 0.0444077 0.0414889 1.1569
2361.31 0.0393279 0.0414377 -0.895905
2361.41 0.0437325 0.0413887 0.956759
2361.51 0.0404723 0.0413419 -0.367293
2361.61 0.0412109 0.0412971 -0.0356332
2361.71 0.0368028 0.0412544 -1.90576
2361.81 0.0414024 0.0412135 0.078614
2361.91 0.0440352 0.0411744 1.17005
2362.01 0.0433846 0.0411371 0.933689
2362.11 0.0451448 0.0411014 1.63244
2362.21 0.039689 0.0410673 -0.574554
2362.31 0.0420127 0.0410347 0.410704
2362.41 0.0378264 0.0410036 -1.3732
2362.51 0.0439911 0.0409738 1.23803
2362.61 0.0405573 0.0409453 -0.161114
2362.71 0.0373797 0.0409181 -1.52048
2362.81 0.0429811 0.0408922 0.86098
2362.91 0.0406093 0.0408673 -0.109399
2363.01 0.0412837 0.0408436 0.180254
2363.11 0.0430941 0.0408209 0.952092
2363.21 0.0401963 0.0407992 -0.254848
2363.31 0.0409588 0.0407785 0.0749658
2363.41 0.04114 0.0407587 0.157037
2363.51 0.0360703 0.0407397 -2.0098
2363.61 0.0432206 0.0407216 1.03863
2363.71 0.0451083 0.0407044 1.82175
2363.81 0.0360265 0.0406878 -2.02729
2363.91 0.0408459 0.040672 0.0732029
2364.01 0.0372938 0.0406569 -1.45187
2364.11 0.0401696 0.0406425 -0.199882
2364.21 0.0404847 0.0406287 -0.0608407
2364.31 0.0450816 0.0406155 1.8489
2364.41 0.0431271 0.0406029 1.04552
2364.51 0.0364263 0.0405909 -1.79176
2364.61 0.0426601 0.0405794 0.857595
2364.71 0.0436005 0.0405684 1.25664
2364.81 0.0396914 0.0405579 -0.370956
2364.91 0.0359394 0.0405479 -1.95693
2365.01 0.0434 0.0405383 1.1815
2365.11 0.0385904 0.0405291 -0.838318
2365.21 0.0388249 0.0405203 -0.734772
2365.31 0.043445 0.0405119 1.2165
2365.41 0.0453326 0.0405039 1.97214
2365.51 0.0391746 0.0404963 -0.57658
2365.61 0.0370185 0.040489 -1.50871
2365.71 0.0401826 0.040482 -0.12626
2365.81 0.0478055 0.0404753 2.91835
2365.91 0.044195 0.0404689 1.54756
2366.01 0.0388428 0.0404628 -0.682877
2366.11 0.0390275 0.040457 -0.618197
2366.21 0.0388369 0.0404514 -0.693275
2366.31 0.0429375 0.0404461 1.03468
2366.41 0.0382723 0.040441 -0.940092
2366.51 0.0410365 0.0404361 0.252077
2366.61 0.0374085 0.0404314 -1.30558
2366.71 0.0397862 0.040427 -0.270154
2366.81 0.0390787 0.0404227 -0.565875
2366.91 0.0412892 0.0404187 0.36852
2367.01 0.0379791 0.0404148 -1.05423
2367.11 0.0402824 0.0404111 -0.0541878
2367.21 0.0362246 0.0404075 -1.82305
2367.31 0.0375188 0.0404042 -1.25054
2367.41 0.0416483 0.0404009 0.524412
2367.51 0.0420492 0.0403978 0.700919
2367.61 0.0399389 0.0403949 -0.194834
2367.71 0.0380527 0.040392 -1.01282
2367.81 0.0399759 0.0403893 -0.17559
2367.91 0.0411613 0.0403868 0.324871
2368.01 0.0423098 0.0403843 0.808469
2368.11 0.0408546 0.0403819 0.202093
2368.21 0.037306 0.0403797 -1.33606
2368.31 0.0381013 0.0403775 -0.973119
2368.41 0.0395378 0.0403755 -0.356252
2368.51 0.0416965 0.0403735 0.565036
2368.61 0.0395915 0.0403716 -0.336475
2368.71 0.0412615 0.0403698 0.380504
2368.81 0.0382919 0.0403681 -0.896697
2368.91 0.041575 0.0403665 0.512127
2369.01 0.0437566 0.0403649 1.4068
2369.11 0.0370691 0.0403634 -1.43083
2369.21 0.038911 0.040362 -0.624502
2369.31 0.0419519 0.0403606 0.662191
2369.41 0.0373719 0.0403593 -1.30259
2369.51 0.0385782 0.040358 -0.768992
2369.61 0.0422139 0.0403568 0.778786
2369.71 0.0383241 0.0403557 -0.886305
2369.81 0.038304 0.0403546 -0.879957
2369.91 0.0395903 0.0403535 -0.327925
