# Data from DA_130201_E2.h5 stim 3
# Ratiometric estimator
# Ratiometric estimator:
#    Time    Ca (est)    Ca (se)
 2670.015 0.03553661 0.00157099703
 2670.115 0.0365016046 0.00157550923
 2670.215 0.0340273361 0.001541393
 2670.315 0.0372284057 0.00159096653
 2670.415 0.0366295882 0.00156739548
 2670.515 0.0373054334 0.00157611244
 2670.615 0.0353597179 0.00154224876
 2670.715 0.0380143445 0.00158032543
 2670.815 0.0387406971 0.00158808238
 2670.915 0.0369824116 0.00157178291
 2671.015 0.0364533078 0.0015899722
 2671.115 0.0357543444 0.00157291204
 2671.215 0.0392670312 0.00159739196
 2671.315 0.0394007365 0.00159231377
 2671.415 0.0355576729 0.00156243151
 2671.515 0.0360251175 0.00157879149
 2671.615 0.0478591882 0.0017238827
 2671.715 0.0674472171 0.00195567842
 2671.815 0.0784458658 0.00212656786
 2671.915 0.08378927 0.002167389
 2672.015 0.0965361102 0.00238923417
 2672.115 0.0889445318 0.00229885848
 2672.215 0.0891056687 0.00225862454
 2672.315 0.0937667771 0.00231970336
 2672.415 0.0840748715 0.00221018304
 2672.515 0.0894631525 0.0022782146
 2672.615 0.0862051124 0.00225970964
 2672.715 0.0823903679 0.00218690267
 2672.815 0.0840897915 0.00219024087
 2672.915 0.0843142768 0.00220450539
 2673.015 0.0812008899 0.00215137282
 2673.115 0.0785563784 0.00213418271
 2673.215 0.0793890748 0.00210887469
 2673.315 0.0755537702 0.00209596476
 2673.415 0.0763377548 0.00210320432
 2673.515 0.0755881362 0.00205903032
 2673.615 0.0747479108 0.00207533845
 2673.715 0.0718569227 0.00201548657
 2673.815 0.0719256899 0.00200931435
 2673.915 0.0703362302 0.00201318801
 2674.015 0.0698651921 0.00199208895
 2674.115 0.0694042373 0.00197615466
 2674.215 0.0657518333 0.00197174262
 2674.315 0.0698258661 0.0019826417
 2674.415 0.0674554388 0.00196974437
 2674.515 0.065785297 0.0019676223
 2674.615 0.066312219 0.00196980309
 2674.715 0.0654065677 0.00190849959
 2674.815 0.064845719 0.00192319222
 2674.915 0.0615106774 0.00185439818
 2675.015 0.0632873605 0.00191481753
 2675.115 0.0601465351 0.0018239946
 2675.215 0.0603438514 0.00185239211
 2675.315 0.058488269 0.00183221096
 2675.415 0.0590526464 0.00187195546
 2675.515 0.0588092879 0.00183355456
 2675.615 0.0553465844 0.00180961089
 2675.715 0.0571937913 0.00182813685
 2675.815 0.0534245218 0.00177452674
 2675.915 0.0571910579 0.00183505705
 2676.015 0.0599361642 0.00188495413
 2676.115 0.0541857153 0.00177756986
 2676.215 0.0542918718 0.00179737035
 2676.315 0.0543111641 0.00178776579
 2676.415 0.055291752 0.00178265202
 2676.515 0.0519222935 0.00177677996
 2676.615 0.0532648611 0.0017858888
 2676.715 0.0527018109 0.00177599183
 2676.815 0.0547661841 0.00179817776
 2676.915 0.0527851889 0.00176697621
 2677.015 0.050634013 0.00174968126
 2677.115 0.0495407351 0.00174912177
 2677.215 0.0491211194 0.00174235111
 2677.315 0.0485652715 0.00172527818
 2677.415 0.0501805015 0.00175974095
 2677.515 0.0485276206 0.00170755666
 2677.615 0.0468760551 0.00168070708
 2677.715 0.0493357002 0.00172623095
 2677.815 0.0470483262 0.00167727329
 2677.915 0.0500445205 0.00174274983
 2678.015 0.0452775151 0.00168645287
 2678.115 0.0432645692 0.0016596239
 2678.215 0.0465094705 0.00169986064
 2678.315 0.0461482599 0.00167667335
 2678.415 0.048518741 0.00170220434
 2678.515 0.0471317933 0.00171092061
 2678.615 0.0449648193 0.00166860714
 2678.715 0.0455142748 0.00167832877
 2678.815 0.0479595301 0.00170176007
 2678.915 0.0436967802 0.00167054027
 2679.015 0.0472955026 0.00168934522
 2679.115 0.0417175711 0.00161521866
 2679.215 0.0459900582 0.0016787089
 2679.315 0.0418495992 0.00162740454
 2679.415 0.0422981432 0.00160559387
 2679.515 0.0438150359 0.00165705702
 2679.615 0.0425924569 0.00162115699
 2679.715 0.042341277 0.00164732948
 2679.815 0.0449597365 0.00165508226
 2679.915 0.0436489664 0.00164570702
 2680.015 0.0408823348 0.00160975172
 2680.115 0.0403617573 0.00158331885
 2680.215 0.0452263054 0.00165293317
 2680.315 0.0423828027 0.00161972089
 2680.415 0.0443290635 0.00165102456
 2680.515 0.0453180594 0.00166090667
 2680.615 0.0431164713 0.00163658593
 2680.715 0.0435903916 0.00164476196
 2680.815 0.040815347 0.00161033582
 2680.915 0.0434853819 0.00165972207
 2681.015 0.039736182 0.00160293208
 2681.115 0.039752755 0.00159298935
 2681.215 0.0398212536 0.00163338419
 2681.315 0.0405464584 0.0015939679
 2681.415 0.0384297027 0.00159092495
 2681.515 0.0405514944 0.00160327714
 2681.615 0.0411180328 0.00163265735
 2681.715 0.0388426359 0.00160295019
 2681.815 0.0425880243 0.00161680785
 2681.915 0.0388191622 0.00157962452
 2682.015 0.0436859099 0.00162707046
 2682.115 0.0436880175 0.00165527777
 2682.215 0.0383248464 0.00159132842
 2682.315 0.0449469698 0.00163470144
 2682.415 0.0391414045 0.00157938105
 2682.515 0.0395339139 0.00160444761
 2682.615 0.0403018015 0.00160798213
 2682.715 0.0393422618 0.0015903742
 2682.815 0.0397302269 0.00159989046
 2682.915 0.0390141166 0.00156680517
 2683.015 0.0388817717 0.00160366271
 2683.115 0.0405669247 0.00158744436
 2683.215 0.0389178126 0.00159603026
 2683.315 0.0391502135 0.00160470016
 2683.415 0.039589928 0.00162860026
 2683.515 0.0393430631 0.00159182735
 2683.615 0.0400814724 0.00158789223
 2683.715 0.0420783143 0.00162061689
 2683.815 0.0387641712 0.00156939968
 2683.915 0.0372738887 0.0015748894
 2684.015 0.0391782606 0.00157417562
 2684.115 0.0366936255 0.0015574746
 2684.215 0.0384199417 0.00156905621
 2684.315 0.0351075438 0.00151626506
 2684.415 0.0390537448 0.00157294693
 2684.515 0.0399741721 0.00158224263
 2684.615 0.0371478505 0.00157100736
 2684.715 0.0364608577 0.00154943847
 2684.815 0.0400808813 0.00160233146
 2684.915 0.0378161154 0.00159710514
 2685.015 0.0383179366 0.00157769583
 2685.115 0.0379680253 0.0015694465
 2685.215 0.0367574481 0.00154815082
 2685.315 0.0384536628 0.00156722615
 2685.415 0.0385650193 0.00156663453
 2685.515 0.0385627961 0.00154265798
 2685.615 0.0399921915 0.00159248652
 2685.715 0.0395186214 0.00157078651
 2685.815 0.0350220711 0.00156676609
 2685.915 0.0378445378 0.00156979396
 2686.015 0.0377111571 0.0015835313
 2686.115 0.0390929528 0.00156385286
 2686.215 0.0371766545 0.00154278906
 2686.315 0.0379389249 0.0015765647
 2686.415 0.0374529106 0.00156567546
 2686.515 0.0378046222 0.00158356276
 2686.615 0.0409435888 0.00159583969
 2686.715 0.0368997255 0.001555402
 2686.815 0.0395881448 0.00157991236
 2686.915 0.0359256361 0.00153711419
 2687.015 0.0402931866 0.00160435661
 2687.115 0.0381580922 0.00156694008
 2687.215 0.037088333 0.00154562599
 2687.315 0.0391553331 0.00157083516
 2687.415 0.0348583723 0.00154064763
 2687.515 0.039703517 0.00158007469
 2687.615 0.0396497397 0.00158288654
 2687.715 0.0359819022 0.00155139224
 2687.815 0.0376948283 0.00157544283
 2687.915 0.0364757187 0.0015459624
 2688.015 0.036258025 0.00155679782
 2688.115 0.037700849 0.00154630437
 2688.215 0.0380993491 0.00156824855
 2688.315 0.0340346838 0.00154641569
 2688.415 0.0380285382 0.00156515886
 2688.515 0.0367562284 0.00154740178
 2688.615 0.0357414465 0.00153945312
 2688.715 0.0359778757 0.00153808305
 2688.815 0.0406083482 0.00158365565
 2688.915 0.0375093425 0.0015514472
 2689.015 0.0365024633 0.00154502648
 2689.115 0.0369862306 0.00155978972
 2689.215 0.0384117586 0.00156914987
 2689.315 0.038264139 0.00158244578
 2689.415 0.0360129319 0.00154404877
 2689.515 0.0383760608 0.00155393729
 2689.615 0.0380660359 0.00157829049
 2689.715 0.0351373114 0.0015215765
 2689.815 0.0379118214 0.00155808693
 2689.915 0.0347492788 0.00154252489


