# τ vs max κ linear regression for data set DA_130201_E2.h5
# Using stimulation: 1, 2, 3, 4
# Best fit: tau = 0.704735 + 0.01449 kappa_Fura
# Covariance matrix:
# [ +2.75436e-02, -1.78608e-04  
#   -1.78608e-04, +1.34918e-06  ]
# Total sum of squares (TSS) = 222.734
# chisq (Residual sum of squares, RSS) = 67.1129
# Probability of observing a larger of equal RSS per DOF under the null hypothesis: 2.67063e-15
# R squared (1-RSS/TSS) = 0.698686
# Estimated gamma/v with standard error: 69.0129 +/- 5.53217
# Estimates kappa_S with standard error (using error propagation): 47.6358 +/- 12.0989
# kappa_S confidence intervals based on parametric bootstrap
# 0.95 CI for kappa_S: [21.5994,81.3085]
# 0.99 CI for kappa_S: [14.4895,95.0123]


# The data
# κ_Fura  τ   τ_SE
59.876 2.15515 0.137694
123.713 2.20872 0.0834809
207.203 3.54538 0.140892
264.102 6.44018 0.318427


# The fitted data
# Preticted values with lower and upper bounds of 0.95 CI
# κ_Fura  τ   τ_lwr  τ_upr
-60.5447 -0.172561 -0.628516 0.283394
-59.1933 -0.152979 -0.605972 0.300013
-57.8419 -0.133397 -0.583428 0.316634
-56.4905 -0.113815 -0.560886 0.333256
-55.1391 -0.0942334 -0.538346 0.349879
-53.7877 -0.0746515 -0.515807 0.366504
-52.4363 -0.0550695 -0.49327 0.383131
-51.0849 -0.0354876 -0.470735 0.39976
-49.7335 -0.0159056 -0.448201 0.41639
-48.3821 0.00367633 -0.42567 0.433022
-47.0307 0.0232583 -0.40314 0.449656
-45.6793 0.0428402 -0.380611 0.466292
-44.3279 0.0624222 -0.358085 0.482929
-42.9765 0.0820041 -0.335561 0.499569
-41.625 0.101586 -0.313038 0.51621
-40.2736 0.121168 -0.290518 0.532854
-38.9222 0.14075 -0.267999 0.549499
-37.5708 0.160332 -0.245483 0.566147
-36.2194 0.179914 -0.222968 0.582796
-34.868 0.199496 -0.200456 0.599448
-33.5166 0.219078 -0.177946 0.616102
-32.1652 0.23866 -0.155439 0.632758
-30.8138 0.258242 -0.132934 0.649417
-29.4624 0.277824 -0.110431 0.666078
-28.111 0.297406 -0.0879301 0.682741
-26.7596 0.316987 -0.0654321 0.699407
-25.4082 0.336569 -0.0429366 0.716075
-24.0568 0.356151 -0.0204437 0.732746
-22.7054 0.375733 0.00204659 0.74942
-21.3539 0.395315 0.0245341 0.766096
-20.0025 0.414897 0.0470189 0.782776
-18.6511 0.434479 0.0695008 0.799458
-17.2997 0.454061 0.0919798 0.816142
-15.9483 0.473643 0.114456 0.83283
-14.5969 0.493225 0.136929 0.849521
-13.2455 0.512807 0.159399 0.866215
-11.8941 0.532389 0.181865 0.882913
-10.5427 0.551971 0.204328 0.899613
-9.19128 0.571553 0.226788 0.916317
-7.83987 0.591135 0.249245 0.933025
-6.48846 0.610717 0.271698 0.949736
-5.13706 0.630299 0.294147 0.96645
-3.78565 0.649881 0.316593 0.983169
-2.43424 0.669463 0.339034 0.999891
-1.08284 0.689044 0.361472 1.01662
0.268571 0.708626 0.383906 1.03335
1.61998 0.728208 0.406335 1.05008
2.97138 0.74779 0.428761 1.06682
4.32279 0.767372 0.451182 1.08356
5.6742 0.786954 0.473598 1.10031
7.02561 0.806536 0.49601 1.11706
8.37701 0.826118 0.518417 1.13382
9.72842 0.8457 0.54082 1.15058
11.0798 0.865282 0.563217 1.16735
12.4312 0.884864 0.585609 1.18412
13.7826 0.904446 0.607996 1.2009
15.134 0.924028 0.630377 1.21768
16.4855 0.94361 0.652753 1.23447
17.8369 0.963192 0.675123 1.25126
19.1883 0.982774 0.697487 1.26806
20.5397 1.00236 0.719845 1.28487
21.8911 1.02194 0.742197 1.30168
23.2425 1.04152 0.764542 1.3185
24.5939 1.0611 0.786881 1.33532
25.9453 1.08068 0.809213 1.35215
27.2967 1.10027 0.831537 1.36899
28.6481 1.11985 0.853855 1.38584
29.9995 1.13943 0.876164 1.40269
31.3509 1.15901 0.898466 1.41956
32.7023 1.17859 0.92076 1.43643
34.0537 1.19818 0.943046 1.4533
35.4052 1.21776 0.965323 1.47019
36.7566 1.23734 0.987592 1.48709
38.108 1.25692 1.00985 1.50399
39.4594 1.2765 1.0321 1.52091
40.8108 1.29608 1.05434 1.53783
42.1622 1.31567 1.07657 1.55476
43.5136 1.33525 1.09879 1.57171
44.865 1.35483 1.121 1.58866
46.2164 1.37441 1.1432 1.60563
47.5678 1.39399 1.16538 1.62261
48.9192 1.41358 1.18756 1.63959
50.2706 1.43316 1.20972 1.6566
51.622 1.45274 1.23187 1.67361
52.9734 1.47232 1.25401 1.69064
54.3249 1.4919 1.27613 1.70768
55.6763 1.51149 1.29824 1.72473
57.0277 1.53107 1.32033 1.7418
58.3791 1.55065 1.34241 1.75889
59.7305 1.57023 1.36447 1.77599
61.0819 1.58981 1.38652 1.79311
62.4333 1.6094 1.40855 1.81024
63.7847 1.62898 1.43056 1.82739
65.1361 1.64856 1.45256 1.84456
66.4875 1.66814 1.47453 1.86175
67.8389 1.68772 1.49649 1.87896
69.1903 1.70731 1.51843 1.89619
70.5417 1.72689 1.54034 1.91344
71.8931 1.74647 1.56223 1.93071
73.2446 1.76605 1.5841 1.948
74.596 1.78563 1.60595 1.96532
75.9474 1.80522 1.62777 1.98266
77.2988 1.8248 1.64957 2.00003
78.6502 1.84438 1.67134 2.01742
80.0016 1.86396 1.69308 2.03484
81.353 1.88354 1.7148 2.05229
82.7044 1.90313 1.73648 2.06977
84.0558 1.92271 1.75814 2.08728
85.4072 1.94229 1.77976 2.10482
86.7586 1.96187 1.80135 2.12239
88.11 1.98145 1.8229 2.14
89.4614 2.00103 1.84442 2.15765
90.8128 2.02062 1.86591 2.17533
92.1643 2.0402 1.88735 2.19305
93.5157 2.05978 1.90876 2.2108
94.8671 2.07936 1.93012 2.2286
96.2185 2.09894 1.95144 2.24645
97.5699 2.11853 1.97272 2.26433
98.9213 2.13811 1.99395 2.28227
100.273 2.15769 2.01513 2.30025
101.624 2.17727 2.03627 2.31828
102.976 2.19685 2.05735 2.33636
104.327 2.21644 2.07838 2.35449
105.678 2.23602 2.09936 2.37267
107.03 2.2556 2.12029 2.39091
108.381 2.27518 2.14115 2.40921
109.733 2.29476 2.16196 2.42757
111.084 2.31435 2.1827 2.44599
112.435 2.33393 2.20339 2.46447
113.787 2.35351 2.22401 2.48301
115.138 2.37309 2.24456 2.50162
116.49 2.39267 2.26505 2.5203
117.841 2.41226 2.28547 2.53904
119.192 2.43184 2.30582 2.55785
120.544 2.45142 2.3261 2.57674
121.895 2.471 2.34631 2.5957
123.247 2.49058 2.36644 2.61473
124.598 2.51017 2.3865 2.63383
125.949 2.52975 2.40649 2.65301
127.301 2.54933 2.4264 2.67226
128.652 2.56891 2.44623 2.69159
130.004 2.58849 2.46599 2.711
131.355 2.60808 2.48567 2.73048
132.706 2.62766 2.50527 2.75005
134.058 2.64724 2.52479 2.76969
135.409 2.66682 2.54424 2.7894
136.761 2.6864 2.56361 2.8092
138.112 2.70599 2.58291 2.82906
139.464 2.72557 2.60212 2.84901
140.815 2.74515 2.62127 2.86903
142.166 2.76473 2.64033 2.88913
143.518 2.78431 2.65933 2.9093
144.869 2.80389 2.67825 2.92954
146.221 2.82348 2.6971 2.94985
147.572 2.84306 2.71588 2.97024
148.923 2.86264 2.73459 2.99069
150.275 2.88222 2.75324 3.01121
151.626 2.9018 2.77181 3.0318
152.978 2.92139 2.79033 3.05245
154.329 2.94097 2.80878 3.07316
155.68 2.96055 2.82716 3.09394
157.032 2.98013 2.84549 3.11477
158.383 2.99971 2.86376 3.13566
159.735 3.0193 2.88198 3.15661
161.086 3.03888 2.90014 3.17762
162.437 3.05846 2.91824 3.19868
163.789 3.07804 2.9363 3.21978
165.14 3.09762 2.95431 3.24094
166.492 3.11721 2.97226 3.26215
167.843 3.13679 2.99017 3.2834
169.194 3.15637 3.00804 3.3047
170.546 3.17595 3.02586 3.32604
171.897 3.19553 3.04364 3.34743
173.249 3.21512 3.06138 3.36885
174.6 3.2347 3.07908 3.39031
175.951 3.25428 3.09674 3.41181
177.303 3.27386 3.11437 3.43335
178.654 3.29344 3.13196 3.45492
180.006 3.31303 3.14952 3.47653
181.357 3.33261 3.16705 3.49817
182.709 3.35219 3.18454 3.51984
184.06 3.37177 3.20201 3.54154
185.411 3.39135 3.21944 3.56326
186.763 3.41094 3.23685 3.58502
188.114 3.43052 3.25423 3.6068
189.466 3.4501 3.27159 3.62861
190.817 3.46968 3.28892 3.65045
192.168 3.48926 3.30622 3.6723
193.52 3.50884 3.3235 3.69419
194.871 3.52843 3.34076 3.71609
196.223 3.54801 3.358 3.73801
197.574 3.56759 3.37522 3.75996
198.925 3.58717 3.39242 3.78193
200.277 3.60675 3.4096 3.80391
201.628 3.62634 3.42676 3.82591
202.98 3.64592 3.4439 3.84793
204.331 3.6655 3.46103 3.86997
205.682 3.68508 3.47814 3.89203
207.034 3.70466 3.49523 3.9141
208.385 3.72425 3.51231 3.93618
209.737 3.74383 3.52937 3.95829
211.088 3.76341 3.54642 3.9804
212.439 3.78299 3.56345 4.00253
213.791 3.80257 3.58048 4.02467
215.142 3.82216 3.59748 4.04683
216.494 3.84174 3.61448 4.069
217.845 3.86132 3.63146 4.09118
219.197 3.8809 3.64843 4.11337
220.548 3.90048 3.6654 4.13557
221.899 3.92007 3.68234 4.15779
223.251 3.93965 3.69928 4.18001
224.602 3.95923 3.71621 4.20225
225.954 3.97881 3.73313 4.22449
227.305 3.99839 3.75004 4.24675
228.656 4.01798 3.76694 4.26901
230.008 4.03756 3.78383 4.29128
231.359 4.05714 3.80072 4.31356
232.711 4.07672 3.81759 4.33585
234.062 4.0963 3.83446 4.35815
235.413 4.11589 3.85131 4.38046
236.765 4.13547 3.86816 4.40277
238.116 4.15505 3.88501 4.42509
239.468 4.17463 3.90184 4.44742
240.819 4.19421 3.91867 4.46975
242.17 4.21379 3.93549 4.4921
243.522 4.23338 3.95231 4.51444
244.873 4.25296 3.96912 4.5368
246.225 4.27254 3.98592 4.55916
247.576 4.29212 4.00272 4.58153
248.927 4.3117 4.01951 4.6039
250.279 4.33129 4.0363 4.62628
251.63 4.35087 4.05308 4.64866
252.982 4.37045 4.06985 4.67105
254.333 4.39003 4.08662 4.69345
255.685 4.40961 4.10338 4.71585
257.036 4.4292 4.12014 4.73825
258.387 4.44878 4.1369 4.76066
259.739 4.46836 4.15365 4.78307
261.09 4.48794 4.17039 4.80549
262.442 4.50752 4.18713 4.82792
263.793 4.52711 4.20387 4.85034
265.144 4.54669 4.2206 4.87277
266.496 4.56627 4.23733 4.89521
267.847 4.58585 4.25405 4.91765
269.199 4.60543 4.27077 4.94009
270.55 4.62502 4.28749 4.96254
271.901 4.6446 4.3042 4.98499
273.253 4.66418 4.32091 5.00745
274.604 4.68376 4.33762 5.0299
275.956 4.70334 4.35432 5.05237
