# Data from DA_130201_E2.h5 stim 2
# Ratiometric estimator
# Ratiometric estimator:
#    Time    Ca (est)    Ca (se)
 2350.015 0.0404961243 0.00243018947
 2350.115 0.043427331 0.00246797059
 2350.215 0.0353960442 0.00234887181
 2350.315 0.0407026174 0.00245672923
 2350.415 0.0437650652 0.00248292989
 2350.515 0.0420148419 0.00244038185
 2350.615 0.0413949919 0.00241430559
 2350.715 0.0370180224 0.00235185368
 2350.815 0.0425277634 0.00247692825
 2350.915 0.0395232767 0.00240106797
 2351.015 0.0444766103 0.00250691178
 2351.115 0.0424826995 0.00245548536
 2351.215 0.0379357226 0.00237914115
 2351.315 0.0434822086 0.00245945524
 2351.415 0.037770251 0.00237745832
 2351.515 0.0464601357 0.00256769192
 2351.615 0.0615915767 0.00281079392
 2351.715 0.0831234292 0.00324046436
 2351.815 0.102118557 0.00373096068
 2351.915 0.106940881 0.00374485934
 2352.015 0.139072037 0.00456371832
 2352.115 0.121437699 0.00419602941
 2352.215 0.121032613 0.00410584929
 2352.315 0.11337986 0.00396460821
 2352.415 0.111292342 0.00391234588
 2352.515 0.0989154573 0.00363585354
 2352.615 0.0986878691 0.00368238831
 2352.715 0.102864675 0.00366626996
 2352.815 0.0890425946 0.00340476872
 2352.915 0.0915579183 0.00342171795
 2353.015 0.090799375 0.00342864591
 2353.115 0.0831236215 0.00325796699
 2353.215 0.0914014233 0.00339985722
 2353.315 0.0835789123 0.00327987796
 2353.415 0.08094452 0.00326852908
 2353.515 0.0762283241 0.00306383573
 2353.615 0.0767890814 0.00313026322
 2353.715 0.0726995237 0.00302093186
 2353.815 0.0746296289 0.00310635192
 2353.915 0.0722860098 0.00305494525
 2354.015 0.0688473031 0.00296825024
 2354.115 0.0681109034 0.00295382048
 2354.215 0.0673612382 0.00294972917
 2354.315 0.0651267737 0.00289620448
 2354.415 0.0625912112 0.00284857324
 2354.515 0.0699244524 0.00297205254
 2354.615 0.0634863675 0.00285992076
 2354.715 0.0615969458 0.00275887236
 2354.815 0.0596637458 0.00275408296
 2354.915 0.0583727037 0.00272851744
 2355.015 0.0602838337 0.00280405263
 2355.115 0.0562690807 0.00270717237
 2355.215 0.0560730766 0.00271160231
 2355.315 0.0568926709 0.00267489783
 2355.415 0.0561690181 0.00272883353
 2355.515 0.057465924 0.00270362505
 2355.615 0.0540359255 0.00267581016
 2355.715 0.0585033214 0.00273464475
 2355.815 0.0532375037 0.00262881458
 2355.915 0.0519941419 0.00265837546
 2356.015 0.0554950444 0.00267644038
 2356.115 0.04949745 0.00255151446
 2356.215 0.0517264715 0.00264027721
 2356.315 0.0487579825 0.00257169665
 2356.415 0.0482116839 0.0025316566
 2356.515 0.0491472537 0.00257840744
 2356.615 0.0456329954 0.00250580064
 2356.715 0.0543392376 0.00261171053
 2356.815 0.048758182 0.00253691778
 2356.915 0.0455283555 0.00250286975
 2357.015 0.0466315075 0.00253544087
 2357.115 0.04674029 0.00254236817
 2357.215 0.0434600057 0.00247740561
 2357.315 0.0456134235 0.00253323855
 2357.415 0.0473698103 0.00257426577
 2357.515 0.048516749 0.00251919749
 2357.615 0.0481535652 0.00254829056
 2357.715 0.0463120961 0.00251825316
 2357.815 0.0483745551 0.0025498164
 2357.915 0.0493529408 0.00258573828
 2358.015 0.044653727 0.00248741052
 2358.115 0.0488495748 0.00256791796
 2358.215 0.0422984254 0.00244977161
 2358.315 0.0453947174 0.00250127827
 2358.415 0.0456702091 0.00247982573
 2358.515 0.0426073972 0.0024812792
 2358.615 0.0419555125 0.00242582471
 2358.715 0.0451007177 0.00248517153
 2358.815 0.048398606 0.00255479644
 2358.915 0.0446638117 0.0024943812
 2359.015 0.0436050793 0.00244659298
 2359.115 0.0428124147 0.0024203052
 2359.215 0.0453505255 0.00251516493
 2359.315 0.0427292044 0.00242499954
 2359.415 0.043835441 0.00241650601
 2359.515 0.0435012448 0.00247036506
 2359.615 0.0403731814 0.00240042099
 2359.715 0.0443953823 0.00247062068
 2359.815 0.0472269074 0.00253456788
 2359.915 0.0451523812 0.0024553207
 2360.015 0.0386174919 0.00235723108
 2360.115 0.0412411253 0.00239060661
 2360.215 0.0433881785 0.00241949995
 2360.315 0.0441280335 0.0024213851
 2360.415 0.0412608416 0.00241585904
 2360.515 0.0423574016 0.00242067327
 2360.615 0.0452844804 0.00249470263
 2360.715 0.0429327525 0.00244151869
 2360.815 0.0403992622 0.00236821164
 2360.915 0.0453847908 0.00251588162
 2361.015 0.0425273004 0.00244062672
 2361.115 0.0437068747 0.00240393509
 2361.215 0.0444077447 0.00252295022
 2361.315 0.0393278558 0.00235497733
 2361.415 0.0437324955 0.00244972047
 2361.515 0.0404723059 0.00236753272
 2361.615 0.041210937 0.00241906418
 2361.715 0.0368028464 0.00233583153
 2361.815 0.0414023707 0.00240255911
 2361.915 0.0440351724 0.00244496785
 2362.015 0.0433845558 0.00240707306
 2362.115 0.0451448291 0.00247692169
 2362.215 0.0396889534 0.00239900425
 2362.315 0.0420127375 0.00238132462
 2362.415 0.0378264166 0.00231368576
 2362.515 0.0439910834 0.00243716847
 2362.615 0.0405572754 0.00240865778
 2362.715 0.0373797114 0.00232718261
 2362.815 0.0429811096 0.00242624951
 2362.915 0.0406093412 0.00235812118
 2363.015 0.0412836827 0.00244158592
 2363.115 0.0430940827 0.00238757917
 2363.215 0.0401963425 0.00236556943
 2363.315 0.0409587922 0.00240528609
 2363.415 0.0411399819 0.00242817181
 2363.515 0.0360703393 0.00232331103
 2363.615 0.0432206225 0.0024060337
 2363.715 0.0451082553 0.00241740395
 2363.815 0.0360265262 0.00229927963
 2363.915 0.0408459313 0.0023755806
 2364.015 0.0372938051 0.00231641446
 2364.115 0.0401696227 0.00236582937
 2364.215 0.0404847363 0.00236655387
 2364.315 0.0450816233 0.00241553106
 2364.415 0.0431270771 0.002414226
 2364.515 0.0364263035 0.00232430452
 2364.615 0.0426601093 0.00242621299
 2364.715 0.0436005056 0.00241286652
 2364.815 0.0396914088 0.00233582591
 2364.915 0.0359393839 0.00235494817
 2365.015 0.0433999779 0.00242212025
 2365.115 0.0385904461 0.00231252824
 2365.215 0.0388248821 0.00230742235
 2365.315 0.043444984 0.00241104844
 2365.415 0.0453325779 0.00244843619
 2365.515 0.0391745897 0.00229227507
 2365.615 0.037018453 0.00230031465
 2365.715 0.0401826208 0.00237081579
 2365.815 0.0478055105 0.00251176877
 2365.915 0.044194955 0.00240770231
 2366.015 0.03884284 0.00237224068
 2366.115 0.0390274787 0.00231233103
 2366.215 0.0388368619 0.00232882564
 2366.315 0.0429374761 0.00240792912
 2366.415 0.0382723391 0.00230681552
 2366.515 0.0410364658 0.00238171378
 2366.615 0.0374084721 0.0023154117
 2366.715 0.0397862445 0.00237178404
 2366.815 0.0390787196 0.00237512624
 2366.915 0.0412892114 0.00236223034
 2367.015 0.0379790818 0.00231041466
 2367.115 0.0402823587 0.00237567594
 2367.215 0.0362245834 0.00229449176
 2367.315 0.0375188272 0.00230727294
 2367.415 0.0416483127 0.0023786501
 2367.515 0.0420492296 0.00235605819
 2367.615 0.0399388728 0.00234042512
 2367.715 0.0380526944 0.00230974162
 2367.815 0.0399758563 0.00235480838
 2367.915 0.0411612738 0.00238408302
 2368.015 0.0423098092 0.00238168978
 2368.115 0.0408545895 0.00233882956
 2368.215 0.0373060267 0.00230052539
 2368.315 0.0381012603 0.00233913622
 2368.415 0.0395377728 0.00235138631
 2368.515 0.0416964797 0.00234142363
 2368.615 0.0395915331 0.00231838475
 2368.715 0.0412614583 0.00234332356
 2368.815 0.0382919071 0.00231537364
 2368.915 0.0415749727 0.00235980409
 2369.015 0.0437565611 0.00241091318
 2369.115 0.0370691081 0.00230235948
 2369.215 0.0389109852 0.00232339433
 2369.315 0.0419519133 0.00240313168
 2369.415 0.037371905 0.00229340807
 2369.515 0.0385781601 0.00231453691
 2369.615 0.0422139032 0.0023845817
 2369.715 0.0383240985 0.00229219234
 2369.815 0.038303991 0.00233033842
 2369.915 0.0395903355 0.00232738371


