# Cellular [Fura] for dataset DA_130201_E2.h5

# Loading curve with 210 elements
#    Time   AMPLITUDE
    0.021 1.77529572
   30.021 2.13644901
   60.021 2.06251998
   90.021 2.15393223
  120.021 2.42267423
  150.021 2.05153053
  180.021 1.92215473
  210.021 2.37372123
  240.021 2.30928309
  270.021 2.11696771
  300.021 1.89817775
  330.021 1.99558424
  360.021 2.21787084
  390.021 2.21487372
  420.021 1.83174153
  450.021 2.10048354
  480.021 2.09948449
  510.021 1.88918638
  540.021 2.60599824
  570.021 2.46013827
  600.021 1.93264466
  630.021 2.22886029
  660.021 2.35224185
  690.021 1.93714035
  720.021 1.70736093
  750.021 2.43716033
  780.021 2.26382673
  810.021 2.36722746
  840.021 1.9361413
  870.021 2.08799552
  900.021 2.37971547
  930.021 2.55554668
  960.021 2.58601742
  990.021 2.54205962
 1020.021 2.37322171
 1050.021 2.65245364
 1080.021 2.42966752
 1110.021 2.38620924
 1140.021 2.71439418
 1170.021 2.2608296
 1200.021 2.53606538
 1230.021 3.35128277
 1260.021 2.84626758
 1290.021 3.24388587
 1320.021 3.37276215
 1350.021 3.5376039
 1380.021 3.58355978
 1410.021 3.99916081
 1440.021 4.37230259
 1470.021 4.77441656
 1500.021 5.54417759
 1530.021 5.59762628
 1560.021 5.7984335
 1590.021 5.94529252
 1620.021 6.9018742
 1650.021 7.49180786
 1680.021 8.48435502
 1710.021 8.64270301
 1770.021 10.1987092
 1800.021 11.2232257
 1830.021 11.9155611
 1860.021 12.5304707
 1890.021 14.2473226
 1920.021 14.4006754
 1950.021 16.3932625
 2130.021 22.2466432
 2160.021 23.5069333
 2190.021 25.2008072
 2220.021 27.1319533
 2250.021 28.8258272
 2280.021 30.8413923
 2490.021 46.8974784
 2520.021 49.6178668
 2550.021 51.512548
 2580.021 55.6216033
 2730.021 66.0326087
 2760.021 68.1246004
 2790.021 69.2175512
 2820.021 72.4129835
 2850.021 74.2487212
 2880.021 75.2877238
 2910.021 78.0725504
 3060.021 86.9560222
 3090.021 88.1159087
 3120.021 90.7034247
 3150.021 91.382273
 3180.021 91.6665002
 3210.021 93.4637748
 3240.021 94.7515385
 3270.021 97.7251838
 3300.021 98.0618606
 3330.021 99.3800951
 3360.021 99.7492407
 3390.021 102.403193
 3420.021 104.865329
 3450.021 103.934723
 3480.021 106.503756
 3510.021 106.83294
 3540.021 107.102681
 3570.021 109.599285
 3600.021 112.115369
 3630.021 112.465533
 3660.021 115.127478
 3690.021 116.327825
 3720.021 116.606058
 3750.021 118.017203
 3780.021 119.453325
 3810.021 119.929368
 3840.021 120.397418
 3870.021 122.450947
 3900.021 124.353121
 3930.021 125.214294
 3960.021 126.292759
 3990.021 118.292939
 4020.021 117.480219
 4050.021 118.613131
 4080.021 119.528752
 4110.021 120.40591
 4140.021 120.769062
 4170.021 122.496903
 4200.021  124.4795
 4230.021 124.731758
 4260.021 124.95804
 4290.021 124.073889
 4320.021 125.334679
 4350.021 125.581941
 4380.021 126.366188
 4410.021 125.947091
 4440.021 124.834659
 4470.021 125.915621
 4500.021 126.117427
 4530.021 127.026555
 4560.021 126.528033
 4590.021 129.457721
 4620.021 130.946791
 4650.021 130.82241
 4680.021 131.323929
 4710.021 131.981797
 4740.021 132.017763
 4770.021 131.715553
 4800.021 132.162124
 4830.021 131.616148
 4860.021 131.972307
 4890.021 132.054727
 4920.021 131.198549
 4950.021 133.384451
 4980.021 134.391984
 5010.021 133.30253
 5040.021 136.83314
 5070.021 137.684323
 5100.021 139.82327
 5130.021 141.83334
 5160.021 143.027693
 5190.021 146.429428
 5220.021 147.294098
 5250.021 148.699249
 5280.021 152.024057
 5310.021 152.35424
 5340.021 152.070013
 5370.021 154.736953
 5400.021 155.082621
 5430.021 154.296875
 5460.021 155.295916
 5490.021 157.24954
 5520.021 160.295616
 5550.021 162.539962
 5580.021 164.700887
 5610.021 164.374201
 5640.021 164.117947
 5670.021 166.938239
 5700.021 168.476263
 5730.021 170.54128
 5760.021 169.502777
 5790.021 171.380475
 5820.021 171.422434
 5850.021 174.438039
 5880.021 176.706861
 5910.021 175.598925
 5940.021 180.09411
 5970.021 178.671975
 6000.021 180.769461
 6030.021 181.247003
 6060.021 182.633672
 6090.021 184.383991
 6120.021 183.774077
 6150.021 185.259151
 6180.021 186.09335
 6210.021 185.908528
 6240.021 187.220269
 6270.021 187.47902
 6300.021 188.599944
 6330.021 190.080523
 6360.021 191.94773
 6390.021 193.587156
 6420.021 193.318414
 6450.021 195.038263
 6480.021 194.148118
 6510.021 194.849445
 6540.021 194.990809
 6570.021 194.054208
 6600.021 194.429348
 6630.021 195.668658
 6660.021 195.300012
 6690.021 194.071691
 6720.021 198.649297
 6750.021       200
 6780.021 197.973445
 6810.021 198.756194
 6840.021 197.137248
 6870.021 199.075887


# Stim 1 with 200 elements
#    Time   AMPLITUDE
 2025.015 18.2095189
 2025.115 18.7420077
 2025.215 18.1196052
 2025.315 18.8643902
 2025.415 18.2095189
 2025.515 18.0826407
 2025.615 18.7045436
 2025.715 18.4028333
 2025.815 18.9053509
 2025.915 18.6925551
 2026.015 18.3368966
 2026.115 18.8613931
 2026.215 18.0581642
 2026.315 18.3084239
 2026.415 18.4213155
 2026.515 18.1915361
 2026.615 18.3633712
 2026.715 17.6255794
 2026.815 17.589614
 2026.915 16.9782009
 2027.015 17.8208919
 2027.115 17.4457521
 2027.215 17.504196
 2027.315 17.3408528
 2027.415 17.1630235
 2027.515 17.8069054
 2027.615 18.3319014
 2027.715 18.1535726
 2027.815 17.9727462
 2027.915 18.1295956
 2028.015 18.1605659
 2028.115 18.0396819
 2028.215 18.8034487
 2028.315 17.6160886
 2028.415 17.6525535
 2028.515 18.2799512
 2028.615 18.6151295
 2028.715 18.2304987
 2028.815 18.5446971
 2028.915 17.9982217
 2029.015 18.224005
 2029.115 18.4298074
 2029.215 18.1201047
 2029.315 17.8868286
 2029.415 19.1101543
 2029.515 17.882333
 2029.615 18.5372043
 2029.715 17.8133991
 2029.815 18.0481738
 2029.915 18.1935342
 2030.015 18.4153213
 2030.115 17.7879236
 2030.215 18.4482896
 2030.315 18.3144182
 2030.415 18.2719589
 2030.515 18.1221028
 2030.615 18.0616608
 2030.715 18.4003357
 2030.815 18.4797594
 2030.915 17.7464634
 2031.015 18.4343031
 2031.115 18.4407968
 2031.215  18.18754
 2031.315 18.4313059
 2031.415 18.1880395
 2031.515 18.7629875
 2031.615 18.1605659
 2031.715 18.3014306
 2031.815 18.065657
 2031.915 17.7569533
 2032.015 17.9922275
 2032.115 17.9442735
 2032.215 18.749001
 2032.315 18.188539
 2032.415 19.1216432
 2032.515 18.4168199
 2032.615 18.2075208
 2032.715 18.0741488
 2032.815 18.139586
 2032.915 18.3983376
 2033.015 18.2779532
 2033.115 18.4283088
 2033.215 18.9917679
 2033.315 18.2794517
 2033.415 18.3458879
 2033.515 18.4168199
 2033.615 18.8054468
 2033.715 18.1111133
 2033.815 18.4877518
 2033.915 18.7994525
 2034.015 18.4497882
 2034.115 18.7150336
 2034.215 18.0017184
 2034.315 18.370864
 2034.415 18.1990289
 2034.515 18.7689818
 2034.615 18.0851383
 2034.715 18.8539003
 2034.815 17.9512668
 2034.915 18.0436781
 2035.015 18.5407009
 2035.115 18.529212
 2035.215 18.445792
 2035.315 18.566676
 2035.415 18.6201247
 2035.515 18.5861573
 2035.615 18.652094
 2035.715 18.3698649
 2035.815 18.6485973
 2035.915 18.5382033
 2036.015 18.323909
 2036.115 18.311421
 2036.215 18.2949369
 2036.315 18.7175312
 2036.415 18.2594709
 2036.515 18.2764546
 2036.615 18.053169
 2036.715 18.5776654
 2036.815 18.5327086
 2036.915 17.9367807
 2037.015 18.7519981
 2037.115 18.2444853
 2037.215 17.7834279
 2037.315 18.6550911
 2037.415 19.3154572
 2037.515 19.3164562
 2037.615 18.3259071
 2037.715 18.627118
 2037.815 18.359375
 2037.915 18.5836597
 2038.015 18.5237172
 2038.115 18.0621603
 2038.215 19.1561101
 2038.315 18.9238331
 2038.415 17.981238
 2038.515 18.6720748
 2038.615 18.188539
 2038.715 18.3678668
 2038.815 18.4552829
 2038.915 18.7025456
 2039.015 18.8783768
 2039.115 19.1111533
 2039.215 19.5607217
 2039.315 18.7170316
 2039.415 18.5731698
 2039.515 18.1720548
 2039.615 18.7190297
 2039.715 19.0701926
 2039.815 18.7594909
 2039.915 18.566676
 2040.015 18.590653
 2040.115 18.5511909
 2040.215 19.079184
 2040.315 18.6545916
 2040.415 18.6615849
 2040.515 18.4158208
 2040.615 18.2544757
 2040.715 18.2299992
 2040.815 18.6970508
 2040.915 18.0112092
 2041.015 18.8568974
 2041.115 18.3778573
 2041.215  18.61463
 2041.315 18.0471747
 2041.415 18.7035446
 2041.515 18.5996443
 2041.615 18.5996443
 2041.715 18.2454843
 2041.815 18.7240249
 2041.915 18.6066376
 2042.015 18.8369166
 2042.115 18.4278093
 2042.215 18.700048
 2042.315 18.7939578
 2042.415 18.3134191
 2042.515 18.3199129
 2042.615 18.9283288
 2042.715 18.8988571
 2042.815 18.5721707
 2042.915 18.6555906
 2043.015 18.8504036
 2043.115 18.7954564
 2043.215 18.0521699
 2043.315 18.8683863
 2043.415 18.9952645
 2043.515 18.7150336
 2043.615 19.1915761
 2043.715 18.7634871
 2043.815 18.6371084
 2043.915 19.1236413
 2044.015 18.5956482
 2044.115 18.6191256
 2044.215 19.1666001
 2044.315 18.6950527
 2044.415 18.1290961
 2044.515 18.909347
 2044.615 18.7939578
 2044.715 18.2434863
 2044.815 18.1825448
 2044.915 18.7150336


# Stim 2 with 200 elements
#    Time   AMPLITUDE
 2350.015 35.9439938
 2350.115 35.4704484
 2350.215 35.9734655
 2350.315 36.0533887
 2350.415 36.1942535
 2350.515 36.3181346
 2350.615 36.0224185
 2350.715 37.1553309
 2350.815 35.7746563
 2350.915 36.2521979
 2351.015 35.6827446
 2351.115 36.5249361
 2351.215 36.8181546
 2351.315 36.339614
 2351.415 36.6408248
 2351.515 36.4849744
 2351.615 36.1567895
 2351.715 34.9509471
 2351.815 35.6742527
 2351.915 35.0748282
 2352.015 34.5198609
 2352.115 35.3220908
 2352.215 35.4449728
 2352.315 35.6912364
 2352.415 35.2331762
 2352.515 34.898997
 2352.615 35.1042999
 2352.715 35.1862212
 2352.815  35.22918
 2352.915 35.4984215
 2353.015 35.8430906
 2353.115 35.2381714
 2353.215 35.8066256
 2353.315 36.0773657
 2353.415 35.2591512
 2353.515 35.9140225
 2353.615 35.6512748
 2353.715 35.4594589
 2353.815 35.9904492
 2353.915 35.8311021
 2354.015 35.8545796
 2354.115 35.9180187
 2354.215 36.4674912
 2354.315 36.621843
 2354.415 35.8425911
 2354.515 36.4210358
 2354.615 35.997942
 2354.715 36.3820732
 2354.815 35.7951367
 2354.915 36.3336197
 2355.015 35.9340034
 2355.115 36.377078
 2355.215 36.1233216
 2355.315 36.2357137
 2355.415 36.2746763
 2355.515 36.9220548
 2355.615 36.4360214
 2355.715 36.5883752
 2355.815 36.1492967
 2355.915 36.1597866
 2356.015 35.8365969
 2356.115 35.7991328
 2356.215 36.3680866
 2356.315 35.7072211
 2356.415  36.21873
 2356.515 36.4869725
 2356.615 35.9025336
 2356.715 36.0873561
 2356.815 37.2012868
 2356.915 35.9454923
 2357.015 36.9195572
 2357.115 36.1453005
 2357.215 36.3925631
 2357.315 37.0089714
 2357.415 36.7252438
 2357.515 36.1148298
 2357.615 36.8760989
 2357.715 36.2841672
 2357.815 36.0199209
 2357.915 36.6168478
 2358.015 37.0639186
 2358.115 36.6797874
 2358.215 35.9654731
 2358.315 36.6263387
 2358.415 36.8286445
 2358.515 36.4889706
 2358.615 36.9620165
 2358.715 36.5948689
 2358.815 36.3286245
 2358.915 35.9479899
 2359.015 36.2526974
 2359.115 36.2901614
 2359.215 37.3201726
 2359.315 36.6987692
 2359.415 37.5549473
 2359.515 36.4694893
 2359.615 36.9829963
 2359.715  37.21877
 2359.815 36.633332
 2359.915 36.6987692
 2360.015 35.8835518
 2360.115 36.6488171
 2360.215 37.5814218
 2360.315 36.9240529
 2360.415  36.43752
 2360.515 36.6548114
 2360.615 36.4200368
 2360.715 35.8940417
 2360.815 36.9545237
 2360.915 36.9924872
 2361.015 36.462496
 2361.115 36.9854939
 2361.215 36.5643982
 2361.315 36.8361373
 2361.415 37.5699329
 2361.515 37.1368486
 2361.615 37.3606338
 2361.715 36.9300472
 2361.815  36.57289
 2361.915 37.2532369
 2362.015 36.5858776
 2362.115 36.6867807
 2362.215 36.6593071
 2362.315 37.0189618
 2362.415 36.7547155
 2362.515 36.8466272
 2362.615 36.620844
 2362.715 36.6538123
 2362.815 37.1783088
 2362.915 36.2487012
 2363.015 36.7247442
 2363.115 36.3935622
 2363.215 36.5439178
 2363.315 37.0159647
 2363.415 37.2032848
 2363.515 36.8251479
 2363.615 37.3891065
 2363.715 37.2582321
 2363.815 37.4215753
 2363.915 36.2836677
 2364.015 37.3776175
 2364.115 37.279212
 2364.215 37.1548314
 2364.315 36.9410366
 2364.415 37.2602302
 2364.515 37.1373481
 2364.615 37.330163
 2364.715 37.109375
 2364.815 37.2532369
 2364.915 37.1018822
 2365.015 36.9630155
 2365.115 37.0204604
 2365.215 37.0054747
 2365.315 37.0774057
 2365.415 36.840633
 2365.515 37.2192695
 2365.615 36.5204404
 2365.715 36.4355219
 2365.815 36.7117567
 2365.915 36.6877797
 2366.015 36.2826686
 2366.115 37.2577326
 2366.215 37.4315657
 2366.315 37.6393662
 2366.415 36.8860894
 2366.515 37.4150815
 2366.615 36.6183464
 2366.715 37.633372
 2366.815 37.2412484
 2366.915 37.2672235
 2367.015  36.79168
 2367.115 37.7132952
 2367.215 37.0953884
 2367.315 37.1163683
 2367.415 36.9545237
 2367.515 37.4210758
 2367.615 36.962516
 2367.715 37.036445
 2367.815 37.0019781
 2367.915 37.2941976
 2368.015 37.232257
 2368.115 37.5219789
 2368.215 37.1987892
 2368.315 37.3965993
 2368.415 37.133352
 2368.515 37.9560622
 2368.615 36.804168
 2368.715 37.6578485
 2368.815 36.6867807
 2368.915 37.7647458
 2369.015 37.1273577
 2369.115 37.4180786
 2369.215 36.8900855
 2369.315 37.1927949
 2369.415 37.6518542
 2369.515 37.3571371
 2369.615 37.780231
 2369.715 38.7288203
 2369.815 37.1828045
 2369.915 37.7202885


# Stim 3 with 200 elements
#    Time   AMPLITUDE
 2670.015 62.1013827
 2670.115 60.9290082
 2670.215 61.8596148
 2670.315 61.3595948
 2670.415 61.2102382
 2670.515 61.3705842
 2670.615 60.1587476
 2670.715 61.3086437
 2670.815 62.1843031
 2670.915 61.9055707
 2671.015 62.1478381
 2671.115 61.1882593
 2671.215 61.2941576
 2671.315 61.2472027
 2671.415 61.4265305
 2671.515 61.205243
 2671.615 60.167739
 2671.715 60.8026295
 2671.815 59.9379596
 2671.915 59.5108696
 2672.015 60.877058
 2672.115 60.3715433
 2672.215 59.986413
 2672.315 59.7091792
 2672.415 59.1397259
 2672.515 60.2811301
 2672.615 60.3665481
 2672.715 59.4294477
 2672.815 60.5069134
 2672.915 60.2186901
 2673.015 60.191716
 2673.115 60.3390745
 2673.215 60.2431666
 2673.315 60.3130994
 2673.415 60.070832
 2673.515 60.1542519
 2673.615 60.1472586
 2673.715 60.6902374
 2673.815 60.5453764
 2673.915 60.4474704
 2674.015 60.8081242
 2674.115 60.644781
 2674.215 60.0168838
 2674.315 60.4719469
 2674.415 61.1118326
 2674.515 61.6358296
 2674.615 60.6947331
 2674.715 60.3290841
 2674.815 61.1962516
 2674.915 61.3086437
 2675.015 61.3965593
 2675.115 60.3590553
 2675.215 61.2596907
 2675.315 60.7351942
 2675.415 60.8640705
 2675.515 60.8725623
 2675.615 60.7591712
 2675.715 61.8840913
 2675.815 60.6612652
 2675.915 61.3076447
 2676.015 61.5534087
 2676.115 61.1088355
 2676.215 61.5943694
 2676.315 61.2701806
 2676.415 61.1203245
 2676.515 61.6423234
 2676.615 60.962476
 2676.715 60.8830523
 2676.815 60.2911205
 2676.915 60.7401894
 2677.015 60.7486813
 2677.115 61.5409207
 2677.215 61.5284327
 2677.315 60.5463755
 2677.415 61.3371164
 2677.515 61.1667799
 2677.615 61.6223426
 2677.715 61.1982497
 2677.815 61.4345229
 2677.915 61.841632
 2678.015 61.3241288
 2678.115 61.4505075
 2678.215 61.719749
 2678.315 61.2961557
 2678.415 61.4724864
 2678.515 60.8206122
 2678.615 61.5314298
 2678.715 60.7012268
 2678.815 61.4045516
 2678.915 61.401055
 2679.015 61.487472
 2679.115 61.4295277
 2679.215 61.3850703
 2679.315 61.3246284
 2679.415 61.6028613
 2679.515 61.9550232
 2679.615 61.9195572
 2679.715 61.0743686
 2679.815 61.7851862
 2679.915 61.2581921
 2680.015 61.5868766
 2680.115 61.2866648
 2680.215 62.2102781
 2680.315 61.3995564
 2680.415 60.8116208
 2680.515 62.2567335
 2680.615 61.7247442
 2680.715 61.8171555
 2680.815 62.2632273
 2680.915 61.3980579
 2681.015 61.2526974
 2681.115 62.0988851
 2681.215 62.1063779
 2681.315 61.3605938
 2681.415 61.3261269
 2681.515 62.2222666
 2681.615  61.93754
 2681.715 61.7012668
 2681.815 61.2142343
 2681.915 61.8775975
 2682.015 61.9939858
 2682.115 61.2746763
 2682.215 60.8445892
 2682.315 61.8331402
 2682.415 61.474984
 2682.515 62.6968111
 2682.615 61.9954843
 2682.715 62.9250919
 2682.815 61.9600184
 2682.915 61.1462996
 2683.015 61.4629955
 2683.115 62.2367527
 2683.215 61.9889906
 2683.315 61.5534087
 2683.415 61.474984
 2683.515 61.8975783
 2683.615 61.8820932
 2683.715 61.9834958
 2683.815 61.7387308
 2683.915 61.9080683
 2684.015 61.7292399
 2684.115 62.3276654
 2684.215 61.9525256
 2684.315 62.2392503
 2684.415 61.9615169
 2684.515 61.9160606
 2684.615 62.3431506
 2684.715 62.7587516
 2684.815 61.914562
 2684.915 62.1818055
 2685.015 62.596907
 2685.115 62.2822091
 2685.215 62.3975983
 2685.315 61.4550032
 2685.415 62.048933
 2685.515 61.9924872
 2685.615 61.571891
 2685.715 62.7532569
 2685.815 62.6913163
 2685.915 61.1063379
 2686.015 61.9195572
 2686.115 61.8126598
 2686.215 62.022958
 2686.315 61.5164442
 2686.415 61.9100663
 2686.515 62.3611333
 2686.615 61.4754835
 2686.715 62.060422
 2686.815 63.0254955
 2686.915 61.9944853
 2687.015 61.3251279
 2687.115 62.1248601
 2687.215 61.3141384
 2687.315 62.4800192
 2687.415 62.7147938
 2687.515 62.6618446
 2687.615 63.1129116
 2687.715 62.5524496
 2687.815 62.5634391
 2687.915 62.1358496
 2688.015 61.4649936
 2688.115 62.3861093
 2688.215 62.242747
 2688.315 61.7057625
 2688.415 62.0544277
 2688.515 62.6453605
 2688.615 61.9590193
 2688.715 61.7212476
 2688.815 62.1113731
 2688.915 62.3466472
 2689.015 62.3701247
 2689.115 62.9480699
 2689.215 62.6663403
 2689.315 62.0938899
 2689.415 62.5509511
 2689.515 62.7452645
 2689.615 61.7786925
 2689.715 62.4215753
 2689.815 61.7642064
 2689.915 61.6553109


# Stim 4 with 200 elements
#    Time   AMPLITUDE
 2985.015 82.1611253
 2985.115 81.6091552
 2985.215 82.1651215
 2985.315 82.4658328
 2985.415 83.3574768
 2985.515 82.2790121
 2985.615 83.2650655
 2985.715 81.4997602
 2985.815 82.5337676
 2985.915 81.763507
 2986.015 82.4873122
 2986.115 83.5288123
 2986.215 83.5043358
 2986.315 82.7016065
 2986.415 81.9817975
 2986.515 82.9873322
 2986.615 82.409387
 2986.715 80.7225064
 2986.815 82.042739
 2986.915 81.1925551
 2987.015 80.6595668
 2987.115 80.8433903
 2987.215 80.2234855
 2987.315 81.1141304
 2987.415 81.0002398
 2987.515 80.7549752
 2987.615 80.9253117
 2987.715 80.3178948
 2987.815 81.4657928
 2987.915 80.0021979
 2988.015 80.456262
 2988.115 80.5226982
 2988.215 81.1416041
 2988.315 81.043698
 2988.415 80.9977422
 2988.515 81.2355139
 2988.615 80.2089994
 2988.715 80.736493
 2988.815 81.4173394
 2988.915 81.8299433
 2989.015 81.0067335
 2989.115 80.4862332
 2989.215 81.0856578
 2989.315 80.6780491
 2989.415 81.3793758
 2989.515 81.3014506
 2989.615 81.3553988
 2989.715 81.6006634
 2989.815 80.6375879
 2989.915 80.7100184
 2990.015 81.3903652
 2990.115 80.7929388
 2990.215 81.9952845
 2990.315 82.6421635
 2990.415 82.0542279
 2990.515 81.3394142
 2990.615 80.945792
 2990.715 81.3204324
 2990.815 81.2724784
 2990.915 81.4133432
 2991.015 81.396859
 2991.115 82.5407609
 2991.215 81.3583959
 2991.315 82.0617207
 2991.415 81.8004715
 2991.515 80.8693654
 2991.615 81.6955723
 2991.715 82.0527294
 2991.815 80.9278093
 2991.915 82.0382433
 2992.015 82.0352462
 2992.115 82.4148817
 2992.215 81.6975703
 2992.315 81.9977821
 2992.415 81.8484255
 2992.515 82.251039
 2992.615 80.9442935
 2992.715 82.691616
 2992.815 82.2130754
 2992.915 81.8694054
 2993.015 81.6765905
 2993.115 81.7705003
 2993.215 81.9563219
 2993.315 81.9877917
 2993.415 81.6551111
 2993.515 82.0647179
 2993.615 81.4862732
 2993.715 81.518742
 2993.815 82.6651415
 2993.915 82.9358816
 2994.015 82.2600304
 2994.115 81.6820852
 2994.215 81.4797794
 2994.315 82.1561301
 2994.415 82.0532289
 2994.515 82.3894062
 2994.615 82.3259671
 2994.715 82.3329604
 2994.815 81.9538243
 2994.915 82.2040841
 2995.015 82.6196851
 2995.115 81.8584159
 2995.215 81.9847946
 2995.315 81.9273497
 2995.415 82.8329803
 2995.515 82.1241608
 2995.615 82.5067935
 2995.715 82.3404532
 2995.815 83.0987252
 2995.915 82.567735
 2996.015 82.2820093
 2996.115 82.0317495
 2996.215 82.1346507
 2996.315 82.3519421
 2996.415 82.2355539
 2996.515 82.8564578
 2996.615 82.922894
 2996.715 82.7470628
 2996.815 82.5347666
 2996.915 81.9857936
 2997.015 82.1816057
 2997.115 82.8474664
 2997.215 82.3059863
 2997.315 82.689618
 2997.415 82.0447371
 2997.515 82.153133
 2997.615 82.3334599
 2997.715 82.5117887
 2997.815 82.1171675
 2997.915 82.2615289
 2998.015 81.8798953
 2998.115 82.4033927
 2998.215 81.9598186
 2998.315 82.971847
 2998.415 82.4213755
 2998.515 83.0657569
 2998.615 82.4418558
 2998.715 82.1351503
 2998.815 82.1081762
 2998.915 82.3569373
 2999.015 82.8789362
 2999.115 81.8049672
 2999.215 82.6806266
 2999.315 82.4483496
 2999.415 82.6956122
 2999.515 82.5792239
 2999.615 81.5701926
 2999.715 82.6826247
 2999.815 82.6141904
 2999.915 81.714554
 3000.015 82.689618
 3000.115 82.4183784
 3000.215 82.4903093
 3000.315 82.7185902
 3000.415 82.5052949
 3000.515 82.5487532
 3000.615 82.8909247
 3000.715 81.9872922
 3000.815 81.3319214
 3000.915 82.3039882
 3001.015 82.5302709
 3001.115 82.4518462
 3001.215 83.2310981
 3001.315 82.4893103
 3001.415 82.3839114
 3001.515 82.6571491
 3001.615 81.4108456
 3001.715 82.5882153
 3001.815 82.1276574
 3001.915 82.1181666
 3002.015 82.6826247
 3002.115 82.2580323
 3002.215 82.6821252
 3002.315 81.445812
 3002.415 82.6516544
 3002.515 81.9408368
 3002.615 81.6061581
 3002.715 83.1986293
 3002.815 82.2295596
 3002.915 82.5717311
 3003.015 82.3194733
 3003.115 81.6636029
 3003.215 82.9193974
 3003.315 82.3449488
 3003.415 82.152134
 3003.515 83.0587636
 3003.615 82.079204
 3003.715 82.5787244
 3003.815 82.1096747
 3003.915 81.4308264
 3004.015 82.5397618
 3004.115 82.4838155
 3004.215 82.3149776
 3004.315 81.5182425
 3004.415 82.1066776
 3004.515 83.386449
 3004.615 82.2200687
 3004.715 82.2550352
 3004.815 81.8244485
 3004.915 81.5042559


