# Data from DA_130201_E2.h5 stim 1
# Ratiometric estimator
# Ratiometric estimator:
#    Time    Ca (est)    Ca (se)
 2025.015 0.0532409645 0.00470966464
 2025.115 0.0484014211 0.0045670468
 2025.215 0.0453177492 0.00448052173
 2025.315 0.0550532667 0.00476275078
 2025.415 0.0469254405 0.00458289036
 2025.515 0.04627812 0.00443421397
 2025.615 0.0430386322 0.0042556844
 2025.715 0.0579420382 0.00480772105
 2025.815 0.0526018168 0.00452849591
 2025.915 0.044949882 0.00446320999
 2026.015 0.0471668647 0.00458180426
 2026.115 0.046629025 0.004533535
 2026.215 0.0496471492 0.00453157056
 2026.315 0.0564208014 0.00469959034
 2026.415 0.0468143263 0.00444923036
 2026.515 0.0626121535 0.00507105398
 2026.615 0.102911846 0.00641088118
 2026.715 0.135175337 0.00747176169
 2026.815 0.149174646 0.008524307
 2026.915 0.186046957 0.010053684
 2027.015 0.186862919 0.0103241642
 2027.115 0.152048054 0.00867180464
 2027.215 0.168182007 0.00930058856
 2027.315 0.170388431 0.00913230418
 2027.415 0.139541349 0.00790837106
 2027.515 0.145576496 0.00808997196
 2027.615 0.121905667 0.00728934971
 2027.715 0.127491094 0.0075679136
 2027.815 0.122972259 0.0072009892
 2027.915 0.113257766 0.00677806052
 2028.015 0.0979831047 0.00635334992
 2028.115 0.0992340845 0.00621649677
 2028.215 0.0975865429 0.00616862911
 2028.315 0.0944649206 0.00612341565
 2028.415 0.0977872226 0.00625795302
 2028.515 0.0877844474 0.00584597245
 2028.615 0.0915435316 0.00605895777
 2028.715 0.0855387201 0.0057278521
 2028.815 0.078788639 0.00556282792
 2028.915 0.0843282016 0.00578930477
 2029.015 0.0797500974 0.00553121171
 2029.115 0.0728840071 0.00539362736
 2029.215 0.0760907503 0.005570327
 2029.315 0.0821430665 0.00554726235
 2029.415 0.0716325595 0.00539280802
 2029.515 0.0726914032 0.00540876411
 2029.615 0.0715929661 0.00531684775
 2029.715 0.0660601231 0.00509412376
 2029.815 0.0647866835 0.00509411825
 2029.915 0.0669952875 0.00513580547
 2030.015 0.0692077687 0.0051648867
 2030.115 0.0619289453 0.00492430016
 2030.215 0.0675102994 0.00501961401
 2030.315 0.0593117798 0.00490646206
 2030.415 0.0598216493 0.0048918983
 2030.515 0.0575300562 0.00477627699
 2030.615 0.0711968064 0.00520197644
 2030.715 0.0538684107 0.00472716387
 2030.815 0.0531190647 0.00469113424
 2030.915 0.0696631536 0.00518574288
 2031.015 0.0638942674 0.00502028644
 2031.115 0.065053408 0.00508530244
 2031.215 0.0705635821 0.00524992408
 2031.315 0.0617132229 0.00496402279
 2031.415 0.055662241 0.00460912878
 2031.515 0.0547789149 0.00462939624
 2031.615 0.0529748717 0.00464118271
 2031.715 0.0544174497 0.00471546656
 2031.815 0.0507702272 0.00459337505
 2031.915 0.0553419554 0.00474788913
 2032.015 0.0531008637 0.0046774031
 2032.115 0.0579884041 0.0047741318
 2032.215 0.0516890523 0.00457327111
 2032.315 0.0543752245 0.00467211571
 2032.415 0.0590379906 0.00483242594
 2032.515 0.0515035922 0.00446921606
 2032.615 0.06142631 0.00482339746
 2032.715 0.0594926038 0.00485288161
 2032.815 0.0575711101 0.00478842615
 2032.915 0.0568516585 0.00480939553
 2033.015 0.0514564656 0.00460278419
 2033.115 0.0409802677 0.00441491276
 2033.215 0.0547277053 0.00462384859
 2033.315 0.0467321831 0.00446735472
 2033.415 0.0475131029 0.00442950866
 2033.515 0.0532295088 0.00467046576
 2033.615 0.0538918787 0.00462639386
 2033.715 0.0565955957 0.00478607491
 2033.815 0.0458455992 0.00439729016
 2033.915 0.0425311975 0.00446426161
 2034.015 0.0451910533 0.00446761434
 2034.115 0.0513271546 0.00444477795
 2034.215 0.0570753164 0.00481409233
 2034.315 0.053303163 0.00456401816
 2034.415 0.049703458 0.00450466254
 2034.515 0.0520927072 0.00463911658
 2034.615 0.0535769839 0.00456776499
 2034.715 0.0523182184 0.0046098115
 2034.815 0.053241429 0.00457388112
 2034.915 0.0492752102 0.00453820287
 2035.015 0.0481044143 0.00440497604
 2035.115 0.043910347 0.00432995474
 2035.215 0.0495963368 0.00447419711
 2035.315 0.0483239226 0.00439894991
 2035.415 0.0457306085 0.0044134596
 2035.515 0.0461866013 0.00446436882
 2035.615 0.0435723123 0.00434359905
 2035.715 0.0452413603 0.00436471179
 2035.815 0.0422584945 0.00429371727
 2035.915 0.0539418295 0.00468294284
 2036.015 0.0496967393 0.00453777406
 2036.115 0.0517011383 0.0045177916
 2036.215 0.0496401588 0.00453369306
 2036.315 0.0459061508 0.00434056605
 2036.415 0.046458043 0.00445615186
 2036.515 0.0424535757 0.00425187977
 2036.615 0.049199638 0.00441248705
 2036.715 0.0507212521 0.00456263629
 2036.815 0.0452455884 0.00437722084
 2036.915 0.0501143937 0.00454346973
 2037.015 0.0547292296 0.00460929583
 2037.115 0.0416298843 0.0043225772
 2037.215 0.0520414682 0.00461662641
 2037.315 0.0533313483 0.00458942145
 2037.415 0.0434869098 0.00435055911
 2037.515 0.0496521239 0.00449047361
 2037.615 0.0522775291 0.00456208334
 2037.715 0.0462909275 0.00432827375
 2037.815 0.0447018678 0.00437219042
 2037.915 0.047565379 0.00436285468
 2038.015 0.0446964206 0.00445068549
 2038.115 0.0482957221 0.00430531386
 2038.215 0.0479109914 0.00450870831
 2038.315 0.0531600981 0.00465863888
 2038.415 0.039925232 0.0042460657
 2038.515 0.0436910942 0.0043345094
 2038.615 0.0474798818 0.00441819267
 2038.715 0.0453862349 0.0042826678
 2038.815 0.045231785 0.00430105639
 2038.915 0.0503756856 0.0044760035
 2039.015 0.0454646475 0.00433102412
 2039.115 0.0446890546 0.00429469936
 2039.215 0.041526572 0.0042170756
 2039.315 0.0451396114 0.00423596662
 2039.415 0.0450316015 0.00427068065
 2039.515 0.0464597651 0.00430536591
 2039.615 0.0401447322 0.00425549784
 2039.715 0.0408435976 0.00418049822
 2039.815 0.0435943792 0.00430818935
 2039.915 0.0490308902 0.00451618545
 2040.015 0.0477561929 0.00438781364
 2040.115 0.0458937418 0.00426402833
 2040.215 0.0453136913 0.00426621444
 2040.315 0.0411004881 0.00417731412
 2040.415 0.0488938513 0.00441054926
 2040.515 0.0500497071 0.00438763431
 2040.615 0.0485805924 0.00437194867
 2040.715 0.0441428662 0.00428941827
 2040.815 0.0364352556 0.00412207845
 2040.915 0.041784698 0.00422094405
 2041.015 0.0479330672 0.00449833453
 2041.115 0.0489921754 0.00433810175
 2041.215 0.0551838397 0.00442397391
 2041.315 0.0397792772 0.00432681534
 2041.415 0.0467020033 0.00440410773
 2041.515 0.0461470115 0.00438750802
 2041.615 0.0482336773 0.00442515417
 2041.715 0.046501958 0.0043676291
 2041.815 0.0435547594 0.00424600396
 2041.915 0.0466430442 0.00433158603
 2042.015 0.0477067044 0.00434044027
 2042.115 0.0453494178 0.00434421674
 2042.215 0.0425408409 0.00428611697
 2042.315 0.0462232341 0.00420905377
 2042.415 0.0514325652 0.00460565847
 2042.515 0.0417123024 0.00430633584
 2042.615 0.0468166175 0.00437918642
 2042.715 0.0478111603 0.00435126652
 2042.815 0.0393343011 0.0042411983
 2042.915 0.0489578474 0.00440191338
 2043.015 0.0541351905 0.00459995456
 2043.115 0.0500130816 0.00440550117
 2043.215 0.0419368319 0.00423326422
 2043.315 0.0445502499 0.00422749343
 2043.415 0.0474006621 0.00438478969
 2043.515 0.0421593623 0.00422557814
 2043.615 0.0418219881 0.0041771181
 2043.715 0.0448498846 0.00431637216
 2043.815 0.0483480578 0.0044007924
 2043.915 0.047106935 0.00435291952
 2044.015 0.0437895898 0.00429776922
 2044.115 0.0468393474 0.00433125151
 2044.215 0.0533727783 0.00452298013
 2044.315 0.0473189137 0.00440219615
 2044.415 0.0438810483 0.00423351911
 2044.515 0.0383650634 0.00410523395
 2044.615 0.0430093076 0.00426042548
 2044.715 0.0411763363 0.00416828525
 2044.815 0.0428201837 0.00423237439
 2044.915 0.0489111082 0.00439664104


