# Data from DA_130201_E2.h5 stim 4
# Ratiometric estimator mono-exponential fit
# Fitted model Ca = baseline+delta*exp(-(t-t0)/tau)
# nobs = 141
# number of degrees of freedom = 138
# baseline length = 7
# fit started from point 66
# estimated baseline 0.0414663 and standard error 0.000428811
# estimated delta 0.0237312 and standard error 0.000487081
# estimated tau 6.44018 and standard error 0.318427
# residual sum of squares: 136.085
# RSS per degree of freedom: 0.986125
# Probability of observing a larger of equal RSS per DOF under the null hypothesis: 0.530133

# rss per degree of freedom: 0.986125

# Time    Ca  Prediction  Residual
2985.01 0.0421927 0.0414663 0.548873
2985.11 0.0418223 0.0414663 0.268864
2985.21 0.0419706 0.0414663 0.380853
2985.31 0.041416 0.0414663 -0.0377082
2985.41 0.0408391 0.0414663 -0.478889
2985.51 0.0424326 0.0414663 0.731139
2985.61 0.0406002 0.0414663 -0.66806

2991.61 0.0641307 0.0651975 -0.683879
2991.71 0.0664615 0.0648319 1.03247
2991.81 0.0646659 0.0644718 0.125463
2991.91 0.0637138 0.0641174 -0.261971
2992.01 0.0631959 0.0637684 -0.366664
2992.11 0.0653012 0.0634248 1.19237
2992.21 0.0650805 0.0630864 1.26002
2992.31 0.0610981 0.0627533 -1.0767
2992.41 0.0632681 0.0624253 0.540028
2992.51 0.0617908 0.0621024 -0.205343
2992.61 0.0625334 0.0617845 0.488805
2992.71 0.0607228 0.0614714 -0.493865
2992.81 0.060158 0.0611632 -0.670678
2992.91 0.0588311 0.0608597 -1.3496
2993.01 0.0583038 0.0605609 -1.50502
2993.11 0.0612166 0.0602667 0.619742
2993.21 0.0617482 0.059977 1.15218
2993.31 0.0594068 0.0596918 -0.189257
2993.41 0.0601887 0.059411 0.518769
2993.51 0.0601565 0.0591345 0.67085
2993.61 0.0602125 0.0588623 0.890688
2993.71 0.0577451 0.0585943 -0.570862
2993.81 0.0592481 0.0583304 0.610448
2993.91 0.0584515 0.0580705 0.25374
2994.01 0.0560682 0.0578147 -1.1874
2994.11 0.0564245 0.0575628 -0.777887
2994.21 0.0574231 0.0573148 0.0727883
2994.31 0.0550512 0.0570706 -1.38268
2994.41 0.0593166 0.0568302 1.68357
2994.51 0.0561787 0.0565935 -0.280729
2994.61 0.0566439 0.0563604 0.195601
2994.71 0.057661 0.0561309 1.02064
2994.81 0.0535622 0.055905 -1.6242
2994.91 0.0554259 0.0556825 -0.176368
2995.01 0.0543007 0.0554635 -0.805433
2995.11 0.0528728 0.0552478 -1.67674
2995.21 0.0541263 0.0550354 -0.630469
2995.31 0.0554569 0.0548264 0.4365
2995.41 0.05423 0.0546205 -0.265101
2995.51 0.0528456 0.0544179 -1.09586
2995.61 0.0521778 0.0542183 -1.42049
2995.71 0.0559186 0.0540218 1.28628
2995.81 0.0534632 0.0538284 -0.254579
2995.91 0.056406 0.0536379 1.86912
2996.01 0.0549076 0.0534504 0.998106
2996.11 0.0553313 0.0532657 1.42111
2996.21 0.0538918 0.0530839 0.548882
2996.31 0.0519228 0.0529049 -0.690052
2996.41 0.0528452 0.0527287 0.08131
2996.51 0.0507448 0.0525552 -1.28878
2996.61 0.0535275 0.0523843 0.792418
2996.71 0.0536373 0.0522161 0.978707
2996.81 0.0530713 0.0520505 0.715373
2996.91 0.0516568 0.0518874 -0.162447
2997.01 0.0491963 0.0517268 -1.82255
2997.11 0.0512686 0.0515687 -0.209465
2997.21 0.0508982 0.0514131 -0.358827
2997.31 0.0519682 0.0512598 0.499928
2997.41 0.0531493 0.0511089 1.43278
2997.51 0.0523397 0.0509603 0.964437
2997.61 0.0529018 0.0508141 1.43622
2997.71 0.0513716 0.05067 0.496298
2997.81 0.0497182 0.0505282 -0.573512
2997.91 0.0479514 0.0503886 -1.78559
2998.01 0.050519 0.0502511 0.187209
2998.11 0.0486284 0.0501158 -1.08355
2998.21 0.0495609 0.0499825 -0.301096
2998.31 0.0508929 0.0498513 0.727051
2998.41 0.0501289 0.0497221 0.283168
2998.51 0.0522837 0.0495949 1.86731
2998.61 0.0488608 0.0494697 -0.438577
2998.71 0.0484411 0.0493463 -0.656319
2998.81 0.0515455 0.0492249 1.65325
2998.91 0.047535 0.0491054 -1.13452
2999.01 0.0470876 0.0489877 -1.38211
2999.11 0.0510158 0.0488718 1.52326
2999.21 0.0488828 0.0487577 0.0898539
2999.31 0.0486077 0.0486454 -0.0275641
2999.41 0.0503311 0.0485347 1.27354
2999.51 0.0493044 0.0484258 0.632476
2999.61 0.0482679 0.0483186 -0.0361773
2999.71 0.0462066 0.048213 -1.47932
2999.81 0.0482532 0.0481091 0.103275
2999.91 0.0482704 0.0480067 0.185977
3000.01 0.0492199 0.047906 0.936008
3000.11 0.0494768 0.0478067 1.1958
3000.21 0.0493052 0.047709 1.15797
3000.31 0.0479332 0.0476129 0.232569
3000.41 0.0471492 0.0475182 -0.269371
3000.51 0.0477021 0.0474249 0.204636
3000.61 0.0474931 0.0473331 0.115768
3000.71 0.0480082 0.0472427 0.55676
3000.81 0.0460266 0.0471537 -0.815715
3000.91 0.0451586 0.0470661 -1.40709
3001.01 0.0474245 0.0469798 0.317814
3001.11 0.0505119 0.0468948 2.59897
3001.21 0.0461485 0.0468112 -0.490586
3001.31 0.0460648 0.0467289 -0.487171
3001.41 0.0443103 0.0466478 -1.72943
3001.51 0.042798 0.0465679 -2.78773
3001.61 0.0459301 0.0464893 -0.408331
3001.71 0.0463347 0.0464119 -0.0563803
3001.81 0.0483299 0.0463357 1.43479
3001.91 0.046343 0.0462607 0.0598661
3002.01 0.0480684 0.0461868 1.35474
3002.11 0.0467632 0.0461141 0.472579
3002.21 0.0435316 0.0460425 -1.86961
3002.31 0.0448712 0.045972 -0.818587
3002.41 0.0445563 0.0459026 -0.986886
3002.51 0.046755 0.0458342 0.673881
3002.61 0.0479293 0.0457669 1.56384
3002.71 0.0452588 0.0457006 -0.323952
3002.81 0.0462565 0.0456354 0.452041
3002.91 0.0440119 0.0455712 -1.16272
3003.01 0.0458852 0.0455079 0.276562
3003.11 0.0468454 0.0454456 1.0272
3003.21 0.0467935 0.0453843 1.0281
3003.31 0.0440312 0.045324 -0.9421
3003.41 0.0437471 0.0452645 -1.12824
3003.51 0.0422217 0.045206 -2.24512
3003.61 0.0431832 0.0451484 -1.47008
3003.71 0.0461155 0.0450917 0.755704
3003.81 0.0478356 0.0450358 2.03986
3003.91 0.0446753 0.0449808 -0.228949
3004.01 0.0453369 0.0449266 0.299196
3004.11 0.0438843 0.0448733 -0.735914
3004.21 0.0452911 0.0448208 0.347132
3004.31 0.04361 0.0447691 -0.85201
3004.41 0.044542 0.0447183 -0.130372
3004.51 0.04427 0.0446682 -0.297904
3004.61 0.0450047 0.0446188 0.283695
3004.71 0.0441882 0.0445702 -0.28551
3004.81 0.0448004 0.0445224 0.206214
3004.91 0.0451521 0.0444753 0.495617
