# τ vs min κ linear regression for data set DA_130201_E2.h5
# Using stimulation: 1, 2, 3, 4
# Best fit: tau = 0.783142 + 0.0150057 kappa_Fura
# Covariance matrix:
# [ +2.48134e-02, -1.70579e-04  
#   -1.70579e-04, +1.39125e-06  ]
# Total sum of squares (TSS) = 222.734
# chisq (Residual sum of squares, RSS) = 60.886
# Probability of observing a larger of equal RSS per DOF under the null hypothesis: 6.00852e-14
# R squared (1-RSS/TSS) = 0.726643
# Estimated gamma/v with standard error: 66.6413 +/- 5.23828
# Estimates kappa_S with standard error (using error propagation): 51.1896 +/- 11.2706
# kappa_S confidence intervals based on parametric bootstrap
# 0.95 CI for kappa_S: [26.511,84.3102]
# 0.99 CI for kappa_S: [19.2192,97.4403]


# The data
# κ_Fura  τ   τ_SE
53.9234 2.15515 0.137694
112.534 2.20872 0.0834809
197.038 3.54538 0.140892
256.315 6.44018 0.318427


# The fitted data
# Preticted values with lower and upper bounds of 0.95 CI
# κ_Fura  τ   τ_lwr  τ_upr
-64.987 -0.192034 -0.642663 0.258595
-63.6505 -0.171979 -0.619635 0.275677
-62.314 -0.151925 -0.596609 0.29276
-60.9776 -0.13187 -0.573585 0.309845
-59.6411 -0.111815 -0.550563 0.326932
-58.3046 -0.0917606 -0.527542 0.34402
-56.9681 -0.0717059 -0.504522 0.361111
-55.6317 -0.0516512 -0.481505 0.378203
-54.2952 -0.0315965 -0.458489 0.395296
-52.9587 -0.0115418 -0.435476 0.412392
-51.6223 0.00851291 -0.412464 0.429489
-50.2858 0.0285676 -0.389454 0.446589
-48.9493 0.0486223 -0.366446 0.46369
-47.6129 0.068677 -0.34344 0.480794
-46.2764 0.0887317 -0.320436 0.497899
-44.9399 0.108786 -0.297434 0.515006
-43.6034 0.128841 -0.274434 0.532116
-42.267 0.148896 -0.251436 0.549228
-40.9305 0.16895 -0.228441 0.566342
-39.594 0.189005 -0.205448 0.583458
-38.2576 0.20906 -0.182457 0.600577
-36.9211 0.229115 -0.159469 0.617698
-35.5846 0.249169 -0.136483 0.634821
-34.2481 0.269224 -0.113499 0.651947
-32.9117 0.289279 -0.0905185 0.669076
-31.5752 0.309333 -0.0675402 0.686207
-30.2387 0.329388 -0.0445646 0.703341
-28.9023 0.349443 -0.0215917 0.720477
-27.5658 0.369497 0.00137837 0.737617
-26.2293 0.389552 0.0243456 0.754759
-24.8929 0.409607 0.0473099 0.771904
-23.5564 0.429662 0.0702711 0.789052
-22.2199 0.449716 0.0932293 0.806203
-20.8834 0.469771 0.116184 0.823358
-19.547 0.489826 0.139136 0.840515
-18.2105 0.50988 0.162085 0.857676
-16.874 0.529935 0.18503 0.87484
-15.5376 0.54999 0.207971 0.892008
-14.2011 0.570044 0.230909 0.90918
-12.8646 0.590099 0.253844 0.926355
-11.5282 0.610154 0.276774 0.943533
-10.1917 0.630209 0.299701 0.960716
-8.85521 0.650263 0.322624 0.977903
-7.51874 0.670318 0.345542 0.995093
-6.18227 0.690373 0.368457 1.01229
-4.8458 0.710427 0.391367 1.02949
-3.50933 0.730482 0.414273 1.04669
-2.17286 0.750537 0.437174 1.0639
-0.836386 0.770591 0.460071 1.08111
0.500084 0.790646 0.482963 1.09833
1.83655 0.810701 0.50585 1.11555
3.17303 0.830756 0.528732 1.13278
4.5095 0.85081 0.551609 1.15001
5.84597 0.870865 0.57448 1.16725
7.18244 0.89092 0.597346 1.18449
8.51891 0.910974 0.620206 1.20174
9.85538 0.931029 0.643061 1.219
11.1918 0.951084 0.665909 1.23626
12.5283 0.971138 0.688751 1.25353
13.8648 0.991193 0.711587 1.2708
15.2013 1.01125 0.734417 1.28808
16.5377 1.0313 0.757239 1.30537
17.8742 1.05136 0.780055 1.32266
19.2107 1.07141 0.802864 1.33996
20.5471 1.09147 0.825665 1.35727
21.8836 1.11152 0.848458 1.37458
23.2201 1.13158 0.871244 1.39191
24.5566 1.15163 0.894022 1.40924
25.893 1.17169 0.916791 1.42658
27.2295 1.19174 0.939552 1.44393
28.566 1.21179 0.962303 1.46129
29.9024 1.23185 0.985046 1.47865
31.2389 1.2519 1.00778 1.49603
32.5754 1.27196 1.0305 1.51342
33.9118 1.29201 1.05321 1.53081
35.2483 1.31207 1.07592 1.54822
36.5848 1.33212 1.09861 1.56564
37.9213 1.35218 1.12129 1.58307
39.2577 1.37223 1.14396 1.60051
40.5942 1.39229 1.16661 1.61796
41.9307 1.41234 1.18926 1.63542
43.2671 1.4324 1.21189 1.6529
44.6036 1.45245 1.23451 1.67039
45.9401 1.47251 1.25711 1.6879
47.2766 1.49256 1.2797 1.70542
48.613 1.51262 1.30228 1.72295
49.9495 1.53267 1.32484 1.7405
51.286 1.55272 1.34738 1.75807
52.6224 1.57278 1.36991 1.77565
53.9589 1.59283 1.39242 1.79325
55.2954 1.61289 1.41491 1.81087
56.6318 1.63294 1.43739 1.8285
57.9683 1.653 1.45984 1.84616
59.3048 1.67305 1.48228 1.86383
60.6413 1.69311 1.50469 1.88153
61.9777 1.71316 1.52708 1.89924
63.3142 1.73322 1.54945 1.91698
64.6507 1.75327 1.5718 1.93474
65.9871 1.77333 1.59413 1.95253
67.3236 1.79338 1.61642 1.97034
68.6601 1.81344 1.6387 1.98817
69.9966 1.83349 1.66094 2.00604
71.333 1.85355 1.68316 2.02393
72.6695 1.8736 1.70535 2.04185
74.006 1.89365 1.72751 2.0598
75.3424 1.91371 1.74964 2.07778
76.6789 1.93376 1.77174 2.09579
78.0154 1.95382 1.7938 2.11384
79.3518 1.97387 1.81583 2.13192
80.6883 1.99393 1.83782 2.15004
82.0248 2.01398 1.85977 2.16819
83.3613 2.03404 1.88169 2.18639
84.6977 2.05409 1.90356 2.20462
86.0342 2.07415 1.92539 2.2229
87.3707 2.0942 1.94718 2.24122
88.7071 2.11426 1.96893 2.25959
90.0436 2.13431 1.99062 2.278
91.3801 2.15437 2.01227 2.29646
92.7166 2.17442 2.03387 2.31497
94.053 2.19448 2.05542 2.33353
95.3895 2.21453 2.07691 2.35215
96.726 2.23458 2.09835 2.37082
98.0624 2.25464 2.11974 2.38954
99.3989 2.27469 2.14106 2.40833
100.735 2.29475 2.16233 2.42717
102.072 2.3148 2.18353 2.44608
103.408 2.33486 2.20467 2.46505
104.745 2.35491 2.22575 2.48408
106.081 2.37497 2.24676 2.50318
107.418 2.39502 2.2677 2.52235
108.754 2.41508 2.28857 2.54159
110.091 2.43513 2.30937 2.56089
111.427 2.45519 2.3301 2.58027
112.764 2.47524 2.35076 2.59973
114.1 2.4953 2.37134 2.61925
115.437 2.51535 2.39185 2.63885
116.773 2.5354 2.41228 2.65853
118.109 2.55546 2.43263 2.67829
119.446 2.57551 2.45291 2.69812
120.782 2.59557 2.47311 2.71803
122.119 2.61562 2.49323 2.73802
123.455 2.63568 2.51328 2.75808
124.792 2.65573 2.53324 2.77822
126.128 2.67579 2.55313 2.79844
127.465 2.69584 2.57294 2.81874
128.801 2.7159 2.59268 2.83912
130.138 2.73595 2.61233 2.85957
131.474 2.75601 2.63192 2.8801
132.811 2.77606 2.65142 2.9007
134.147 2.79612 2.67086 2.92138
135.484 2.81617 2.69022 2.94213
136.82 2.83623 2.70951 2.96295
138.157 2.85628 2.72872 2.98384
139.493 2.87633 2.74787 3.0048
140.829 2.89639 2.76696 3.02582
142.166 2.91644 2.78597 3.04692
143.502 2.9365 2.80492 3.06807
144.839 2.95655 2.82381 3.08929
146.175 2.97661 2.84264 3.11057
147.512 2.99666 2.86141 3.13192
148.848 3.01672 2.88012 3.15331
150.185 3.03677 2.89878 3.17477
151.521 3.05683 2.91738 3.19628
152.858 3.07688 2.93592 3.21784
154.194 3.09694 2.95442 3.23945
155.531 3.11699 2.97287 3.26111
156.867 3.13705 2.99127 3.28282
158.204 3.1571 3.00962 3.30458
159.54 3.17716 3.02793 3.32638
160.877 3.19721 3.04619 3.34823
162.213 3.21726 3.06442 3.37011
163.549 3.23732 3.0826 3.39204
164.886 3.25737 3.10075 3.414
166.222 3.27743 3.11886 3.436
167.559 3.29748 3.13693 3.45804
168.895 3.31754 3.15497 3.48011
170.232 3.33759 3.17297 3.50221
171.568 3.35765 3.19094 3.52435
172.905 3.3777 3.20889 3.54652
174.241 3.39776 3.2268 3.56872
175.578 3.41781 3.24468 3.59094
176.914 3.43787 3.26254 3.6132
178.251 3.45792 3.28037 3.63548
179.587 3.47798 3.29817 3.65778
180.924 3.49803 3.31595 3.68011
182.26 3.51809 3.3337 3.70247
183.597 3.53814 3.35144 3.72484
184.933 3.55819 3.36915 3.74724
186.269 3.57825 3.38684 3.76966
187.606 3.5983 3.40451 3.7921
188.942 3.61836 3.42215 3.81456
190.279 3.63841 3.43978 3.83704
191.615 3.65847 3.4574 3.85954
192.952 3.67852 3.47499 3.88205
194.288 3.69858 3.49257 3.90459
195.625 3.71863 3.51013 3.92713
196.961 3.73869 3.52768 3.9497
198.298 3.75874 3.54521 3.97228
199.634 3.7788 3.56272 3.99487
200.971 3.79885 3.58022 4.01748
202.307 3.81891 3.59771 4.0401
203.644 3.83896 3.61519 4.06274
204.98 3.85902 3.63265 4.08538
206.317 3.87907 3.6501 4.10804
207.653 3.89912 3.66753 4.13072
208.989 3.91918 3.68496 4.1534
210.326 3.93923 3.70237 4.17609
211.662 3.95929 3.71978 4.1988
212.999 3.97934 3.73717 4.22151
214.335 3.9994 3.75456 4.24424
215.672 4.01945 3.77193 4.26698
217.008 4.03951 3.78929 4.28972
218.345 4.05956 3.80665 4.31247
219.681 4.07962 3.824 4.33524
221.018 4.09967 3.84133 4.35801
222.354 4.11973 3.85866 4.38079
223.691 4.13978 3.87599 4.40358
225.027 4.15984 3.8933 4.42637
226.364 4.17989 3.91061 4.44918
227.7 4.19994 3.9279 4.47199
229.037 4.22 3.9452 4.4948
230.373 4.24005 3.96248 4.51763
231.709 4.26011 3.97976 4.54046
233.046 4.28016 3.99703 4.5633
234.382 4.30022 4.0143 4.58614
235.719 4.32027 4.03156 4.60899
237.055 4.34033 4.04881 4.63185
238.392 4.36038 4.06606 4.65471
239.728 4.38044 4.0833 4.67758
241.065 4.40049 4.10054 4.70045
242.401 4.42055 4.11777 4.72333
243.738 4.4406 4.13499 4.74621
245.074 4.46066 4.15221 4.7691
246.411 4.48071 4.16943 4.79199
247.747 4.50077 4.18664 4.81489
249.084 4.52082 4.20385 4.83779
250.42 4.54087 4.22105 4.8607
251.757 4.56093 4.23825 4.88361
253.093 4.58098 4.25544 4.90653
254.429 4.60104 4.27263 4.92945
255.766 4.62109 4.28982 4.95237
257.102 4.64115 4.307 4.9753
258.439 4.6612 4.32418 4.99823
259.775 4.68126 4.34135 5.02116
261.112 4.70131 4.35852 5.0441
262.448 4.72137 4.37569 5.06705
263.785 4.74142 4.39285 5.08999
265.121 4.76148 4.41001 5.11294
266.458 4.78153 4.42717 5.13589
267.794 4.80159 4.44432 5.15885
