# Data from DA_130201_E2.h5 stim 4
# Ratiometric estimator
# Ratiometric estimator:
#    Time    Ca (est)    Ca (se)
 2985.015 0.042192738 0.00132358588
 2985.115 0.0418222734 0.00132415162
 2985.215 0.0419705542 0.00132412557
 2985.315 0.0414159993 0.00133280576
 2985.415 0.0408391388 0.00130952623
 2985.515 0.0424326402 0.00132175009
 2985.615 0.0406002235 0.00129634178
 2985.715 0.0443123491 0.00133689345
 2985.815 0.0427943542 0.00132881686
 2985.915 0.0395452845 0.00129871387
 2986.015 0.0417550446 0.00133282335
 2986.115 0.0415052592 0.00132738073
 2986.215 0.0422243928 0.00132225002
 2986.315 0.0411476537 0.00131599893
 2986.415 0.0419654448 0.00131456434
 2986.515 0.0441243562 0.00135302084
 2986.615 0.051667458 0.0014190437
 2986.715 0.0633751565 0.00152876426
 2986.815 0.0684380059 0.00161339314
 2986.915 0.0823613146 0.0017424062
 2987.015 0.0858472305 0.0018130924
 2987.115 0.0874497109 0.00184701064
 2987.215 0.0882462685 0.00181085512
 2987.315 0.0870812179 0.00181025285
 2987.415 0.0855862374 0.00180379578
 2987.515 0.0861896938 0.00180561678
 2987.615 0.0849253021 0.00182049399
 2987.715 0.0843575738 0.00180046087
 2987.815 0.0806148552 0.00174314231
 2987.915 0.0824655445 0.00175463611
 2988.015 0.0827534822 0.00176363452
 2988.115 0.0817840094 0.00175219845
 2988.215 0.0841454812 0.00175925084
 2988.315 0.0792861118 0.0017271399
 2988.415 0.0775852356 0.00173032418
 2988.515 0.0824587378 0.0017470252
 2988.615 0.0815195393 0.0017475599
 2988.715 0.0767690386 0.00168590247
 2988.815 0.0783086607 0.00169956454
 2988.915 0.0767766394 0.00170749522
 2989.015 0.0758939263 0.0016929878
 2989.115 0.0769126358 0.00168665597
 2989.215 0.0734772109 0.00167550043
 2989.315 0.0739045396 0.00165669356
 2989.415 0.0773824143 0.00170453009
 2989.515 0.0742990237 0.00167021507
 2989.615 0.0734025905 0.00166684479
 2989.715 0.0734222585 0.00163590889
 2989.815 0.0722650836 0.00163965231
 2989.915 0.0715659288 0.00161096533
 2990.015 0.0717689368 0.00164350055
 2990.115 0.0730407259 0.00161988766
 2990.215 0.0696018074 0.00161214534
 2990.315 0.0697369029 0.00159842537
 2990.415 0.0724547157 0.00166444992
 2990.515 0.07091221 0.00161703793
 2990.615 0.0671109815 0.00159458468
 2990.715 0.0685815154 0.0016028866
 2990.815 0.0668671018 0.00157241539
 2990.915 0.0678757092 0.00160391277
 2991.015 0.0659039228 0.00159390057
 2991.115 0.0684424351 0.00158310939
 2991.215 0.0667135647 0.00158710688
 2991.315 0.0652910592 0.00156176914
 2991.415 0.0683156685 0.00157947907
 2991.515 0.0673571379 0.001598653
 2991.615 0.0641307486 0.00155984268
 2991.715 0.0664615125 0.00157841124
 2991.815 0.0646658698 0.00154647833
 2991.915 0.0637137612 0.00154071173
 2992.015 0.0631959229 0.00156127114
 2992.115 0.0653011642 0.00157367587
 2992.215 0.0650805069 0.00158257047
 2992.315 0.0610981393 0.00153727923
 2992.415 0.0632681142 0.00156061368
 2992.515 0.0617908349 0.00151734163
 2992.615 0.062533359 0.00153210908
 2992.715 0.0607227981 0.00151580775
 2992.815 0.0601580291 0.00149869666
 2992.915 0.0588310609 0.00150313189
 2993.015 0.0583038496 0.00149967367
 2993.115 0.0612166259 0.00153280353
 2993.215 0.0617482043 0.00153724609
 2993.315 0.0594068333 0.00150575402
 2993.415 0.0601887114 0.00149915543
 2993.515 0.0601565288 0.00152346581
 2993.615 0.0602125114 0.00151593603
 2993.715 0.0577451357 0.00148743476
 2993.815 0.0592481493 0.0015034766
 2993.915 0.0584515171 0.0015015296
 2994.015 0.0560682109 0.00147083541
 2994.115 0.0564245119 0.00146330483
 2994.215 0.0574230652 0.00148753938
 2994.315 0.0550512198 0.00146048339
 2994.415 0.0593166291 0.00147689277
 2994.515 0.0561787307 0.00147731589
 2994.615 0.0566439255 0.00144959981
 2994.715 0.0576610303 0.00149919253
 2994.815 0.053562174 0.00144242005
 2994.915 0.0554258687 0.00145502419
 2995.015 0.054300663 0.00144368098
 2995.115 0.0528728083 0.0014164271
 2995.215 0.0541263274 0.00144197424
 2995.315 0.0554569216 0.00144454083
 2995.415 0.0542300441 0.00147298207
 2995.515 0.0528456408 0.00143469329
 2995.615 0.0521778141 0.00143646587
 2995.715 0.0559185918 0.00147461509
 2995.815 0.0534631507 0.00143461936
 2995.915 0.0564060079 0.00148096404
 2996.015 0.0549076327 0.00146002899
 2996.115 0.0553312949 0.00145348895
 2996.215 0.0538917672 0.00147180279
 2996.315 0.0519228378 0.00142320259
 2996.415 0.0528452304 0.00143341055
 2996.515 0.0507447698 0.00140472846
 2996.615 0.0535275287 0.00144270888
 2996.715 0.0536372746 0.00145211506
 2996.815 0.0530712735 0.00142697904
 2996.915 0.0516567999 0.00141937914
 2997.015 0.0491962639 0.00138846681
 2997.115 0.0512686218 0.00143268671
 2997.215 0.0508981758 0.00143492421
 2997.315 0.0519681724 0.00141693022
 2997.415 0.0531492924 0.00142407317
 2997.515 0.0523397019 0.00143022024
 2997.615 0.0529018378 0.00145365561
 2997.715 0.051371607 0.00141360907
 2997.815 0.0497181701 0.00141245125
 2997.915 0.0479514322 0.00136490985
 2998.015 0.0505190106 0.00143090221
 2998.115 0.0486283751 0.00137271872
 2998.215 0.0495608556 0.00140040425
 2998.315 0.0508929232 0.00143267391
 2998.415 0.0501289374 0.00143672136
 2998.515 0.0522836595 0.00143991241
 2998.615 0.0488607562 0.00138835801
 2998.715 0.0484410878 0.00137929488
 2998.815 0.0515454509 0.00140361208
 2998.915 0.0475350122 0.00138418174
 2999.015 0.0470875739 0.00137479578
 2999.115 0.0510158162 0.00140751644
 2999.215 0.0488828035 0.00139229251
 2999.315 0.0486076744 0.00136709463
 2999.415 0.0503310983 0.00141051833
 2999.515 0.0493044377 0.00138914481
 2999.615 0.0482679475 0.00140028749
 2999.715 0.0462066398 0.0013562872
 2999.815 0.0482531537 0.00139508147
 2999.915 0.0482704348 0.00141796343
 3000.015 0.0492199484 0.00140382766
 3000.115 0.0494768285 0.00139663632
 3000.215 0.0493052152 0.00137842737
 3000.315 0.0479331814 0.00137733205
 3000.415 0.0471491515 0.00136985816
 3000.515 0.04770207 0.00135442111
 3000.615 0.0474931118 0.00138218191
 3000.715 0.0480082014 0.00137491324
 3000.815 0.0460265847 0.00138175608
 3000.915 0.0451585618 0.00135564155
 3001.015 0.0474244801 0.00139920076
 3001.115 0.050511917 0.00139173079
 3001.215 0.0461484533 0.00135093422
 3001.315 0.046064763 0.00136315106
 3001.415 0.0443103111 0.00135157523
 3001.515 0.0427979876 0.00135233422
 3001.615 0.0459301277 0.00136947486
 3001.715 0.0463346837 0.00137016699
 3001.815 0.0483298972 0.0013898655
 3001.915 0.0463429734 0.00137418284
 3002.015 0.0480684044 0.00138887881
 3002.115 0.0467631948 0.00137350899
 3002.215 0.0435315856 0.0013430115
 3002.315 0.044871189 0.00134474759
 3002.415 0.0445562901 0.00136415947
 3002.515 0.0467550439 0.00136646888
 3002.615 0.0479292505 0.00138271411
 3002.715 0.0452587629 0.00136403467
 3002.815 0.0462564672 0.00137390982
 3002.915 0.044011874 0.00134106916
 3003.015 0.0458852483 0.00136435086
 3003.115 0.0468453819 0.00136267172
 3003.215 0.0467935302 0.00137067243
 3003.315 0.0440312297 0.00137218718
 3003.415 0.0437471274 0.00134492694
 3003.515 0.0422216765 0.00132925141
 3003.615 0.0431832412 0.00133675748
 3003.715 0.0461154964 0.00135482003
 3003.815 0.047835632 0.00137256399
 3003.915 0.0446752771 0.00133444419
 3004.015 0.0453368964 0.0013711741
 3004.115 0.043884327 0.00134391217
 3004.215 0.0452910795 0.00135465296
 3004.315 0.0436100132 0.00136047368
 3004.415 0.0445419862 0.0013520826
 3004.515 0.0442699837 0.0013365734
 3004.615 0.0450047271 0.00136028443
 3004.715 0.0441882189 0.00133805742
 3004.815 0.0448003907 0.00134795564
 3004.915 0.0451521493 0.0013656003


