# Data from DA_121219_E7.h5 stim 1
# Ratiometric estimator
# Ratiometric estimator:
#    Time    Ca (est)    Ca (se)
 1080.015 0.0741212548 0.0141083892
 1080.115 0.0444680354 0.011253597
 1080.215 0.0476536645 0.0123509621
 1080.315 0.0574870351 0.0133979797
 1080.415 0.0322111915 0.0105693574
 1080.515 0.035959544 0.011312878
 1080.615 0.0520320414 0.0118969643
 1080.715 0.0269053221 0.011205978
 1080.815 0.0539775143 0.0126517936
 1080.915 0.0490082235 0.0124449008
 1081.015 0.0659157194 0.0133849476
 1081.115 0.03650594 0.011656304
 1081.215 0.0364329369 0.0119226108
 1081.315 0.0618762692 0.0128434486
 1081.415 0.0488452674 0.0125028359
 1081.515 0.0265215329 0.010992725
 1081.615 0.0920689073 0.0163912433
 1081.715 0.117436549 0.0195622995
 1081.815 0.17361442 0.0263652148
 1081.915 0.186017266 0.0281765798
 1082.015 0.210435259 0.0314872078
 1082.115 0.27096228 0.0423805922
 1082.215 0.2124153 0.0316567558
 1082.315 0.234218745 0.0364168396
 1082.415 0.348862105 0.0574783484
 1082.515 0.211643184 0.0322057784
 1082.615 0.248909902 0.0367675914
 1082.715 0.237649826 0.0342746958
 1082.815 0.243848532 0.0360743748
 1082.915 0.284097318 0.0417498666
 1083.015 0.166506701 0.0250531811
 1083.115 0.181912513 0.0270461722
 1083.215 0.167695578 0.0242149423
 1083.315 0.215500056 0.0328072637
 1083.415 0.172417881 0.0252786442
 1083.515 0.109777247 0.0188926778
 1083.615 0.156831972 0.0233880981
 1083.715 0.124397877 0.020268893
 1083.815 0.152815603 0.0240228359
 1083.915 0.124483869 0.0197042608
 1084.015 0.149261444 0.0229363238
 1084.115 0.113163884 0.019190578
 1084.215 0.132480591 0.0215056886
 1084.315 0.0811861951 0.0144822325
 1084.415 0.113671442 0.0177673443
 1084.515 0.0969504872 0.0167218475
 1084.615 0.102597967 0.0183529695
 1084.715 0.113193114 0.0169271874
 1084.815 0.0797568255 0.0149693735
 1084.915 0.0804198669 0.014845652
 1085.015 0.0694919822 0.0139647866
 1085.115 0.090161988 0.016519878
 1085.215 0.0876166192 0.0165292021
 1085.315 0.0893028752 0.016248058
 1085.415 0.0693243957 0.014265359
 1085.515 0.0731071969 0.0143217746
 1085.615 0.0607891357 0.013251409
 1085.715 0.0574903495 0.0127585108
 1085.815 0.0637786186 0.0133938763
 1085.915 0.0763050553 0.0139457869
 1086.015 0.0751077517 0.0143565626
 1086.115 0.0565548342 0.0125128282
 1086.215 0.0663920657 0.013470962
 1086.315 0.0803854079 0.0145979222
 1086.415 0.0556165429 0.0127831927
 1086.515 0.0479630284 0.0118349895
 1086.615 0.0583204282 0.0123991826
 1086.715 0.0637117317 0.0135451991
 1086.815 0.0847014457 0.014715888
 1086.915 0.0803781066 0.0140689833
 1087.015 0.0674618237 0.0137529426
 1087.115 0.0738239076 0.0148203031
 1087.215 0.0394347134 0.0120993689
 1087.315 0.0484442146 0.0122444686
 1087.415 0.0576918185 0.0130375088
 1087.515 0.0570089019 0.0124163883
 1087.615 0.0637641031 0.0132514666
 1087.715 0.0516001115 0.0117050648
 1087.815 0.0407952886 0.0112474479
 1087.915 0.0630551443 0.0130389988
 1088.015 0.0390435864 0.0116668885
 1088.115 0.0539977565 0.0124180904
 1088.215 0.0629463266 0.0130480669
 1088.315 0.0362936328 0.0113038498
 1088.415 0.0635647235 0.0136234394
 1088.515 0.0552483001 0.0127830257
 1088.615 0.0440973548 0.0114162066
 1088.715 0.0598330352 0.0127975579
 1088.815 0.0404690062 0.0107940961
 1088.915 0.0759323555 0.0145888216
 1089.015 0.0531248167 0.0122453083
 1089.115 0.0589886599 0.0127176425
 1089.215 0.0479911107 0.0121502581
 1089.315 0.0568726891 0.0120711257
 1089.415 0.0523383666 0.0120195749
 1089.515 0.032177014 0.0112188768
 1089.615 0.0454183336 0.0114207174
 1089.715 0.0331223431 0.0107731447
 1089.815 0.0485135594 0.0114914984
 1089.915 0.0584497638 0.0120846945
 1090.015 0.0191268389 0.00960640837
 1090.115 0.0350220171 0.0105433918
 1090.215 0.0661092543 0.0130569308
 1090.315 0.0272442511 0.0101409396
 1090.415 0.0267604463 0.00999432019
 1090.515 0.0332614357 0.0105686991
 1090.615 0.0466678657 0.0117656725
 1090.715 0.0439190742 0.0112796903
 1090.815 0.046506057 0.01081215
 1090.915 0.0511125738 0.012366628
 1091.015 0.028654973 0.0102413637
 1091.115 0.0346385646 0.0107141751
 1091.215 0.0508372475 0.0124219914
 1091.315 0.0407877876 0.0106823299
 1091.415 0.0471173802 0.0117451394
 1091.515 0.0455461384 0.0113771741
 1091.615 0.0566640496 0.0126179228
 1091.715 0.0550084499 0.012150255
 1091.815 0.0417070218 0.0112623282
 1091.915 0.0271439404 0.0102179534
 1092.015 0.0445282705 0.01099651
 1092.115 0.0349848985 0.0104273964
 1092.215 0.0177759559 0.00992901216
 1092.315 0.0401865472 0.0109703954
 1092.415 0.0486660758 0.0114189897
 1092.515 0.0426216319 0.0110706917
 1092.615 0.03620106 0.0102384934
 1092.715 0.036386202 0.0109416367
 1092.815 0.0440750724 0.0114555767
 1092.915 0.0677221859 0.0124302365
 1093.015 0.0440608543 0.0111585002
 1093.115 0.0318335046 0.0108166621
 1093.215 0.0534868105 0.0121734089
 1093.315 0.0330635383 0.0106980997
 1093.415 0.053691891 0.0124183536
 1093.515 0.0436216711 0.0110184637
 1093.615 0.045653873 0.0111909882
 1093.715 0.0398208602 0.0115950775
 1093.815 0.0546936811 0.0119034799
 1093.915 0.0252440183 0.00986791199
 1094.015 0.0312202183 0.0100462577
 1094.115 0.0717928909 0.0128713787
 1094.215 0.0288563064 0.0105241667
 1094.315 0.0629509605 0.0125798511
 1094.415 0.0436686286 0.0108961367
 1094.515 0.0361147578 0.0107570037
 1094.615 0.0201621985 0.0100400946
 1094.715 0.0580433417 0.012142624
 1094.815 0.0586497218 0.0121967529
 1094.915 0.0336051097 0.0106485106
 1095.015 0.0434708232 0.0115111338
 1095.115 0.0561018103 0.0118417399
 1095.215 0.0491806675 0.0115951533
 1095.315 0.0318473109 0.0108942716
 1095.415 0.0353723279 0.010614559
 1095.515 0.0250611011 0.010027039
 1095.615 0.0487544666 0.0120714033
 1095.715 0.0346990001 0.0105285212
 1095.815 0.0225559411 0.00997606161
 1095.915 0.0478368025 0.011583842
 1096.015 0.0569579133 0.011823276
 1096.115 0.0346490639 0.0101041182
 1096.215 0.0352371627 0.0102489785
 1096.315 0.0475762158 0.0109930765
 1096.415 0.0513900439 0.0117070859
 1096.515 0.0421550841 0.0110465799
 1096.615 0.0431688434 0.0110086986
 1096.715 0.0536011444 0.0115230544
 1096.815 0.042459104 0.0108314354
 1096.915 0.0446363111 0.0106248432
 1097.015 0.034773703 0.0107102962
 1097.115 0.0461300325 0.0108872045
 1097.215 0.0504067078 0.0119063789
 1097.315 0.0301141259 0.00995301729
 1097.415 0.00734672459 0.00863951172
 1097.515 0.0446425752 0.0107546783
 1097.615 0.03208004 0.0100714436
 1097.715 0.0352364838 0.0106777936
 1097.815 0.0525597505 0.0113046773
 1097.915 0.0561654049 0.0118884294
 1098.015 0.0571705734 0.0122982036
 1098.115 0.0669353002 0.0123174742
 1098.215 0.0563887515 0.0115548548
 1098.315 0.0367807334 0.0106777773
 1098.415 0.0367743686 0.0101469469
 1098.515 0.0286494939 0.00964472094
 1098.615 0.0417568483 0.0111693897
 1098.715 0.0498229112 0.0123763875
 1098.815 0.0405744569 0.010660222
 1098.915 0.03535697 0.0103476035
 1099.015 0.0529640875 0.0117949798
 1099.115 0.0280097141 0.00969534163
 1099.215 0.0319492456 0.00987980718
 1099.315 0.0594374681 0.0123403647
 1099.415 0.0380323539 0.0107175775
 1099.515 0.043160867 0.0110764343
 1099.615 0.0453664797 0.0112114906
 1099.715 0.0624595615 0.0119144728
 1099.815 0.0266235437 0.0094429281
 1099.915 0.0435991131 0.010716983


