# τ vs min κ linear regression for data set DA_121219_E7.h5
# Using stimulation: 1, 2, 3, 4
# Best fit: tau = 1.0384 + 0.0128579 kappa_Fura
# Covariance matrix:
# [ +1.72930e-02, -1.41838e-04  
#   -1.41838e-04, +1.44218e-06  ]
# Total sum of squares (TSS) = 126.348
# chisq (Residual sum of squares, RSS) = 11.7113
# Probability of observing a larger of equal RSS per DOF under the null hypothesis: 0.00286369
# R squared (1-RSS/TSS) = 0.907309
# Estimated gamma/v with standard error: 77.7731 +/- 7.26387
# Estimates kappa_S with standard error (using error propagation): 79.7596 +/- 12.708
# kappa_S confidence intervals based on parametric bootstrap
# 0.95 CI for kappa_S: [50.6555,121.256]
# 0.99 CI for kappa_S: [42.3435,138.258]


# The data
# κ_Fura  τ   τ_SE
28.5736 1.80089 0.154414
78.0643 1.89405 0.0825595
125.68 2.59983 0.122714
191.122 3.69508 0.15065


# The fitted data
# Preticted values with lower and upper bounds of 0.95 CI
# κ_Fura  τ   τ_lwr  τ_upr
-100.699 -0.256385 -0.738415 0.225644
-99.494 -0.240885 -0.720157 0.238387
-98.2884 -0.225385 -0.7019 0.251131
-97.0829 -0.209884 -0.683644 0.263876
-95.8774 -0.194384 -0.665389 0.276621
-94.6719 -0.178884 -0.647135 0.289368
-93.4664 -0.163383 -0.628882 0.302116
-92.2609 -0.147883 -0.61063 0.314865
-91.0554 -0.132382 -0.592379 0.327614
-89.8499 -0.116882 -0.574129 0.340365
-88.6443 -0.101382 -0.555881 0.353117
-87.4388 -0.0858813 -0.537633 0.36587
-86.2333 -0.070381 -0.519386 0.378624
-85.0278 -0.0548806 -0.501141 0.39138
-83.8223 -0.0393802 -0.482897 0.404136
-82.6168 -0.0238798 -0.464654 0.416894
-81.4113 -0.00837947 -0.446412 0.429653
-80.2058 0.0071209 -0.428171 0.442413
-79.0003 0.0226213 -0.409932 0.455174
-77.7947 0.0381216 -0.391693 0.467937
-76.5892 0.053622 -0.373457 0.480701
-75.3837 0.0691224 -0.355221 0.493466
-74.1782 0.0846228 -0.336987 0.506233
-72.9727 0.100123 -0.318754 0.519001
-71.7672 0.115624 -0.300523 0.53177
-70.5617 0.131124 -0.282293 0.544541
-69.3562 0.146624 -0.264065 0.557313
-68.1506 0.162125 -0.245838 0.570087
-66.9451 0.177625 -0.227612 0.582862
-65.7396 0.193125 -0.209388 0.595639
-64.5341 0.208626 -0.191166 0.608417
-63.3286 0.224126 -0.172945 0.621198
-62.1231 0.239626 -0.154726 0.633979
-60.9176 0.255127 -0.136509 0.646763
-59.7121 0.270627 -0.118293 0.659548
-58.5065 0.286128 -0.100079 0.672335
-57.301 0.301628 -0.0818674 0.685123
-56.0955 0.317128 -0.0636572 0.697914
-54.89 0.332629 -0.0454488 0.710706
-53.6845 0.348129 -0.0272424 0.723501
-52.479 0.363629 -0.00903787 0.736297
-51.2735 0.37913 0.00916462 0.749095
-50.068 0.39463 0.0273651 0.761895
-48.8624 0.410131 0.0455634 0.774698
-47.6569 0.425631 0.0637597 0.787502
-46.4514 0.441131 0.0819537 0.800309
-45.2459 0.456632 0.100146 0.813118
-44.0404 0.472132 0.118335 0.825929
-42.8349 0.487632 0.136522 0.838743
-41.6294 0.503133 0.154707 0.851559
-40.4239 0.518633 0.172889 0.864377
-39.2183 0.534134 0.191069 0.877198
-38.0128 0.549634 0.209247 0.890021
-36.8073 0.565134 0.227421 0.902847
-35.6018 0.580635 0.245593 0.915676
-34.3963 0.596135 0.263762 0.928508
-33.1908 0.611635 0.281929 0.941342
-31.9853 0.627136 0.300092 0.954179
-30.7798 0.642636 0.318253 0.967019
-29.5742 0.658137 0.336411 0.979863
-28.3687 0.673637 0.354565 0.992709
-27.1632 0.689137 0.372716 1.00556
-25.9577 0.704638 0.390864 1.01841
-24.7522 0.720138 0.409009 1.03127
-23.5467 0.735638 0.42715 1.04413
-22.3412 0.751139 0.445288 1.05699
-21.1357 0.766639 0.463422 1.06986
-19.9301 0.78214 0.481552 1.08273
-18.7246 0.79764 0.499679 1.0956
-17.5191 0.81314 0.517802 1.10848
-16.3136 0.828641 0.53592 1.12136
-15.1081 0.844141 0.554035 1.13425
-13.9026 0.859641 0.572145 1.14714
-12.6971 0.875142 0.590251 1.16003
-11.4916 0.890642 0.608352 1.17293
-10.2861 0.906143 0.626449 1.18584
-9.08054 0.921643 0.644541 1.19874
-7.87503 0.937143 0.662629 1.21166
-6.66951 0.952644 0.680711 1.22458
-5.464 0.968144 0.698788 1.2375
-4.25849 0.983644 0.71686 1.25043
-3.05298 0.999145 0.734926 1.26336
-1.84746 1.01465 0.752987 1.2763
-0.641952 1.03015 0.771042 1.28925
0.56356 1.04565 0.789091 1.3022
1.76907 1.06115 0.807134 1.31516
2.97458 1.07665 0.825171 1.32812
4.1801 1.09215 0.843201 1.34109
5.38561 1.10765 0.861224 1.35407
6.59112 1.12315 0.879241 1.36705
7.79663 1.13865 0.89725 1.38005
9.00215 1.15415 0.915252 1.39304
10.2077 1.16965 0.933247 1.40605
11.4132 1.18515 0.951233 1.41907
12.6187 1.20065 0.969212 1.43209
13.8242 1.21615 0.987182 1.44512
15.0297 1.23165 1.00514 1.45816
16.2352 1.24715 1.0231 1.4712
17.4407 1.26265 1.04104 1.48426
18.6462 1.27815 1.05897 1.49733
19.8518 1.29365 1.0769 1.51041
21.0573 1.30915 1.09481 1.52349
22.2628 1.32465 1.11272 1.53659
23.4683 1.34015 1.13061 1.5497
24.6738 1.35565 1.14849 1.56282
25.8793 1.37115 1.16636 1.57595
27.0848 1.38665 1.18422 1.58909
28.2903 1.40215 1.20206 1.60225
29.4959 1.41765 1.21989 1.61541
30.7014 1.43316 1.23771 1.6286
31.9069 1.44866 1.25552 1.64179
33.1124 1.46416 1.27331 1.655
34.3179 1.47966 1.29109 1.66823
35.5234 1.49516 1.30885 1.68147
36.7289 1.51066 1.32659 1.69472
37.9344 1.52616 1.34432 1.708
39.14 1.54166 1.36203 1.72129
40.3455 1.55716 1.37972 1.73459
41.551 1.57266 1.3974 1.74792
42.7565 1.58816 1.41505 1.76127
43.962 1.60366 1.43269 1.77463
45.1675 1.61916 1.4503 1.78802
46.373 1.63466 1.46789 1.80143
47.5785 1.65016 1.48547 1.81486
48.7841 1.66566 1.50301 1.82831
49.9896 1.68116 1.52054 1.84179
51.1951 1.69666 1.53804 1.85529
52.4006 1.71216 1.55551 1.86882
53.6061 1.72766 1.57295 1.88237
54.8116 1.74316 1.59037 1.89595
56.0171 1.75866 1.60776 1.90957
57.2226 1.77416 1.62512 1.92321
58.4282 1.78966 1.64245 1.93688
59.6337 1.80516 1.65974 1.95059
60.8392 1.82066 1.677 1.96433
62.0447 1.83616 1.69423 1.9781
63.2502 1.85167 1.71142 1.99191
64.4557 1.86717 1.72857 2.00576
65.6612 1.88267 1.74569 2.01964
66.8667 1.89817 1.76276 2.03357
68.0722 1.91367 1.77979 2.04754
69.2778 1.92917 1.79678 2.06155
70.4833 1.94467 1.81373 2.07561
71.6888 1.96017 1.83063 2.08971
72.8943 1.97567 1.84748 2.10386
74.0998 1.99117 1.86428 2.11806
75.3053 2.00667 1.88103 2.13231
76.5108 2.02217 1.89773 2.14661
77.7163 2.03767 1.91437 2.16097
78.9219 2.05317 1.93096 2.17538
80.1274 2.06867 1.9475 2.18984
81.3329 2.08417 1.96397 2.20437
82.5384 2.09967 1.98039 2.21895
83.7439 2.11517 1.99674 2.2336
84.9494 2.13067 2.01304 2.24831
86.1549 2.14617 2.02927 2.26308
87.3604 2.16167 2.04543 2.27791
88.566 2.17717 2.06153 2.29282
89.7715 2.19267 2.07756 2.30779
90.977 2.20817 2.09353 2.32282
92.1825 2.22367 2.10942 2.33793
93.388 2.23917 2.12525 2.3531
94.5935 2.25467 2.141 2.36835
95.799 2.27018 2.15669 2.38366
97.0045 2.28568 2.1723 2.39905
98.2101 2.30118 2.18785 2.4145
99.4156 2.31668 2.20332 2.43003
100.621 2.33218 2.21872 2.44563
101.827 2.34768 2.23406 2.4613
103.032 2.36318 2.24932 2.47704
104.238 2.37868 2.26451 2.49285
105.443 2.39418 2.27963 2.50873
106.649 2.40968 2.29468 2.52468
107.854 2.42518 2.30967 2.54069
109.06 2.44068 2.32458 2.55678
110.265 2.45618 2.33943 2.57293
111.471 2.47168 2.35422 2.58914
112.676 2.48718 2.36894 2.60542
113.882 2.50268 2.3836 2.62176
115.087 2.51818 2.3982 2.63816
116.293 2.53368 2.41274 2.65462
117.498 2.54918 2.42722 2.67114
118.704 2.56468 2.44165 2.68772
119.909 2.58018 2.45601 2.70435
121.115 2.59568 2.47033 2.72104
122.32 2.61118 2.48459 2.73778
123.526 2.62668 2.4988 2.75457
124.731 2.64218 2.51296 2.77141
125.937 2.65768 2.52707 2.7883
127.142 2.67319 2.54114 2.80523
128.348 2.68869 2.55516 2.82221
129.553 2.70419 2.56914 2.83923
130.759 2.71969 2.58308 2.8563
131.964 2.73519 2.59697 2.8734
133.17 2.75069 2.61083 2.89054
134.375 2.76619 2.62465 2.90773
135.581 2.78169 2.63843 2.92494
136.786 2.79719 2.65218 2.9422
137.992 2.81269 2.66589 2.95949
139.197 2.82819 2.67957 2.97681
140.403 2.84369 2.69322 2.99416
141.608 2.85919 2.70684 3.01154
142.814 2.87469 2.72043 3.02895
144.02 2.89019 2.73399 3.04639
145.225 2.90569 2.74753 3.06386
146.431 2.92119 2.76103 3.08135
147.636 2.93669 2.77452 3.09887
148.842 2.95219 2.78797 3.11641
150.047 2.96769 2.80141 3.13397
151.253 2.98319 2.81482 3.15156
152.458 2.99869 2.82821 3.16917
153.664 3.01419 2.84158 3.1868
154.869 3.02969 2.85493 3.20445
156.075 3.04519 2.86827 3.22212
157.28 3.06069 2.88158 3.23981
158.486 3.07619 2.89487 3.25752
159.691 3.0917 2.90815 3.27524
160.897 3.1072 2.92141 3.29298
162.102 3.1227 2.93465 3.31074
163.308 3.1382 2.94788 3.32851
164.513 3.1537 2.96109 3.3463
165.719 3.1692 2.97429 3.3641
166.924 3.1847 2.98748 3.38192
168.13 3.2002 3.00065 3.39975
169.335 3.2157 3.01381 3.41759
170.541 3.2312 3.02695 3.43544
171.746 3.2467 3.04009 3.45331
172.952 3.2622 3.05321 3.47119
174.157 3.2777 3.06632 3.48908
175.363 3.2932 3.07942 3.50698
176.568 3.3087 3.09251 3.52489
177.774 3.3242 3.10559 3.54281
178.979 3.3397 3.11866 3.56075
180.185 3.3552 3.13172 3.57869
181.39 3.3707 3.14477 3.59664
182.596 3.3862 3.15781 3.6146
183.801 3.4017 3.17084 3.63257
185.007 3.4172 3.18386 3.65054
186.212 3.4327 3.19688 3.66853
187.418 3.4482 3.20989 3.68652
188.623 3.4637 3.22289 3.70452
189.829 3.4792 3.23588 3.72253
191.035 3.4947 3.24887 3.74054
192.24 3.51021 3.26185 3.75856
193.446 3.52571 3.27482 3.77659
194.651 3.54121 3.28778 3.79463
195.857 3.55671 3.30074 3.81267
197.062 3.57221 3.3137 3.83072
198.268 3.58771 3.32664 3.84877
199.473 3.60321 3.33958 3.86683
