# Data from DA_121219_E7.h5 stim 2
# Ratiometric estimator
# Ratiometric estimator:
#    Time    Ca (est)    Ca (se)
 1580.015 0.038201917 0.00502630708
 1580.115 0.0359270296 0.00487877071
 1580.215 0.0383797822 0.00497538319
 1580.315 0.0440177547 0.00518962752
 1580.415 0.0518183002 0.00534204263
 1580.515 0.0387052322 0.00499278946
 1580.615 0.0435305405 0.00517279291
 1580.715 0.0410928471 0.00511603964
 1580.815 0.0395433977 0.00497351599
 1580.915 0.0418349366 0.00513711074
 1581.015 0.0380640868 0.00498537126
 1581.115 0.0445886046 0.00519665302
 1581.215 0.0405566955 0.00512221398
 1581.315 0.0411364021 0.00506888715
 1581.415 0.0441283525 0.00516653172
 1581.515 0.0448541324 0.0053199024
 1581.615 0.0627897466 0.00599061898
 1581.715 0.0851433749 0.00683176852
 1581.815 0.0993486145 0.00764499237
 1581.915 0.107317777 0.00786049724
 1582.015 0.142444613 0.0101199674
 1582.115 0.168805151 0.0112483362
 1582.215 0.176915618 0.0115135344
 1582.315 0.211282075 0.0139534831
 1582.415 0.217035337 0.0142459212
 1582.515 0.229682199 0.0150859772
 1582.615 0.258288463 0.0170550725
 1582.715 0.222258358 0.0146841615
 1582.815 0.216189057 0.0140187107
 1582.915 0.1864345 0.0123656986
 1583.015 0.190551514 0.0127326923
 1583.115 0.186865081 0.0123447975
 1583.215 0.169696127 0.0111405463
 1583.315 0.184750646 0.0123628971
 1583.415 0.149588278 0.0103516309
 1583.515 0.14127601 0.00963941513
 1583.615 0.130124987 0.00929397566
 1583.715 0.140355147 0.00965265201
 1583.815 0.131297448 0.00941682628
 1583.915 0.127098249 0.00913651682
 1584.015 0.122249429 0.0086545562
 1584.115 0.120724852 0.0084657635
 1584.215 0.119699216 0.00857059047
 1584.315 0.123764077 0.00862496962
 1584.415 0.127804525 0.00883916937
 1584.515 0.101550208 0.00783194713
 1584.615  0.102263 0.00777819074
 1584.715 0.0981210256 0.00741267792
 1584.815 0.0995364545 0.00754605832
 1584.915 0.0952761167 0.00728936699
 1585.015 0.0891881737 0.00705355725
 1585.115 0.0865483959 0.0068817748
 1585.215 0.0876207583 0.0069780932
 1585.315 0.0852902234 0.00684428968
 1585.415 0.0812147424 0.00683240066
 1585.515 0.0805363597 0.00663046584
 1585.615 0.0709051968 0.00628807706
 1585.715 0.0810260027 0.00676052559
 1585.815 0.0683722079 0.00626518994
 1585.915 0.085134561 0.00686334814
 1586.015 0.0621314876 0.00614220607
 1586.115 0.0656756955 0.00602161746
 1586.215 0.0520312292 0.00560891479
 1586.315 0.0636246569 0.00607357042
 1586.415 0.06086412 0.00573534412
 1586.515 0.0606535271 0.00591866192
 1586.615 0.0643533418 0.00601120596
 1586.715 0.0628005691 0.00589475154
 1586.815 0.0568977218 0.00563491058
 1586.915 0.0518706157 0.00543682464
 1587.015 0.0463232665 0.00541790711
 1587.115 0.0548170136 0.00569832795
 1587.215 0.0486611284 0.00557193708
 1587.315 0.0627683568 0.00591681642
 1587.415 0.059684998 0.00585551497
 1587.515 0.0662656402 0.00602285347
 1587.615 0.0525231323 0.005578395
 1587.715 0.0453026655 0.00537652258
 1587.815 0.0509737602 0.00554012395
 1587.915 0.0582517764 0.00562412221
 1588.015 0.0514670405 0.00553005918
 1588.115 0.0458920178 0.00536135273
 1588.215 0.0520996018 0.0056652904
 1588.315 0.0542885205 0.00559209696
 1588.415 0.0469402788 0.00529136461
 1588.515 0.0512401159 0.00556009602
 1588.615 0.0525131024 0.00556186681
 1588.715 0.0476430688 0.00540961289
 1588.815 0.053230721 0.00536892366
 1588.915 0.053981206 0.00576931805
 1589.015 0.0479253725 0.00535705085
 1589.115 0.0531795605 0.00556365645
 1589.215 0.0451628299 0.00514729343
 1589.315 0.0413981914 0.00512936967
 1589.415 0.0439281932 0.00505875576
 1589.515 0.0499239288 0.0055106462
 1589.615 0.0417752196 0.00496673793
 1589.715 0.0489348792 0.00545798173
 1589.815 0.0360642944 0.00489635122
 1589.915 0.0421196347 0.00500631687
 1590.015 0.0415116477 0.00513989849
 1590.115 0.0447331486 0.00514450395
 1590.215 0.0434609553 0.00511514003
 1590.315 0.0585433376 0.00574100986
 1590.415 0.0439755267 0.00529634216
 1590.515 0.0414161942 0.00499084189
 1590.615 0.044141356 0.0052506822
 1590.715 0.0405355942 0.00523621156
 1590.815 0.045769874 0.00529173932
 1590.915 0.0492083737 0.00537435665
 1591.015 0.0407586027 0.00506824459
 1591.115 0.034724932 0.00471832623
 1591.215 0.0412206085 0.00520807736
 1591.315 0.0383742793 0.00494418918
 1591.415 0.0466655561 0.00518882177
 1591.515 0.0395964953 0.00502706904
 1591.615 0.0456994727 0.00523041451
 1591.715 0.0385630331 0.00495876691
 1591.815 0.0397110584 0.00499451614
 1591.915 0.0486443687 0.00529210001
 1592.015 0.044944828 0.00518981359
 1592.115 0.0374599089 0.00495552404
 1592.215 0.0461756917 0.00527164452
 1592.315 0.0358469708 0.00482560595
 1592.415 0.044377145 0.00508179328
 1592.515 0.0328474023 0.00477569417
 1592.615 0.0384204295 0.00499724572
 1592.715 0.0402918552 0.00497407332
 1592.815 0.0403573428 0.00509077566
 1592.915 0.0431256843 0.00504883026
 1593.015 0.0454976209 0.00530093829
 1593.115 0.0478632033 0.0051559027
 1593.215 0.0472453691 0.00537423776
 1593.315 0.0506096851 0.00550875928
 1593.415 0.0441334452 0.00529170601
 1593.515 0.0431769091 0.00522560991
 1593.615 0.0504751118 0.005346731
 1593.715 0.0546999422 0.00547654567
 1593.815 0.0410248783 0.00497240261
 1593.915 0.0385361232 0.00488073077
 1594.015 0.0458783686 0.00527519442
 1594.115 0.044956796 0.00511729554
 1594.215 0.036325294 0.00489352913
 1594.315 0.0388268165 0.00495876853
 1594.415 0.0424033158 0.00506706445
 1594.515 0.0362862124 0.00495731513
 1594.615 0.0360070601 0.00489687738
 1594.715 0.0399305108 0.00495245355
 1594.815 0.0464403826 0.00515966946
 1594.915 0.0454176508 0.00537608901
 1595.015 0.038512686 0.00495464556
 1595.115 0.0407927568 0.00500280594
 1595.215 0.0394490358 0.00492744001
 1595.315 0.0450601016 0.0051924965
 1595.415 0.0373887798 0.00486796893
 1595.515 0.0422914902 0.00495132915
 1595.615 0.0398428307 0.00485539475
 1595.715 0.0394824127 0.00495896545
 1595.815 0.0448125726 0.00518005464
 1595.915 0.0476226867 0.00525990791
 1596.015 0.0319870392 0.00470898646
 1596.115 0.0365108312 0.00492189623
 1596.215 0.045913584 0.00502145661
 1596.315 0.0390124768 0.00497165587
 1596.415 0.0353399854 0.00487967115
 1596.515 0.0496317464 0.0052704543
 1596.615 0.0488629133 0.00530482019
 1596.715 0.0472243115 0.00527568143
 1596.815 0.0368292123 0.00492186083
 1596.915 0.0412040829 0.00503201693
 1597.015 0.040414298 0.00506603506
 1597.115 0.04456248 0.0050583916
 1597.215 0.0408582659 0.00494193636
 1597.315 0.0297734403 0.00456239131
 1597.415 0.0367168352 0.00487283104
 1597.515 0.044180059 0.00509395201
 1597.615 0.0399616649 0.0050320191
 1597.715 0.040748798 0.00503287878
 1597.815 0.0368927412 0.00487036991
 1597.915 0.031185079 0.00470275049
 1598.015 0.0439477776 0.00504759386
 1598.115 0.0372057942 0.00483063325
 1598.215 0.0434368796 0.00505925542
 1598.315 0.0412117095 0.00504951026
 1598.415 0.0479425382 0.0052932727
 1598.515 0.0354453167 0.00477003565
 1598.615 0.0439908752 0.00512317081
 1598.715 0.0499659809 0.00531768314
 1598.815 0.0308673018 0.00454975678
 1598.915 0.0439529687 0.00502764166
 1599.015 0.0380888978 0.00488433779
 1599.115 0.0360424218 0.00485444843
 1599.215 0.0476934606 0.00525754842
 1599.315 0.0422248635 0.0051006871
 1599.415 0.0386934017 0.0050481558
 1599.515 0.0482672232 0.00532117257
 1599.615 0.0437750652 0.00502633647
 1599.715 0.0384856573 0.00488939922
 1599.815 0.037928962 0.00488060959
 1599.915 0.0399966536 0.00498318789


