# τ vs mean κ linear regression for data set DA_121219_E7.h5
# Using stimulation: 1, 2, 3, 4
# Best fit: tau = 0.982486 + 0.0126476 kappa_Fura
# Covariance matrix:
# [ +1.86067e-02, -1.46194e-04  
#   -1.46194e-04, +1.40024e-06  ]
# Total sum of squares (TSS) = 126.348
# chisq (Residual sum of squares, RSS) = 12.1085
# Probability of observing a larger of equal RSS per DOF under the null hypothesis: 0.00234791
# R squared (1-RSS/TSS) = 0.904166
# Estimated gamma/v with standard error: 79.0662 +/- 7.39747
# Estimates kappa_S with standard error (using error propagation): 76.6814 +/- 13.0054
# kappa_S confidence intervals based on parametric bootstrap
# 0.95 CI for kappa_S: [47.2216,118.705]
# 0.99 CI for kappa_S: [40.2268,138.455]


# The data
# κ_Fura  τ   τ_SE
33.1058 1.80089 0.154414
83.9247 1.89405 0.0825595
132.505 2.59983 0.122714
198.122 3.69508 0.15065


# The fitted data
# Preticted values with lower and upper bounds of 0.95 CI
# κ_Fura  τ   τ_lwr  τ_upr
-96.8518 -0.24246 -0.722798 0.237879
-95.6322 -0.227036 -0.704626 0.250555
-94.4127 -0.211612 -0.686455 0.263232
-93.1932 -0.196188 -0.668285 0.27591
-91.9737 -0.180764 -0.650115 0.288588
-90.7542 -0.165339 -0.631947 0.301268
-89.5347 -0.149915 -0.61378 0.313949
-88.3151 -0.134491 -0.595614 0.326631
-87.0956 -0.119067 -0.577449 0.339314
-85.8761 -0.103643 -0.559284 0.351997
-84.6566 -0.0882195 -0.541121 0.364682
-83.4371 -0.0727955 -0.52296 0.377369
-82.2176 -0.0573714 -0.504799 0.390056
-80.998 -0.0419474 -0.486639 0.402744
-79.7785 -0.0265234 -0.468481 0.415434
-78.559 -0.0110994 -0.450323 0.428125
-77.3395 0.00432459 -0.432167 0.440816
-76.12 0.0197486 -0.414012 0.45351
-74.9004 0.0351726 -0.395859 0.466204
-73.6809 0.0505966 -0.377707 0.4789
-72.4614 0.0660206 -0.359556 0.491597
-71.2419 0.0814446 -0.341406 0.504295
-70.0224 0.0968686 -0.323258 0.516995
-68.8029 0.112293 -0.305111 0.529696
-67.5833 0.127717 -0.286965 0.542399
-66.3638 0.143141 -0.268821 0.555103
-65.1443 0.158565 -0.250679 0.567808
-63.9248 0.173989 -0.232538 0.580515
-62.7053 0.189413 -0.214398 0.593223
-61.4858 0.204837 -0.19626 0.605934
-60.2662 0.220261 -0.178124 0.618645
-59.0467 0.235685 -0.159989 0.631358
-57.8272 0.251109 -0.141856 0.644073
-56.6077 0.266533 -0.123724 0.65679
-55.3882 0.281957 -0.105595 0.669508
-54.1686 0.297381 -0.0874668 0.682228
-52.9491 0.312805 -0.0693407 0.69495
-51.7296 0.328229 -0.0512164 0.707674
-50.5101 0.343653 -0.033094 0.7204
-49.2906 0.359077 -0.0149736 0.733127
-48.0711 0.374501 0.00314495 0.745857
-46.8515 0.389925 0.0212615 0.758588
-45.632 0.405349 0.0393759 0.771322
-44.4125 0.420773 0.0574883 0.784057
-43.193 0.436197 0.0755985 0.796795
-41.9735 0.451621 0.0937065 0.809535
-40.754 0.467045 0.111812 0.822277
-39.5344 0.482469 0.129916 0.835022
-38.3149 0.497893 0.148017 0.847769
-37.0954 0.513317 0.166116 0.860518
-35.8759 0.528741 0.184212 0.87327
-34.6564 0.544165 0.202306 0.886024
-33.4368 0.559589 0.220397 0.898781
-32.2173 0.575013 0.238486 0.91154
-30.9978 0.590437 0.256571 0.924302
-29.7783 0.605861 0.274655 0.937067
-28.5588 0.621285 0.292735 0.949835
-27.3393 0.636709 0.310812 0.962606
-26.1197 0.652133 0.328887 0.975379
-24.9002 0.667557 0.346958 0.988156
-23.6807 0.682981 0.365026 1.00094
-22.4612 0.698405 0.383091 1.01372
-21.2417 0.713829 0.401153 1.0265
-20.0222 0.729253 0.419212 1.03929
-18.8026 0.744677 0.437267 1.05209
-17.5831 0.760101 0.455318 1.06488
-16.3636 0.775525 0.473366 1.07768
-15.1441 0.790949 0.49141 1.09049
-13.9246 0.806373 0.50945 1.1033
-12.7051 0.821797 0.527487 1.11611
-11.4855 0.837221 0.545519 1.12892
-10.266 0.852645 0.563547 1.14174
-9.0465 0.868069 0.581571 1.15457
-7.82698 0.883493 0.59959 1.1674
-6.60746 0.898917 0.617606 1.18023
-5.38794 0.914341 0.635616 1.19307
-4.16843 0.929765 0.653622 1.20591
-2.94891 0.945189 0.671622 1.21876
-1.72939 0.960613 0.689618 1.23161
-0.509874 0.976037 0.707609 1.24447
0.709644 0.991461 0.725594 1.25733
1.92916 1.00689 0.743574 1.2702
3.14868 1.02231 0.761548 1.28307
4.3682 1.03773 0.779517 1.29595
5.58771 1.05316 0.797479 1.30884
6.80723 1.06858 0.815436 1.32173
8.02675 1.08401 0.833386 1.33462
9.24627 1.09943 0.851329 1.34753
10.4658 1.11485 0.869266 1.36044
11.6853 1.13028 0.887195 1.37336
12.9048 1.1457 0.905118 1.38628
14.1243 1.16113 0.923033 1.39922
15.3439 1.17655 0.940941 1.41216
16.5634 1.19197 0.958841 1.42511
17.7829 1.2074 0.976732 1.43806
19.0024 1.22282 0.994616 1.45103
20.2219 1.23825 1.01249 1.464
21.4414 1.25367 1.03036 1.47698
22.661 1.26909 1.04821 1.48997
23.8805 1.28452 1.06606 1.50297
25.1 1.29994 1.0839 1.51599
26.3195 1.31537 1.10172 1.52901
27.539 1.33079 1.11954 1.54204
28.7585 1.34621 1.13735 1.55508
29.9781 1.36164 1.15514 1.56813
31.1976 1.37706 1.17292 1.5812
32.4171 1.39249 1.19069 1.59428
33.6366 1.40791 1.20845 1.60737
34.8561 1.42333 1.2262 1.62047
36.0757 1.43876 1.24393 1.63359
37.2952 1.45418 1.26164 1.64672
38.5147 1.46961 1.27935 1.65986
39.7342 1.48503 1.29704 1.67302
40.9537 1.50045 1.31471 1.6862
42.1732 1.51588 1.33237 1.69939
43.3928 1.5313 1.35001 1.7126
44.6123 1.54673 1.36763 1.72582
45.8318 1.56215 1.38523 1.73906
47.0513 1.57757 1.40282 1.75233
48.2708 1.593 1.42039 1.76561
49.4903 1.60842 1.43794 1.77891
50.7099 1.62385 1.45546 1.79223
51.9294 1.63927 1.47297 1.80557
53.1489 1.65469 1.49045 1.81894
54.3684 1.67012 1.50791 1.83233
55.5879 1.68554 1.52535 1.84574
56.8075 1.70097 1.54276 1.85918
58.027 1.71639 1.56014 1.87264
59.2465 1.73181 1.5775 1.88613
60.466 1.74724 1.59483 1.89965
61.6855 1.76266 1.61213 1.9132
62.905 1.77809 1.6294 1.92677
64.1246 1.79351 1.64664 1.94038
65.3441 1.80893 1.66384 1.95402
66.5636 1.82436 1.68102 1.9677
67.7831 1.83978 1.69816 1.98141
69.0026 1.85521 1.71526 1.99515
70.2221 1.87063 1.73232 2.00894
71.4417 1.88605 1.74935 2.02276
72.6612 1.90148 1.76633 2.03662
73.8807 1.9169 1.78328 2.05053
75.1002 1.93233 1.80018 2.06447
76.3197 1.94775 1.81703 2.07846
77.5393 1.96317 1.83384 2.0925
78.7588 1.9786 1.85061 2.10659
79.9783 1.99402 1.86732 2.12072
81.1978 2.00945 1.88398 2.13491
82.4173 2.02487 1.9006 2.14914
83.6368 2.04029 1.91715 2.16343
84.8564 2.05572 1.93366 2.17778
86.0759 2.07114 1.9501 2.19218
87.2954 2.08657 1.96649 2.20664
88.5149 2.10199 1.98282 2.22116
89.7344 2.11741 1.99909 2.23574
90.9539 2.13284 2.01529 2.25038
92.1735 2.14826 2.03144 2.26509
93.393 2.16369 2.04752 2.27986
94.6125 2.17911 2.06353 2.29469
95.832 2.19453 2.07948 2.30959
97.0515 2.20996 2.09535 2.32456
98.2711 2.22538 2.11116 2.3396
99.4906 2.24081 2.12691 2.3547
100.71 2.25623 2.14258 2.36988
101.93 2.27165 2.15818 2.38513
103.149 2.28708 2.17371 2.40044
104.369 2.3025 2.18917 2.41583
105.588 2.31793 2.20457 2.43129
106.808 2.33335 2.21989 2.44681
108.027 2.34877 2.23514 2.46241
109.247 2.3642 2.25032 2.47808
110.466 2.37962 2.26543 2.49382
111.686 2.39505 2.28047 2.50962
112.905 2.41047 2.29544 2.5255
114.125 2.42589 2.31035 2.54144
115.344 2.44132 2.32519 2.55745
116.564 2.45674 2.33996 2.57352
117.783 2.47217 2.35467 2.58966
119.003 2.48759 2.36931 2.60587
120.222 2.50301 2.3839 2.62213
121.442 2.51844 2.39842 2.63845
122.661 2.53386 2.41288 2.65484
123.881 2.54929 2.42729 2.67128
125.1 2.56471 2.44164 2.68778
126.32 2.58013 2.45593 2.70434
127.539 2.59556 2.47017 2.72094
128.759 2.61098 2.48436 2.7376
129.979 2.62641 2.4985 2.75431
131.198 2.64183 2.51259 2.77107
132.418 2.65725 2.52663 2.78788
133.637 2.67268 2.54062 2.80474
134.857 2.6881 2.55457 2.82163
136.076 2.70353 2.56848 2.83857
137.296 2.71895 2.58234 2.85556
138.515 2.73437 2.59617 2.87258
139.735 2.7498 2.60995 2.88964
140.954 2.76522 2.6237 2.90674
142.174 2.78065 2.63741 2.92388
143.393 2.79607 2.65109 2.94105
144.613 2.81149 2.66473 2.95825
145.832 2.82692 2.67834 2.97549
147.052 2.84234 2.69192 2.99276
148.271 2.85777 2.70547 3.01006
149.491 2.87319 2.71899 3.02739
150.71 2.88861 2.73249 3.04474
151.93 2.90404 2.74595 3.06213
153.149 2.91946 2.75939 3.07953
154.369 2.93489 2.7728 3.09697
155.588 2.95031 2.78619 3.11443
156.808 2.96573 2.79956 3.13191
158.027 2.98116 2.8129 3.14941
159.247 2.99658 2.82623 3.16694
160.466 3.01201 2.83953 3.18448
161.686 3.02743 2.85281 3.20205
162.905 3.04285 2.86607 3.21963
164.125 3.05828 2.87932 3.23724
165.345 3.0737 2.89254 3.25486
166.564 3.08913 2.90575 3.2725
167.784 3.10455 2.91894 3.29016
169.003 3.11997 2.93212 3.30783
170.223 3.1354 2.94528 3.32551
171.442 3.15082 2.95843 3.34322
172.662 3.16625 2.97156 3.36093
173.881 3.18167 2.98468 3.37866
175.101 3.19709 2.99778 3.39641
176.32 3.21252 3.01087 3.41417
177.54 3.22794 3.02395 3.43194
178.759 3.24337 3.03701 3.44972
179.979 3.25879 3.05007 3.46751
181.198 3.27421 3.06311 3.48532
182.418 3.28964 3.07614 3.50313
183.637 3.30506 3.08917 3.52096
184.857 3.32049 3.10218 3.53879
186.076 3.33591 3.11518 3.55664
187.296 3.35133 3.12817 3.5745
188.515 3.36676 3.14115 3.59236
189.735 3.38218 3.15413 3.61024
190.954 3.39761 3.16709 3.62812
192.174 3.41303 3.18005 3.64601
193.393 3.42845 3.193 3.66391
194.613 3.44388 3.20594 3.68182
195.832 3.4593 3.21887 3.69973
197.052 3.47473 3.2318 3.71765
198.272 3.49015 3.24472 3.73558
199.491 3.50557 3.25763 3.75352
200.711 3.521 3.27053 3.77146
201.93 3.53642 3.28343 3.78941
203.15 3.55185 3.29633 3.80737
204.369 3.56727 3.30921 3.82533
205.589 3.58269 3.32209 3.8433
206.808 3.59812 3.33497 3.86127
