# Data from DA_121219_E7.h5 stim 4
# Ratiometric estimator
# Ratiometric estimator:
#    Time    Ca (est)    Ca (se)
 2490.015 0.0390229899 0.00274754675
 2490.115 0.0355942175 0.00266281893
 2490.215 0.0419501009 0.00278349246
 2490.315 0.0416754939 0.00281305017
 2490.415 0.0386350994 0.00272141139
 2490.515 0.0395601341 0.00273041276
 2490.615 0.0403742999 0.00273577425
 2490.715 0.0396827844 0.0027403584
 2490.815 0.041370112 0.00279465001
 2490.915 0.0374394255 0.0026971236
 2491.015 0.0416206048 0.0028307529
 2491.115 0.040898819 0.00278243824
 2491.215 0.0392385242 0.00271223571
 2491.315 0.0363624132 0.00267000835
 2491.415 0.0403575309 0.00276428517
 2491.515 0.0402524066 0.00279931548
 2491.615 0.0498585057 0.00298085125
 2491.715 0.0577526596 0.00311947369
 2491.815 0.0722661196 0.00349835628
 2491.915 0.078350271 0.00363646545
 2492.015 0.100849657 0.00418267363
 2492.115 0.106855371 0.00440014767
 2492.215 0.114721844 0.00448175537
 2492.315 0.129913234 0.00497125725
 2492.415 0.139871724 0.00519353041
 2492.515 0.148266584 0.0054951063
 2492.615 0.158011137 0.00583203345
 2492.715 0.152851256 0.00558366716
 2492.815 0.143924622 0.00529509835
 2492.915 0.145290663 0.00538105508
 2493.015 0.155089875 0.00560454363
 2493.115 0.15069402 0.00553170498
 2493.215 0.153572478 0.00555917959
 2493.315 0.149056185 0.00551920134
 2493.415 0.146631688 0.00546272463
 2493.515 0.145036781 0.00530939497
 2493.615 0.134347645 0.00510039832
 2493.715 0.132131621 0.00496593524
 2493.815 0.128779123 0.00491850773
 2493.915 0.125961324 0.00485804974
 2494.015 0.120102652 0.00469438534
 2494.115 0.122193526 0.0047100927
 2494.215 0.116973853 0.0046116277
 2494.315 0.118268821 0.00461058195
 2494.415 0.113972388 0.00452094275
 2494.515 0.105662082 0.00436312547
 2494.615 0.107543366 0.00435071529
 2494.715 0.107327104 0.00423885611
 2494.815 0.106701391 0.00428377607
 2494.915 0.109106835 0.0043543348
 2495.015 0.102018178 0.00419923106
 2495.115 0.101634729 0.00409838298
 2495.215 0.0976752877 0.0040447005
 2495.315 0.0995242137 0.00411714636
 2495.415 0.0931475521 0.00400970168
 2495.515 0.0954338337 0.00402049589
 2495.615 0.0965361761 0.00408891468
 2495.715 0.0881208108 0.00386485068
 2495.815 0.086603433 0.00380056404
 2495.915 0.0871578404 0.00382730602
 2496.015 0.0839567142 0.00380437141
 2496.115 0.0797042135 0.00362241579
 2496.215 0.0837049486 0.00377074899
 2496.315 0.0762282152 0.00359464823
 2496.415 0.0784770402 0.00358245074
 2496.515 0.0780316116 0.00361417051
 2496.615 0.0846672383 0.00376842583
 2496.715 0.0720354924 0.00351404579
 2496.815 0.0683521275 0.00333992485
 2496.915 0.074479376 0.00349960243
 2497.015 0.0817762385 0.00370364474
 2497.115 0.0766788762 0.0036276384
 2497.215 0.0740587274 0.0035628703
 2497.315 0.0748693472 0.00353966778
 2497.415 0.0713232199 0.00349803393
 2497.515 0.0659979227 0.003298415
 2497.615 0.0622910232 0.00325172115
 2497.715 0.0683516766 0.00335427986
 2497.815 0.0594919922 0.00317919894
 2497.915 0.0682585807 0.00338520566
 2498.015 0.0691394166 0.00337544686
 2498.115 0.0670103567 0.0033684046
 2498.215 0.0681846564 0.00338449561
 2498.315 0.062420762 0.00325541002
 2498.415 0.0613081356 0.00317816438
 2498.515 0.0596460019 0.00320961495
 2498.615 0.0630536518 0.00325984589
 2498.715 0.0588501995 0.00317089868
 2498.815 0.0640013186 0.00327685239
 2498.915 0.0574351586 0.00316659515
 2499.015 0.0589389055 0.00313030639
 2499.115 0.0557274454 0.00309000818
 2499.215 0.061316317 0.00319620577
 2499.315 0.0605883595 0.00321537175
 2499.415 0.0531206494 0.00298245511
 2499.515 0.062241815 0.00324973168
 2499.615 0.0529658748 0.00299562575
 2499.715 0.055724985 0.00311075643
 2499.815 0.0554461361 0.00307770273
 2499.915 0.0549975536 0.00305435943
 2500.015 0.0490813763 0.00294362163
 2500.115 0.0509618607 0.00296338335
 2500.215 0.0610556459 0.00317317671
 2500.315 0.0498276704 0.00294019218
 2500.415 0.0510535437 0.00301678979
 2500.515 0.0548784677 0.00306583421
 2500.615 0.0480768618 0.00295150566
 2500.715 0.0522475085 0.00302835811
 2500.815 0.0479374175 0.00290088383
 2500.915 0.0551932138 0.00311322066
 2501.015 0.0453033667 0.00287099909
 2501.115 0.0553794312 0.00306504309
 2501.215 0.0517437778 0.00307957826
 2501.315 0.0502537396 0.0029622119
 2501.415 0.0493857924 0.00294848658
 2501.515 0.0481806265 0.00287960112
 2501.615 0.043496086 0.00286340294
 2501.715 0.0462370099 0.00289501122
 2501.815 0.0439751853 0.00282356666
 2501.915 0.0485412456 0.00289348938
 2502.015 0.0476629783 0.00286093119
 2502.115 0.0477287752 0.00292873772
 2502.215 0.0431447539 0.00279831033
 2502.315 0.0481672624 0.00291536794
 2502.415 0.0476614525 0.002879346
 2502.515 0.0438257705 0.00285580209
 2502.615 0.0459704389 0.00291202402
 2502.715 0.049790998 0.00291221873
 2502.815 0.0433837881 0.00281888192
 2502.915 0.0417482171 0.00272050914
 2503.015 0.0445765169 0.00289744957
 2503.115 0.0487189679 0.00288697321
 2503.215 0.0467847292 0.00288843503
 2503.315 0.039393552 0.0027669932
 2503.415 0.0456260188 0.00291856043
 2503.515 0.0437337435 0.00283485269
 2503.615 0.0471147284 0.00287010301
 2503.715 0.042712063 0.00279959517
 2503.815 0.0471223744 0.00287990407
 2503.915 0.0443834084 0.00283769651
 2504.015 0.0459223778 0.00284675346
 2504.115 0.0427954918 0.00278829634
 2504.215 0.041669682 0.00276422279
 2504.315 0.0411546398 0.00274168313
 2504.415 0.0439852421 0.00281531912
 2504.515 0.044408709 0.00280327493
 2504.615 0.0467717702 0.00289601777
 2504.715 0.0398598834 0.00277193674
 2504.815 0.037933321 0.00268670181
 2504.915 0.0416302445 0.00282557982
 2505.015 0.0338467081 0.00264775107
 2505.115 0.0423298861 0.00276284056
 2505.215 0.0443527738 0.00278951302
 2505.315 0.0388112719 0.00269117816
 2505.415 0.0398682506 0.00273391186
 2505.515 0.0453399343 0.00278279728
 2505.615 0.0401547047 0.00274127941
 2505.715 0.0439270532 0.00281078007
 2505.815 0.0404286479 0.00278429746
 2505.915 0.039861728 0.00269847805
 2506.015 0.0418547164 0.00281029667
 2506.115 0.0376802954 0.00266604492
 2506.215 0.0442605951 0.00279746509
 2506.315 0.0381190956 0.00270682256
 2506.415 0.0422983985 0.00278283549
 2506.515 0.0373308749 0.00274332761
 2506.615 0.0416240472 0.00277760435
 2506.715 0.0452013349 0.00281873717
 2506.815 0.0408220702 0.00275660969
 2506.915 0.0422522072 0.00276892813
 2507.015 0.0391218653 0.00272828168
 2507.115 0.0378487981 0.00267478675
 2507.215 0.0436445071 0.00278396527
 2507.315 0.038510788 0.00267842531
 2507.415 0.0365196302 0.00268802816
 2507.515 0.0405249449 0.00271763086
 2507.615 0.0368661794 0.00266190951
 2507.715 0.0406716477 0.0027732243
 2507.815 0.0404449113 0.00275790327
 2507.915 0.0384723718 0.00269279083
 2508.015 0.0342089036 0.00262547828
 2508.115 0.0387471364 0.00268029015
 2508.215 0.0407369499 0.00273156499
 2508.315 0.0387007989 0.00273710358
 2508.415 0.0397816385 0.00272768358
 2508.515 0.0420627391 0.00273817868
 2508.615 0.0369537513 0.00267769926
 2508.715 0.0419974337 0.00276479049
 2508.815 0.0309181686 0.00256436681
 2508.915 0.0371088069 0.00265735437
 2509.015 0.0348395285 0.00262156525
 2509.115 0.0359421163 0.0026601408
 2509.215 0.0407657083 0.0027390767
 2509.315 0.0399520912 0.00276974987
 2509.415 0.0371806789 0.0026631482
 2509.515 0.0380819315 0.00269968241
 2509.615 0.0369111967 0.00268617363
 2509.715 0.0374692669 0.00265282766
 2509.815 0.0360157794 0.00264630693
 2509.915 0.0369049725 0.0026712985


