# Data from DA_121219_E7.h5 stim 3
# Ratiometric estimator
# Ratiometric estimator:
#    Time    Ca (est)    Ca (se)
 2030.015 0.0360422836 0.00347668359
 2030.115 0.0374753894 0.00351369989
 2030.215 0.0343227336 0.00345237187
 2030.315 0.040078492 0.00358962993
 2030.415 0.0385146846 0.0035179215
 2030.515 0.0369384106 0.00349361659
 2030.615 0.0316436565 0.00335394144
 2030.715 0.0338991832 0.00341174471
 2030.815 0.0399643873 0.00355612732
 2030.915 0.033692906 0.00337526814
 2031.015 0.039890868 0.00358947504
 2031.115 0.0377061181 0.00351731493
 2031.215 0.029745892 0.0032666793
 2031.315 0.0379696572 0.00354387354
 2031.415 0.0372893945 0.00354333347
 2031.515 0.0322028046 0.00340519255
 2031.615 0.053142243 0.00386551099
 2031.715 0.0633315147 0.00414837829
 2031.815 0.0822913346 0.00479121781
 2031.915 0.0948050538 0.00512720255
 2032.015 0.0933750695 0.00525123576
 2032.115 0.12649326 0.00638194994
 2032.215 0.136738016 0.00661527678
 2032.315 0.147139173 0.00712978458
 2032.415 0.178665806 0.00819667769
 2032.515 0.168131858 0.00798430163
 2032.615 0.170424178 0.00813932435
 2032.715 0.174489007 0.00817984501
 2032.815 0.169886358 0.00801341207
 2032.915 0.158560977 0.00753962642
 2033.015 0.162545769 0.00761538372
 2033.115 0.152638188 0.0072625493
 2033.215 0.162739498 0.00764809341
 2033.315 0.151664685 0.00727291045
 2033.415 0.147109615 0.00703522304
 2033.515 0.153609503 0.00723230763
 2033.615 0.135549929 0.00659787149
 2033.715 0.135409954 0.00652000691
 2033.815 0.126180189 0.00628412852
 2033.915 0.126203437 0.00626437998
 2034.015 0.115709757 0.00583195685
 2034.115 0.123943007 0.00622224823
 2034.215 0.121860626 0.00615936058
 2034.315 0.113520892 0.0058264677
 2034.415 0.106413417 0.00559075365
 2034.515 0.107794204 0.00571652106
 2034.615 0.101335204 0.00549895786
 2034.715 0.0931748047 0.0051384694
 2034.815 0.0937654142 0.00510192996
 2034.915 0.099574807 0.00528982649
 2035.015 0.0873837027 0.00498996043
 2035.115 0.0969899665 0.00525751781
 2035.215 0.085204844 0.00499052471
 2035.315 0.0906706036 0.00501463189
 2035.415 0.0852608699 0.0049526578
 2035.515 0.0900605621 0.00494460603
 2035.615 0.0849935957 0.00487661109
 2035.715 0.0829990894 0.00484011986
 2035.815 0.0843630025 0.00481014189
 2035.915 0.0794025522 0.00479133398
 2036.015 0.0774031727 0.00470963586
 2036.115 0.0672259594 0.00435830935
 2036.215 0.0721055228 0.0044434476
 2036.315 0.0716932312 0.00446436605
 2036.415 0.0673576046 0.00432951147
 2036.515 0.0646361378 0.004314382
 2036.615 0.0762882376 0.00462459918
 2036.715 0.0748235879 0.00457462799
 2036.815 0.0658859709 0.00432003939
 2036.915 0.0655631411 0.00428841967
 2037.015 0.0655764246 0.00437046297
 2037.115 0.0619838999 0.00423540217
 2037.215 0.0637116676 0.00426983289
 2037.315 0.061896795 0.00428809911
 2037.415 0.0619413845 0.00424061423
 2037.515 0.0624089952 0.00414329917
 2037.615 0.0566990572 0.00409330125
 2037.715 0.0554090137 0.00396387242
 2037.815 0.058857007 0.00408921073
 2037.915 0.0518676043 0.00393553013
 2038.015 0.0586326427 0.00411403471
 2038.115 0.0539849586 0.00398906444
 2038.215 0.0578577501 0.00409682958
 2038.315 0.0550581089 0.00398492078
 2038.415 0.0449329102 0.00370009414
 2038.515 0.0603394418 0.00416378522
 2038.615 0.0551691543 0.00393319804
 2038.715 0.055736597 0.00397786162
 2038.815 0.0506828571 0.00383091951
 2038.915 0.0538446173 0.00398571458
 2039.015 0.0547622117 0.00400780804
 2039.115 0.0452218423 0.00366182811
 2039.215 0.0518334677 0.00388588241
 2039.315 0.0480675892 0.00377275444
 2039.415 0.0435398626 0.003620131
 2039.515 0.0481069051 0.0038381821
 2039.615 0.0508626252 0.00382992324
 2039.715 0.0470716494 0.00381571385
 2039.815 0.0533412072 0.00389663694
 2039.915 0.0557565795 0.00394487427
 2040.015 0.0476526955 0.0037783434
 2040.115 0.0470551681 0.00375418731
 2040.215 0.0485657792 0.00382717884
 2040.315 0.0437971493 0.0035908228
 2040.415 0.0422779606 0.00365938682
 2040.515 0.0496992259 0.00383723172
 2040.615 0.0476764263 0.00378728766
 2040.715 0.0486330971 0.00373589079
 2040.815 0.045492278 0.00363744158
 2040.915 0.0439503722 0.00366653356
 2041.015 0.0479392963 0.00376300984
 2041.115 0.0528030942 0.00386844223
 2041.215 0.0435659249 0.00369092948
 2041.315 0.0421384193 0.00364057149
 2041.415 0.0466846579 0.00376582773
 2041.515 0.0514563489 0.00382555655
 2041.615 0.0480865409 0.00376692415
 2041.715 0.0433378735 0.00362345951
 2041.815 0.0490200978 0.00377850002
 2041.915 0.0459587402 0.00370555305
 2042.015 0.0469448356 0.00372964052
 2042.115 0.04467664 0.00371620879
 2042.215 0.0413336646 0.00364649796
 2042.315 0.0473438416 0.0037123255
 2042.415 0.045712925 0.0037031627
 2042.515 0.0454218116 0.00369077229
 2042.615 0.0475628576 0.00379692238
 2042.715 0.0408170249 0.00355598525
 2042.815 0.045179485 0.0036773431
 2042.915 0.0506994635 0.00377945152
 2043.015 0.0477367631 0.0037809081
 2043.115 0.0480199941 0.00380855783
 2043.215 0.0439446177 0.00366578659
 2043.315 0.0424690925 0.00364445819
 2043.415 0.0431213193 0.00367777093
 2043.515 0.0410181359 0.00363284471
 2043.615 0.0469920353 0.00368119998
 2043.715 0.0488061882 0.00378787004
 2043.815 0.0405161727 0.00355496965
 2043.915 0.0467289193 0.00371541642
 2044.015 0.0498752197 0.00381595471
 2044.115 0.0413479524 0.00358991605
 2044.215 0.0399937595 0.00351905334
 2044.315 0.0516167023 0.00375768534
 2044.415 0.0394640614 0.0035640017
 2044.515 0.0445931837 0.00363884764
 2044.615 0.0398995074 0.00358982196
 2044.715 0.0473709173 0.00369899461
 2044.815 0.040760451 0.00358859268
 2044.915 0.0424221879 0.00368655874
 2045.015 0.0432736033 0.00360165804
 2045.115 0.0443159799 0.00364275213
 2045.215 0.0390753214 0.00346582424
 2045.315 0.0467154588 0.00370163784
 2045.415 0.0450874281 0.0036006585
 2045.515 0.0414436386 0.00350391198
 2045.615 0.0383411597 0.00350458822
 2045.715 0.045207673 0.00362959086
 2045.815 0.0394374783 0.00362772931
 2045.915 0.0424938805 0.00360188709
 2046.015 0.0467835095 0.00372536031
 2046.115 0.048545605 0.00369674159
 2046.215 0.0358916896 0.00337682921
 2046.315 0.0436162479 0.00364115451
 2046.415 0.0400085166 0.00354787372
 2046.515 0.0428600314 0.00363524956
 2046.615 0.0388902239 0.00348779333
 2046.715 0.0460323669 0.00361732969
 2046.815 0.0414676998 0.00356816097
 2046.915 0.0443513677 0.0036030821
 2047.015 0.0427285238 0.00362073836
 2047.115 0.0394991283 0.00352107391
 2047.215 0.0387340553 0.00351586197
 2047.315 0.0427333404 0.00352769255
 2047.415 0.0444353953 0.003661332
 2047.515 0.0417151085 0.0036407344
 2047.615 0.0437082611 0.00362755913
 2047.715 0.0411434878 0.00358602178
 2047.815 0.0448488634 0.00362392483
 2047.915 0.0415634896 0.00355260178
 2048.015 0.0454759893 0.00365099629
 2048.115 0.0385143377 0.00346975792
 2048.215 0.0399347867 0.00353609306
 2048.315 0.0426786392 0.00359678594
 2048.415 0.0378705336 0.00346274056
 2048.515 0.0399243521 0.00348718832
 2048.615 0.0380828548 0.00347002694
 2048.715 0.0380944355 0.00346820887
 2048.815 0.0411855824 0.00356359539
 2048.915 0.039278967 0.0034996931
 2049.015 0.0444868654 0.00363986987
 2049.115 0.0442259866 0.00365092337
 2049.215 0.0356999015 0.00342463267
 2049.315 0.037050562 0.00349167485
 2049.415 0.0398199876 0.0035527563
 2049.515 0.0373482556 0.00346464774
 2049.615 0.0433866176 0.00362082299
 2049.715 0.0465456621 0.00361772468
 2049.815 0.040229142 0.00348807777
 2049.915 0.0438258045 0.00360521195


