# Data from DA_121219_E7.h5 stim 3
# Ratiometric estimator mono-exponential fit
# Fitted model Ca = baseline+delta*exp(-(t-t0)/tau)
# nobs = 163
# number of degrees of freedom = 160
# baseline length = 7
# fit started from point 44
# estimated baseline 0.0410633 and standard error 0.000464681
# estimated delta 0.0650056 and standard error 0.00190273
# estimated tau 2.59983 and standard error 0.122714
# residual sum of squares: 145.897
# RSS per degree of freedom: 0.911859
# Probability of observing a larger of equal RSS per DOF under the null hypothesis: 0.780897

# rss per degree of freedom: 0.911859

# Time    Ca  Prediction  Residual
2030.02 0.0360423 0.0410633 -1.4442
2030.12 0.0374754 0.0410633 -1.02112
2030.21 0.0343227 0.0410633 -1.95245
2030.31 0.0400785 0.0410633 -0.274352
2030.41 0.0385147 0.0410633 -0.72447
2030.51 0.0369384 0.0410633 -1.1807
2030.61 0.0316437 0.0410633 -2.80853

2034.41 0.106413 0.106069 0.0616163
2034.51 0.107794 0.103616 0.730894
2034.61 0.101335 0.101256 0.0144594
2034.71 0.0931748 0.0989844 -1.13061
2034.81 0.0937654 0.0967988 -0.594564
2034.91 0.0995748 0.0946957 0.92235
2035.01 0.0873837 0.092672 -1.05978
2035.11 0.09699 0.0907246 1.1917
2035.21 0.0852048 0.0888507 -0.730556
2035.31 0.0906706 0.0870475 0.722505
2035.41 0.0852609 0.0853124 -0.0103959
2035.51 0.0900606 0.0836427 1.29796
2035.61 0.0849936 0.082036 0.606485
2035.71 0.0829991 0.08049 0.518403
2035.81 0.084363 0.0790022 1.11447
2035.91 0.0794026 0.0775707 0.382333
2036.01 0.0774032 0.0761931 0.256933
2036.11 0.067226 0.0748675 -1.75334
2036.21 0.0721055 0.073592 -0.334528
2036.31 0.0716932 0.0723646 -0.150374
2036.41 0.0673576 0.0711834 -0.883666
2036.51 0.0646361 0.0700469 -1.25412
2036.61 0.0762882 0.0689532 1.58608
2036.71 0.0748236 0.0679009 1.51329
2036.81 0.065886 0.0668882 -0.23199
2036.91 0.0655631 0.0659137 -0.0817482
2037.01 0.0655764 0.064976 0.137379
2037.11 0.0619839 0.0640737 -0.493413
2037.21 0.0637117 0.0632054 0.11856
2037.31 0.0618968 0.0623699 -0.110337
2037.41 0.0619414 0.061566 0.0885316
2037.51 0.062409 0.0607923 0.390191
2037.61 0.0566991 0.0600479 -0.81812
2037.71 0.055409 0.0593315 -0.989562
2037.81 0.058857 0.0586422 0.0525334
2037.91 0.0518676 0.0579789 -1.55284
2038.01 0.0586326 0.0573406 0.314061
2038.11 0.053985 0.0567264 -0.687235
2038.21 0.0578578 0.0561354 0.42042
2038.31 0.0550581 0.0555666 -0.127613
2038.41 0.0449329 0.0550194 -2.726
2038.51 0.0603394 0.0544928 1.40417
2038.61 0.0551692 0.053986 0.300808
2038.71 0.0557366 0.0534984 0.562664
2038.81 0.0506829 0.0530292 -0.612469
2038.91 0.0538446 0.0525777 0.317874
2039.01 0.0547622 0.0521432 0.653482
2039.11 0.0452218 0.0517251 -1.77596
2039.21 0.0518335 0.0513228 0.131419
2039.31 0.0480676 0.0509357 -0.760207
2039.41 0.0435399 0.0505631 -1.94006
2039.51 0.0481069 0.0502047 -0.546554
2039.61 0.0508626 0.0498597 0.261854
2039.71 0.0470716 0.0495278 -0.643699
2039.81 0.0533412 0.0492084 1.0606
2039.91 0.0557566 0.0489011 1.73782
2040.01 0.0476527 0.0486053 -0.252131
2040.11 0.0470552 0.0483207 -0.337111
2040.21 0.0485658 0.0480469 0.135579
2040.31 0.0437971 0.0477834 -1.11012
2040.41 0.042278 0.0475298 -1.43517
2040.51 0.0496992 0.0472858 0.628949
2040.61 0.0476764 0.047051 0.165137
2040.71 0.0486331 0.0468251 0.483962
2040.81 0.0454923 0.0466077 -0.306638
2040.91 0.0439504 0.0463984 -0.667681
2041.01 0.0479393 0.0461971 0.462971
2041.11 0.0528031 0.0460034 1.75773
2041.21 0.0435659 0.045817 -0.609896
2041.31 0.0421384 0.0456376 -0.961172
2041.41 0.0466847 0.045465 0.323868
2041.51 0.0514563 0.0452989 1.60955
2041.61 0.0480865 0.0451391 0.78245
2041.71 0.0433379 0.0449853 -0.45466
2041.81 0.0490201 0.0448373 1.10699
2041.91 0.0459587 0.0446949 0.341062
2042.01 0.0469448 0.0445579 0.639995
2042.11 0.0446766 0.044426 0.0674398
2042.21 0.0413337 0.0442991 -0.813237
2042.31 0.0473438 0.044177 0.853052
2042.41 0.0457129 0.0440595 0.446479
2042.51 0.0454218 0.0439465 0.399734
2042.61 0.0475629 0.0438377 0.981102
2042.71 0.040817 0.043733 -0.82002
2042.81 0.0451795 0.0436323 0.420744
2042.91 0.0506995 0.0435353 1.89555
2043.01 0.0477368 0.0434421 1.13589
2043.11 0.04802 0.0433523 1.22558
2043.21 0.0439446 0.0432659 0.185143
2043.31 0.0424691 0.0431828 -0.195836
2043.41 0.0431213 0.0431028 0.00502646
2043.51 0.0410181 0.0430259 -0.552663
2043.61 0.046992 0.0429518 1.09753
2043.71 0.0488062 0.0428806 1.56437
2043.81 0.0405162 0.042812 -0.645805
2043.91 0.0467289 0.042746 1.072
2044.01 0.0498752 0.0426825 1.8849
2044.11 0.041348 0.0426214 -0.354733
2044.21 0.0399938 0.0425626 -0.729986
2044.31 0.0516167 0.042506 2.42454
2044.41 0.0394641 0.0424516 -0.838256
2044.51 0.0445932 0.0423992 0.602928
2044.61 0.0398995 0.0423488 -0.682291
2044.71 0.0473709 0.0423003 1.37081
2044.81 0.0407605 0.0422536 -0.41609
2044.91 0.0424222 0.0422087 0.0579059
2045.01 0.0432736 0.0421655 0.307666
2045.11 0.044316 0.0421239 0.601763
2045.21 0.0390753 0.0420839 -0.868066
2045.31 0.0467155 0.0420454 1.26163
2045.41 0.0450874 0.0420083 0.855152
2045.51 0.0414436 0.0419727 -0.15098
2045.61 0.0383412 0.0419383 -1.02642
2045.71 0.0452077 0.0419053 0.909839
2045.81 0.0394375 0.0418736 -0.671516
2045.91 0.0424939 0.041843 0.18071
2046.01 0.0467835 0.0418136 1.33408
2046.11 0.0485456 0.0417853 1.82873
2046.21 0.0358917 0.041758 -1.73723
2046.31 0.0436162 0.0417318 0.517542
2046.41 0.0400085 0.0417066 -0.478613
2046.51 0.04286 0.0416823 0.323975
2046.61 0.0388902 0.0416589 -0.793832
2046.71 0.0460324 0.0416365 1.21523
2046.81 0.0414677 0.0416148 -0.0412378
2046.91 0.0443514 0.041594 0.765271
2047.01 0.0427285 0.041574 0.318863
2047.11 0.0394991 0.0415547 -0.583801
2047.21 0.0387341 0.0415362 -0.796999
2047.31 0.0427333 0.0415183 0.344415
2047.41 0.0444354 0.0415012 0.801407
2047.51 0.0417151 0.0414847 0.0632982
2047.61 0.0437083 0.0414688 0.617358
2047.71 0.0411435 0.0414535 -0.0864388
2047.81 0.0448489 0.0414387 0.941003
2047.91 0.0415635 0.0414246 0.0391032
2048.01 0.045476 0.0414109 1.11341
2048.11 0.0385143 0.0413978 -0.831033
2048.21 0.0399348 0.0413852 -0.410174
2048.31 0.0426786 0.0413731 0.362986
2048.41 0.0378705 0.0413614 -1.00811
2048.51 0.0399244 0.0413501 -0.408859
2048.61 0.0380829 0.0413393 -0.938449
2048.71 0.0380944 0.0413289 -0.932599
2048.81 0.0411856 0.0413189 -0.0374007
2048.91 0.039279 0.0413092 -0.580123
2049.01 0.0444869 0.0412999 0.87556
2049.11 0.044226 0.041291 0.803899
2049.21 0.0356999 0.0412824 -1.63011
2049.31 0.0370506 0.0412742 -1.20962
2049.41 0.03982 0.0412662 -0.407067
2049.51 0.0373483 0.0412585 -1.12862
2049.61 0.0433866 0.0412512 0.589767
2049.71 0.0465457 0.0412441 1.46544
2049.81 0.0402291 0.0412373 -0.28902
2049.91 0.0438258 0.0412307 0.71982
