# τ vs max κ linear regression for data set DA_121219_E7.h5
# Using stimulation: 1, 2, 3, 4
# Best fit: tau = 0.961677 + 0.0121443 kappa_Fura
# Covariance matrix:
# [ +1.90012e-02, -1.41770e-04  
#   -1.41770e-04, +1.28361e-06  ]
# Total sum of squares (TSS) = 126.348
# chisq (Residual sum of squares, RSS) = 11.4488
# Probability of observing a larger of equal RSS per DOF under the null hypothesis: 0.00326524
# R squared (1-RSS/TSS) = 0.909386
# Estimated gamma/v with standard error: 82.3429 +/- 7.68189
# Estimates kappa_S with standard error (using error propagation): 78.1873 +/- 13.5429
# kappa_S confidence intervals based on parametric bootstrap
# 0.95 CI for kappa_S: [47.4643,120.628]
# 0.99 CI for kappa_S: [39.4577,138.341]


# The data
# κ_Fura  τ   τ_SE
36.9166 1.80089 0.154414
88.6551 1.89405 0.0825595
139.847 2.59983 0.122714
208.685 3.69508 0.15065


# The fitted data
# Preticted values with lower and upper bounds of 0.95 CI
# κ_Fura  τ   τ_lwr  τ_upr
-98.7341 -0.237383 -0.715516 0.24075
-97.4627 -0.221943 -0.697333 0.253448
-96.1913 -0.206502 -0.679151 0.266147
-94.9199 -0.191062 -0.66097 0.278847
-93.6484 -0.175621 -0.64279 0.291548
-92.377 -0.160181 -0.624611 0.30425
-91.1056 -0.14474 -0.606434 0.316953
-89.8342 -0.1293 -0.588257 0.329657
-88.5628 -0.113859 -0.570081 0.342362
-87.2914 -0.0984188 -0.551906 0.355068
-86.02 -0.0829783 -0.533732 0.367776
-84.7485 -0.0675378 -0.51556 0.380484
-83.4771 -0.0520973 -0.497388 0.393194
-82.2057 -0.0366569 -0.479218 0.405904
-80.9343 -0.0212164 -0.461049 0.418616
-79.6629 -0.00577589 -0.442881 0.431329
-78.3915 0.00966459 -0.424715 0.444044
-77.1201 0.0251051 -0.406549 0.456759
-75.8486 0.0405456 -0.388385 0.469476
-74.5772 0.055986 -0.370222 0.482194
-73.3058 0.0714265 -0.352061 0.494914
-72.0344 0.086867 -0.333901 0.507635
-70.763 0.102307 -0.315742 0.520357
-69.4916 0.117748 -0.297584 0.53308
-68.2202 0.133188 -0.279429 0.545805
-66.9487 0.148629 -0.261274 0.558532
-65.6773 0.164069 -0.243121 0.57126
-64.4059 0.17951 -0.22497 0.583989
-63.1345 0.19495 -0.20682 0.59672
-61.8631 0.210391 -0.188671 0.609453
-60.5917 0.225831 -0.170525 0.622187
-59.3203 0.241272 -0.152379 0.634923
-58.0488 0.256712 -0.134236 0.647661
-56.7774 0.272153 -0.116094 0.6604
-55.506 0.287593 -0.0979543 0.673141
-54.2346 0.303034 -0.0798161 0.685884
-52.9632 0.318474 -0.0616798 0.698628
-51.6918 0.333915 -0.0435453 0.711375
-50.4203 0.349355 -0.0254127 0.724123
-49.1489 0.364796 -0.00728208 0.736873
-47.8775 0.380236 0.0108466 0.749626
-46.6061 0.395677 0.0289732 0.76238
-45.3347 0.411117 0.0470977 0.775137
-44.0633 0.426558 0.0652202 0.787895
-42.7919 0.441998 0.0833404 0.800656
-41.5204 0.457439 0.101458 0.813419
-40.249 0.472879 0.119574 0.826184
-38.9776 0.48832 0.137688 0.838951
-37.7062 0.50376 0.155799 0.851721
-36.4348 0.519201 0.173907 0.864494
-35.1634 0.534641 0.192014 0.877269
-33.892 0.550082 0.210117 0.890046
-32.6205 0.565522 0.228218 0.902826
-31.3491 0.580962 0.246316 0.915608
-30.0777 0.596403 0.264412 0.928394
-28.8063 0.611843 0.282505 0.941182
-27.5349 0.627284 0.300595 0.953973
-26.2635 0.642724 0.318682 0.966767
-24.9921 0.658165 0.336766 0.979564
-23.7206 0.673605 0.354847 0.992364
-22.4492 0.689046 0.372924 1.00517
-21.1778 0.704486 0.390999 1.01797
-19.9064 0.719927 0.40907 1.03078
-18.635 0.735367 0.427138 1.0436
-17.3636 0.750808 0.445202 1.05641
-16.0922 0.766248 0.463263 1.06923
-14.8207 0.781689 0.48132 1.08206
-13.5493 0.797129 0.499373 1.09489
-12.2779 0.81257 0.517422 1.10772
-11.0065 0.82801 0.535468 1.12055
-9.73509 0.843451 0.553509 1.13339
-8.46368 0.858891 0.571546 1.14624
-7.19226 0.874332 0.589579 1.15908
-5.92085 0.889772 0.607607 1.17194
-4.64943 0.905213 0.625631 1.18479
-3.37802 0.920653 0.64365 1.19766
-2.1066 0.936094 0.661664 1.21052
-0.835189 0.951534 0.679674 1.22339
0.436226 0.966975 0.697678 1.23627
1.70764 0.982415 0.715677 1.24915
2.97905 0.997856 0.733671 1.26204
4.25047 1.0133 0.751659 1.27493
5.52188 1.02874 0.769641 1.28783
6.7933 1.04418 0.787617 1.30074
8.06471 1.05962 0.805588 1.31365
9.33613 1.07506 0.823552 1.32656
10.6075 1.0905 0.841509 1.33949
11.879 1.10594 0.859461 1.35242
13.1504 1.12138 0.877405 1.36535
14.4218 1.13682 0.895342 1.3783
15.6932 1.15226 0.913272 1.39125
16.9646 1.1677 0.931194 1.40421
18.236 1.18314 0.949109 1.41717
19.5074 1.19858 0.967016 1.43015
20.7789 1.21402 0.984914 1.44313
22.0503 1.22946 1.0028 1.45612
23.3217 1.2449 1.02068 1.46912
24.5931 1.26034 1.03856 1.48213
25.8645 1.27578 1.05642 1.49515
27.1359 1.29122 1.07427 1.50818
28.4073 1.30667 1.09212 1.52121
29.6788 1.32211 1.10995 1.53426
30.9502 1.33755 1.12777 1.54732
32.2216 1.35299 1.14558 1.56039
33.493 1.36843 1.16338 1.57347
34.7644 1.38387 1.18117 1.58657
36.0358 1.39931 1.19894 1.59967
37.3072 1.41475 1.2167 1.61279
38.5787 1.43019 1.23445 1.62592
39.8501 1.44563 1.25219 1.63907
41.1215 1.46107 1.26991 1.65223
42.3929 1.47651 1.28762 1.6654
43.6643 1.49195 1.30531 1.67859
44.9357 1.50739 1.32299 1.6918
46.2071 1.52283 1.34064 1.70502
47.4786 1.53827 1.35829 1.71826
48.75 1.55371 1.37591 1.73151
50.0214 1.56915 1.39352 1.74479
51.2928 1.58459 1.41111 1.75808
52.5642 1.60003 1.42867 1.77139
53.8356 1.61547 1.44622 1.78473
55.107 1.63092 1.46375 1.79808
56.3785 1.64636 1.48125 1.81146
57.6499 1.6618 1.49874 1.82486
58.9213 1.67724 1.5162 1.83828
60.1927 1.69268 1.53363 1.85173
61.4641 1.70812 1.55104 1.8652
62.7355 1.72356 1.56842 1.8787
64.0069 1.739 1.58577 1.89222
65.2784 1.75444 1.6031 1.90578
66.5498 1.76988 1.6204 1.91936
67.8212 1.78532 1.63766 1.93298
69.0926 1.80076 1.6549 1.94662
70.364 1.8162 1.6721 1.9603
71.6354 1.83164 1.68927 1.97402
72.9068 1.84708 1.7064 1.98777
74.1783 1.86252 1.72349 2.00155
75.4497 1.87796 1.74055 2.01538
76.7211 1.8934 1.75757 2.02924
77.9925 1.90884 1.77454 2.04315
79.2639 1.92428 1.79148 2.05709
80.5353 1.93972 1.80837 2.07108
81.8067 1.95517 1.82521 2.08512
83.0782 1.97061 1.84201 2.0992
84.3496 1.98605 1.85876 2.11333
85.621 2.00149 1.87546 2.12751
86.8924 2.01693 1.89211 2.14174
88.1638 2.03237 1.90871 2.15603
89.4352 2.04781 1.92525 2.17036
90.7066 2.06325 1.94174 2.18476
91.9781 2.07869 1.95817 2.19921
93.2495 2.09413 1.97454 2.21372
94.5209 2.10957 1.99085 2.22829
95.7923 2.12501 2.0071 2.24292
97.0637 2.14045 2.02329 2.25761
98.3351 2.15589 2.03942 2.27237
99.6065 2.17133 2.05548 2.28719
100.878 2.18677 2.07147 2.30207
102.149 2.20221 2.0874 2.31703
103.421 2.21765 2.10326 2.33205
104.692 2.23309 2.11905 2.34714
105.964 2.24853 2.13477 2.3623
107.235 2.26398 2.15042 2.37753
108.506 2.27942 2.16601 2.39282
109.778 2.29486 2.18152 2.40819
111.049 2.3103 2.19696 2.42363
112.321 2.32574 2.21233 2.43914
113.592 2.34118 2.22764 2.45472
114.864 2.35662 2.24287 2.47037
116.135 2.37206 2.25803 2.48609
117.406 2.3875 2.27312 2.50187
118.678 2.40294 2.28815 2.51773
119.949 2.41838 2.30311 2.53365
121.221 2.43382 2.318 2.54965
122.492 2.44926 2.33282 2.5657
123.763 2.4647 2.34758 2.58182
125.035 2.48014 2.36228 2.59801
126.306 2.49558 2.37691 2.61426
127.578 2.51102 2.39148 2.63056
128.849 2.52646 2.40599 2.64693
130.12 2.5419 2.42045 2.66336
131.392 2.55734 2.43484 2.67984
132.663 2.57278 2.44919 2.69638
133.935 2.58823 2.46347 2.71298
135.206 2.60367 2.47771 2.72963
136.478 2.61911 2.49189 2.74632
137.749 2.63455 2.50602 2.76307
139.02 2.64999 2.52011 2.77987
140.292 2.66543 2.53414 2.79671
141.563 2.68087 2.54814 2.8136
142.835 2.69631 2.56209 2.83053
144.106 2.71175 2.57599 2.84751
145.377 2.72719 2.58986 2.86452
146.649 2.74263 2.60369 2.88158
147.92 2.75807 2.61747 2.89867
149.192 2.77351 2.63122 2.9158
150.463 2.78895 2.64494 2.93296
151.735 2.80439 2.65862 2.95016
153.006 2.81983 2.67227 2.96739
154.277 2.83527 2.68589 2.98466
155.549 2.85071 2.69947 3.00195
156.82 2.86615 2.71303 3.01928
158.092 2.88159 2.72656 3.03663
159.363 2.89703 2.74006 3.05401
160.634 2.91248 2.75353 3.07142
161.906 2.92792 2.76698 3.08885
163.177 2.94336 2.7804 3.10631
164.449 2.9588 2.7938 3.12379
165.72 2.97424 2.80718 3.1413
166.992 2.98968 2.82053 3.15882
168.263 3.00512 2.83387 3.17637
169.534 3.02056 2.84718 3.19393
170.806 3.036 2.86048 3.21152
172.077 3.05144 2.87375 3.22913
173.349 3.06688 2.88701 3.24675
174.62 3.08232 2.90025 3.26439
175.891 3.09776 2.91347 3.28205
177.163 3.1132 2.92668 3.29973
178.434 3.12864 2.93987 3.31742
179.706 3.14408 2.95304 3.33512
180.977 3.15952 2.9662 3.35284
182.248 3.17496 2.97935 3.37058
183.52 3.1904 2.99248 3.38833
184.791 3.20584 3.0056 3.40609
186.063 3.22129 3.01871 3.42386
187.334 3.23673 3.0318 3.44165
188.606 3.25217 3.04488 3.45945
189.877 3.26761 3.05795 3.47726
191.148 3.28305 3.07101 3.49508
192.42 3.29849 3.08406 3.51291
193.691 3.31393 3.0971 3.53075
194.963 3.32937 3.11013 3.54861
196.234 3.34481 3.12315 3.56647
197.505 3.36025 3.13616 3.58434
198.777 3.37569 3.14916 3.60222
200.048 3.39113 3.16215 3.62011
201.32 3.40657 3.17513 3.63801
202.591 3.42201 3.18811 3.65592
203.863 3.43745 3.20107 3.67383
205.134 3.45289 3.21403 3.69175
206.405 3.46833 3.22698 3.70968
207.677 3.48377 3.23993 3.72762
208.948 3.49921 3.25287 3.74556
210.22 3.51465 3.2658 3.76351
211.491 3.53009 3.27872 3.78147
212.762 3.54554 3.29164 3.79943
214.034 3.56098 3.30455 3.8174
215.305 3.57642 3.31745 3.83538
216.577 3.59186 3.33035 3.85336
217.848 3.6073 3.34324 3.87135
