# Cellular [Fura] for dataset DA_121219_E7.h5

# Loading curve with 156 elements
#    Time   AMPLITUDE
    0.021 0.185100929
   30.021 0.707339888
   60.021 0.0539759962
   90.021 -0.737860346
  120.021 0.220990728
  150.021 -0.709883259
  180.021 -0.518000006
  210.021 0.0228903439
  240.021 -0.061323514
  270.021 -0.369071472
  300.021 -0.684449544
  330.021 0.899223141
  360.021 -0.555585385
  390.021 0.529869073
  420.021 0.040411348
 1140.021 12.1095571
 1170.021 13.0966679
 1200.021 13.5516488
 1230.021 14.7224475
 1260.021 14.3694841
 1290.021 16.0596958
 1320.021 17.8519249
 1350.021 18.7285403
 1380.021 19.5794394
 1410.021 20.7146309
 1440.021 21.4002108
 1710.021 29.4372649
 1740.021 29.9205055
 1770.021 32.3304914
 1800.021 33.3243844
 1830.021 35.3746245
 1860.021 35.9519698
 1890.021 34.8947751
 2130.021 44.8549007
 2160.021 45.9980049
 2190.021 48.576701
 2220.021 49.4462515
 2250.021 52.1928102
 2280.021 52.6265963
 2310.021 54.7802668
 2340.021 55.1677071
 2580.021 63.1329816
 2610.021 66.2161131
 2640.021 66.6727896
 2670.021 68.872806
 2700.021 70.3242234
 2730.021 71.7552937
 2760.021 76.616242
 2790.021 71.3410068
 2820.021 77.2939092
 2850.021 80.3903228
 2880.021 83.2541591
 2910.021 85.2430757
 2940.021 87.8842257
 2970.021 88.292013
 3000.021 90.6867386
 3030.021 85.7605105
 3060.021 93.5138374
 3090.021 96.2174413
 3120.021  100.1981
 3150.021 103.380989
 3180.021 107.509446
 3210.021 109.426865
 3240.021 115.448439
 3270.021 115.823162
 3300.021 118.97666
 3330.021 119.382469
 3360.021 123.954038
 3390.021 125.437954
 3420.021 127.179599
 3450.021 127.338136
 3480.021  129.7501
 3510.021 134.036811
 3540.021 134.525986
 3570.021 138.574186
 3600.021 138.30148
 3630.021 142.75888
 3660.021 146.24556
 3690.021 146.397879
 3720.021 146.099175
 3750.021 146.103131
 3780.021 150.616485
 3810.021 155.411871
 3840.021 152.116226
 3870.021 154.746073
 3900.021 156.284812
 3930.021 157.828356
 3960.021 156.696839
 3990.021 159.103151
 4020.021 162.663023
 4050.021 162.663306
 4080.021 162.432141
 4110.021 162.983488
 4140.021 165.496339
 4170.021 166.666572
 4200.021 167.124097
 4230.021 166.750504
 4260.021 172.819553
 4290.021 171.810965
 4320.021 175.237169
 4350.021 171.193774
 4380.021 173.99007
 4410.021 175.686498
 4440.021 180.54999
 4470.021 179.237328
 4500.021 180.505622
 4530.021 177.621156
 4560.021 182.050014
 4590.021 178.968013
 4620.021 177.921274
 4650.021 179.625333
 4680.021 180.841347
 4710.021 180.749786
 4740.021 183.239464
 4770.021 183.177293
 4800.021 182.822916
 4830.021 184.802507
 4860.021 186.461351
 4890.021 183.844504
 4920.021 184.604407
 4950.021 183.747008
 4980.021 184.421284
 5010.021 185.503065
 5040.021 187.690929
 5070.021 187.127431
 5100.021 189.557764
 5130.021 183.64386
 5160.021 185.587561
 5190.021 186.781533
 5220.021 190.901512
 5250.021 186.506284
 5280.021 192.04829
 5310.021 187.367639
 5340.021 190.317667
 5370.021 192.27465
 5400.021 193.065639
 5430.021 190.846688
 5460.021 198.91935
 5490.021 199.391569
 5520.021 193.584487
 5550.021 193.030314
 5580.021 194.03325
 5610.021 188.621238
 5640.021 191.950512
 5670.021 194.588836
 5700.021 196.346305
 5730.021 195.41091
 5760.021   191.181
 5790.021 190.162521
 5820.021 190.548831
 5850.021 194.379149
 5880.021 197.663207
 5910.021       200
 5940.021 197.271245
 5970.021 196.078404
 6000.021 199.265813


# Stim 1 with 200 elements
#    Time   AMPLITUDE
 1080.015 9.74789536
 1080.115 9.68091991
 1080.215 10.8720656
 1080.315 9.69165859
 1080.415 10.3857164
 1080.515 9.81402302
 1080.615 9.55177315
 1080.715 11.1314895
 1080.815 10.3602827
 1080.915 10.0759903
 1081.015 9.95277807
 1081.115 10.2537437
 1081.215 10.9627792
 1081.315 10.7889821
 1081.415 9.87336836
 1081.515 10.2599608
 1081.615 10.2057022
 1081.715 10.6199892
 1081.815 9.72189645
 1081.915 10.0494262
 1082.015  9.368933
 1082.115 10.676226
 1082.215 9.77389427
 1082.315 9.37034598
 1082.415 10.3277841
 1082.515 9.5206875
 1082.615 10.1486177
 1082.715 9.87619432
 1082.815 10.0954895
 1082.915 9.65350802
 1083.015 10.3871294
 1083.115 10.0940765
 1083.215 10.9726701
 1083.315 10.5566875
 1083.415 10.4439314
 1083.515 10.120358
 1083.615 8.98940544
 1083.715 10.7533749
 1083.815 10.2285926
 1083.915 9.44240818
 1084.015 10.4871687
 1084.115 10.159639
 1084.215 9.44692973
 1084.315 10.6262063
 1084.415 10.1522914
 1084.515 10.3998463
 1084.615 9.69476715
 1084.715 9.72472242
 1084.815 9.92790955
 1084.915 10.334849
 1085.015  9.511927
 1085.115 9.67215941
 1085.215 9.97792919
 1085.315 10.2964158
 1085.415 10.6807475
 1085.515 10.3862816
 1085.615 9.98273333
 1085.715 9.48281953
 1085.815 10.6256411
 1085.915 10.4331927
 1086.015 9.55544691
 1086.115 9.68431107
 1086.215 10.5284278
 1086.315 10.3557612
 1086.415 10.6095331
 1086.515 9.92423579
 1086.615 10.2887857
 1086.715 9.46190736
 1086.815 9.80356694
 1086.915 9.83606557
 1087.015 10.8686744
 1087.115 11.1114251
 1087.215 10.1610519
 1087.315 9.60687954
 1087.415 11.0978605
 1087.515 10.6256411
 1087.615 10.4817994
 1087.715 9.95645183
 1087.815 10.5261671
 1087.915 10.3040459
 1088.015 10.4411054
 1088.115 10.1748992
 1088.215 10.1881812
 1088.315 10.4176499
 1088.415 9.39041036
 1088.515 10.2503525
 1088.615 10.280873
 1088.715 10.1935506
 1088.815 10.2701343
 1088.915 9.72867877
 1089.015 10.4162369
 1089.115 10.5761867
 1089.215 10.3455877
 1089.315 10.2396139
 1089.415 10.158226
 1089.515 10.8963689
 1089.615 10.0234273
 1089.715 9.55290354
 1089.815 10.2463962
 1089.915 10.3893902
 1090.015 10.5883384
 1090.115 10.3800645
 1090.215 10.6219674
 1090.315 10.4832123
 1090.415 9.50034053
 1090.515 11.4304769
 1090.615 10.6245108
 1090.715 9.87139018
 1090.815 10.6335539
 1090.915 10.6513575
 1091.015 9.27511085
 1091.115 9.78350256
 1091.215 10.743484
 1091.315 9.63768259
 1091.415 10.7220067
 1091.515 10.854262
 1091.615 10.0593171
 1091.715 9.93412668
 1091.815 11.0566013
 1091.915 9.52436126
 1092.015 10.0302096
 1092.115 10.6570094
 1092.215 9.47377643
 1092.315 11.1221638
 1092.415 10.4379968
 1092.515 11.3338288
 1092.615 10.7222893
 1092.715 9.71567932
 1092.815 9.82221833
 1092.915 10.5767519
 1093.015 10.7030727
 1093.115 10.1870508
 1093.215 10.9232156
 1093.315 9.82560949
 1093.415 10.7400929
 1093.515 10.3224147
 1093.615 9.46558112
 1093.715 10.5699696
 1093.815 10.4962118
 1093.915 10.4365839
 1094.015 11.260071
 1094.115 10.8734786
 1094.215 10.1342052
 1094.315 11.0229723
 1094.415 10.5473618
 1094.515 10.7742871
 1094.615 10.2133324
 1094.715 11.2450934
 1094.815 11.3609581
 1094.915 10.1005762
 1095.015 10.9678659
 1095.115 9.98923306
 1095.215 10.8949559
 1095.315 11.0992734
 1095.415 10.6335539
 1095.515 10.0686428
 1095.615 10.6700088
 1095.715 10.2014633
 1095.815 11.0320154
 1095.915 10.2757863
 1096.015 10.9449756
 1096.115 10.0793815
 1096.215 10.6191414
 1096.315 11.017603
 1096.415 10.4916902
 1096.515 10.9576924
 1096.615  10.30122
 1096.715 10.6459881
 1096.815 10.6293149
 1096.915 11.1179248
 1097.015 10.6849865
 1097.115 10.2184191
 1097.215 11.2970912
 1097.315 9.97001648
 1097.415 10.6253585
 1097.515 11.0789265
 1097.615 10.5448184
 1097.715 10.997256
 1097.815 11.0246679
 1097.915 10.6875298
 1098.015 10.8536968
 1098.115 11.6141649
 1098.215 9.97369023
 1098.315 11.0416237
 1098.415 11.1662489
 1098.515 10.8048075
 1098.615 10.0530999
 1098.715 10.1573782
 1098.815 11.5209079
 1098.915 11.0611229
 1099.015 10.9223678
 1099.115 11.0540579
 1099.215 10.3783689
 1099.315 11.1119903
 1099.415 10.5176891
 1099.515 10.4326275
 1099.615 10.9192593
 1099.715 11.0272112
 1099.815 11.3705664
 1099.915 10.4182151


# Stim 2 with 200 elements
#    Time   AMPLITUDE
 1580.015 25.7934613
 1580.115 26.4759326
 1580.215 26.1628153
 1580.315 26.4010445
 1580.415 26.0540156
 1580.515 26.6666855
 1580.615 25.0782087
 1580.715 25.6470761
 1580.815 26.5423429
 1580.915 25.0858388
 1581.015 26.2052049
 1581.115 25.9720625
 1581.215 25.3480887
 1581.315 26.6680985
 1581.415 27.2575955
 1581.515 24.9154329
 1581.615 25.1751394
 1581.715 26.5375388
 1581.815 25.8333074
 1581.915 24.6681607
 1582.015 25.516799
 1582.115 25.5908393
 1582.215 25.5546669
 1582.315 25.0748175
 1582.415 25.0392103
 1582.515  25.24268
 1582.615 24.8549572
 1582.715 25.299482
 1582.815 25.1672267
 1582.915 24.8103069
 1583.015 25.6089255
 1583.115 25.0307324
 1583.215 25.3817177
 1583.315 24.1428131
 1583.415 25.7228121
 1583.515 25.0496664
 1583.615 25.4851481
 1583.715 26.7726593
 1583.815 26.4991056
 1583.915 24.8625873
 1584.015 25.5275376
 1584.115 24.5924247
 1584.215 26.2608764
 1584.315 25.9333467
 1584.415 26.1452943
 1584.515 25.2553969
 1584.615 24.9954078
 1584.715 25.3432845
 1584.815 26.3416991
 1584.915 26.2063353
 1585.015 24.5359053
 1585.115 24.9968208
 1585.215 25.8301989
 1585.315 25.7906353
 1585.415 25.1075987
 1585.515 26.2880057
 1585.615 25.3698486
 1585.715 25.5524062
 1585.815 25.225159
 1585.915 26.0636239
 1586.015 25.799961
 1586.115 26.1139261
 1586.215 26.9478694
 1586.315 26.3640243
 1586.415 26.7342262
 1586.515 25.8621323
 1586.615 26.6355999
 1586.715 25.5213205
 1586.815 26.3425469
 1586.915 25.748811
 1587.015 26.4748023
 1587.115 26.4731067
 1587.215 26.0650368
 1587.315 26.0164302
 1587.415 26.0805797
 1587.515 26.0379075
 1587.615 26.8673293
 1587.715 26.2377035
 1587.815 26.0596675
 1587.915 26.107709
 1588.015 26.2888535
 1588.115 25.6674231
 1588.215 25.9367379
 1588.315 25.8881312
 1588.415 26.662164
 1588.515 27.0332136
 1588.615 26.3391558
 1588.715 25.6973783
 1588.815 26.2215955
 1588.915 25.9675409
 1589.015 25.9361727
 1589.115 25.8838923
 1589.215 27.3463309
 1589.315 25.1793783
 1589.415 26.2244215
 1589.515 25.9652802
 1589.615 26.501649
 1589.715 25.9172387
 1589.815 25.3907608
 1589.915 25.6357722
 1590.015 26.904632
 1590.115 25.4294765
 1590.215 26.564668
 1590.315 26.5754067
 1590.415 27.0394307
 1590.515 26.8006364
 1590.615 26.374763
 1590.715 26.2880057
 1590.815 25.835003
 1590.915 25.8440461
 1591.015 26.2190521
 1591.115 26.1958792
 1591.215 26.1885317
 1591.315 26.2193347
 1591.415 26.7565513
 1591.515 26.6706419
 1591.615 26.5044749
 1591.715 26.1108175
 1591.815 26.7576817
 1591.915 26.0913183
 1592.015 27.3045066
 1592.115 25.7191383
 1592.215 26.5672114
 1592.315 26.4513467
 1592.415 27.2366833
 1592.515 27.4494788
 1592.615 26.230356
 1592.715 26.9097188
 1592.815 27.5212583
 1592.915 27.8205284
 1593.015 26.3250259
 1593.115 25.6515977
 1593.215 26.0562763
 1593.315 26.6904236
 1593.415 27.6340145
 1593.515 26.6282523
 1593.615 27.3802425
 1593.715 26.5686244
 1593.815 27.1668819
 1593.915 27.4542829
 1594.015 25.3961301
 1594.115 27.119123
 1594.215 25.8471547
 1594.315 27.0484738
 1594.415 26.4174351
 1594.515 26.5138006
 1594.615 26.7031405
 1594.715 26.6974886
 1594.815 27.7738999
 1594.915 26.4971274
 1595.015 26.5118224
 1595.115 27.0668426
 1595.215 26.605362
 1595.315 26.0079523
 1595.415 26.4239348
 1595.515 26.5468644
 1595.615 26.7500516
 1595.715 26.9232834
 1595.815 25.7601148
 1595.915 26.8834373
 1596.015 26.8246571
 1596.115 27.1835551
 1596.215 26.6460559
 1596.315 26.657925
 1596.415 26.8430259
 1596.515 26.9416522
 1596.615 27.3805251
 1596.715 26.8594166
 1596.815 26.803745
 1596.915 26.9812158
 1597.015 27.1682949
 1597.115 26.3756108
 1597.215 25.9839315
 1597.315 26.5629725
 1597.415 26.9083058
 1597.515 27.0210619
 1597.615 27.8646135
 1597.715 26.6528383
 1597.815 27.8400276
 1597.915  26.81844
 1598.015 26.5666462
 1598.115 26.2439206
 1598.215 27.3926768
 1598.315 26.6647073
 1598.415 26.0862316
 1598.515 26.1529245
 1598.615 26.0763407
 1598.715 26.3589375
 1598.815 26.7073795
 1598.915 26.6313609
 1599.015 26.2848972
 1599.115   26.9425
 1599.215 27.1657515
 1599.315 27.5899294
 1599.415 26.6655551
 1599.515 27.0993413
 1599.615 25.9867575
 1599.715 26.3448077
 1599.815 26.3295475
 1599.915 27.5579959


# Stim 3 with 200 elements
#    Time   AMPLITUDE
 2030.015 41.7977681
 2030.115 40.1821619
 2030.215 42.3742656
 2030.315 41.2390741
 2030.415 41.162773
 2030.515 41.2150534
 2030.615 41.4561085
 2030.715 41.8726562
 2030.815 40.5241041
 2030.915 41.5137582
 2031.015 42.353636
 2031.115 41.7279666
 2031.215 42.6777746
 2031.315 42.4443496
 2031.415 41.7748777
 2031.515 41.3823507
 2031.615 41.0822329
 2031.715 41.2978542
 2031.815 41.4869115
 2031.915 40.4023049
 2032.015 41.3851767
 2032.115 40.4003267
 2032.215 40.9821936
 2032.315 39.5321892
 2032.415 39.7020299
 2032.515 39.3284369
 2032.615 39.8470021
 2032.715 40.0897528
 2032.815 40.4105002
 2032.915 41.5866682
 2033.015 41.034474
 2033.115 38.2102012
 2033.215 40.5071483
 2033.315 40.0694058
 2033.415 40.6425122
 2033.515 40.7662896
 2033.615 39.3654571
 2033.715 40.385349
 2033.815 40.5557549
 2033.915 40.8680245
 2034.015 39.8653709
 2034.115 41.7740299
 2034.215 40.5492552
 2034.315 41.2469868
 2034.415 40.5255171
 2034.515 39.8665013
 2034.615 39.8057429
 2034.715 41.7573567
 2034.815 39.5618619
 2034.915 41.5095193
 2035.015 40.7948319
 2035.115 39.8930654
 2035.215 41.0364522
 2035.315 41.2984194
 2035.415 40.8425907
 2035.515 42.0749955
 2035.615 39.6477713
 2035.715 41.4021325
 2035.815 41.1808592
 2035.915 40.8796109
 2036.015 39.9710621
 2036.115 41.3326137
 2036.215 41.4691079
 2036.315 41.4835204
 2036.415 39.9688013
 2036.515 40.9160659
 2036.615 41.2814636
 2036.715 42.6274724
 2036.815 41.089863
 2036.915 40.8479601
 2037.015 40.5218433
 2037.115 41.1506213
 2037.215 40.9369781
 2037.315 41.424175
 2037.415 41.0613207
 2037.515 42.3847217
 2037.615 40.8736764
 2037.715 40.2923747
 2037.815 41.3046366
 2037.915 41.3653949
 2038.015 41.0734724
 2038.115 41.5485176
 2038.215 42.3598532
 2038.315 40.9409344
 2038.415 41.7420965
 2038.515 41.788725
 2038.615 41.7610305
 2038.715 42.1117331
 2038.815 42.1286889
 2038.915 41.4221969
 2039.015 41.3653949
 2039.115 41.5044325
 2039.215 41.4640212
 2039.315 42.090821
 2039.415 41.2743987
 2039.515 41.6301881
 2039.615 41.1169923
 2039.715 41.2147708
 2039.815 43.0115215
 2039.915 40.9268046
 2040.015 42.1416884
 2040.115 41.1480779
 2040.215 42.3996993
 2040.315 42.1089072
 2040.415 42.3222678
 2040.515 41.1822721
 2040.615 41.5069759
 2040.715 41.895264
 2040.815 41.3153752
 2040.915 42.4098728
 2041.015 40.8488079
 2041.115 41.8053982
 2041.215 42.1979252
 2041.315 41.9551745
 2041.415 41.2320092
 2041.515 41.7322056
 2041.615 41.5208231
 2041.715  44.02124
 2041.815 41.8311145
 2041.915 40.8962841
 2042.015 41.2204227
 2042.115 42.5636055
 2042.215 41.8946988
 2042.315 41.197815
 2042.415 41.7370097
 2042.515 41.0121488
 2042.615 43.4766759
 2042.715 41.3439175
 2042.815 42.0427795
 2042.915 41.8797211
 2043.015 41.8192454
 2043.115 41.8308319
 2043.215 41.8737866
 2043.315 41.7367271
 2043.415 42.5819743
 2043.515 42.2917473
 2043.615 42.7806399
 2043.715 41.5191276
 2043.815 42.0693436
 2043.915 41.3625689
 2044.015 42.0574745
 2044.115 42.4412411
 2044.215 41.640079
 2044.315 41.1494909
 2044.415 41.6087108
 2044.515 41.9854124
 2044.615 42.3129421
 2044.715 41.5521914
 2044.815 42.0738652
 2044.915 42.2024467
 2045.015 41.6643823
 2045.115 42.4683703
 2045.215 40.7518771
 2045.315 41.9645002
 2045.415 41.2605515
 2045.515 43.2268603
 2045.615 42.2103594
 2045.715 42.1764478
 2045.815 41.2707249
 2045.915 41.9856949
 2046.015 42.7891178
 2046.115 41.3184838
 2046.215 41.3509824
 2046.315 42.4873043
 2046.415 43.1641238
 2046.515 40.9533687
 2046.615 42.5559754
 2046.715  42.24851
 2046.815 40.7654418
 2046.915 41.4979328
 2047.015 42.2948559
 2047.115 41.8644609
 2047.215 41.3464609
 2047.315 42.4350239
 2047.415 42.9646104
 2047.515 43.0270643
 2047.615 42.1301019
 2047.715 42.3621139
 2047.815 41.654774
 2047.915 43.879659
 2048.015 42.6317113
 2048.115 41.5787555
 2048.215 42.3542012
 2048.315 41.5584085
 2048.415 42.6834265
 2048.515 43.2251647
 2048.615 41.4035455
 2048.715 42.3561794
 2048.815 41.9645002
 2048.915 41.4072192
 2049.015 41.7002721
 2049.115 42.3414844
 2049.215 42.9869355
 2049.315 42.9230687
 2049.415 42.2061205
 2049.515 41.9074156
 2049.615 41.6869901
 2049.715 42.3646573
 2049.815 41.6638171
 2049.915 43.2062307


# Stim 4 with 200 elements
#    Time   AMPLITUDE
 2490.015 60.3171867
 2490.115 59.5524796
 2490.215 60.0925222
 2490.315 60.9380519
 2490.415 60.7789499
 2490.515 61.0683291
 2490.615 61.3718381
 2490.715 61.7499527
 2490.815 59.4535708
 2490.915 60.2341032
 2491.015 61.2924284
 2491.115 60.9335304
 2491.215 60.6599767
 2491.315 61.2910154
 2491.415 59.7895784
 2491.515 58.0985189
 2491.615 60.7133875
 2491.715 59.9108124
 2491.815 60.3776624
 2491.915 59.7867524
 2492.015 60.4850492
 2492.115 59.4482014
 2492.215 60.9442691
 2492.315 60.3027743
 2492.415 58.5323051
 2492.515 58.2084491
 2492.615 58.0722374
 2492.715 57.5118479
 2492.815 57.8978752
 2492.915 59.2749696
 2493.015 58.7312532
 2493.115 59.3280978
 2493.215 59.3035118
 2493.315 58.1225396
 2493.415 57.9504382
 2493.515 59.9481152
 2493.615  59.18143
 2493.715 59.9204207
 2493.815 59.7047993
 2493.915 58.4548735
 2494.015 59.466005
 2494.115 58.6196275
 2494.215 59.4385931
 2494.315 59.2161894
 2494.415 58.6659734
 2494.515 58.946592
 2494.615 59.3060552
 2494.715 57.2900094
 2494.815 59.0997595
 2494.915 59.1034333
 2495.015 58.7191016
 2495.115 59.2396449
 2495.215 60.5845233
 2495.315 58.5320225
 2495.415 60.1320858
 2495.515 59.9613973
 2495.615 59.1452576
 2495.715 59.1088026
 2495.815 59.3880083
 2495.915 59.374161
 2496.015 60.5794366
 2496.115 59.4394409
 2496.215 59.2266455
 2496.315 59.749167
 2496.415 58.5992805
 2496.515 60.3722931
 2496.615 59.1325407
 2496.715 60.073023
 2496.815 60.612783
 2496.915 60.075849
 2497.015 59.5513493
 2497.115 60.0834791
 2497.215 59.8336635
 2497.315 59.3052074
 2497.415 59.6152161
 2497.515 60.1592151
 2497.615 60.1394333
 2497.715 61.3670339
 2497.815 59.3970514
 2497.915 60.9603771
 2498.015 58.9607219
 2498.115 60.5556984
 2498.215 60.0617191
 2498.315 60.075849
 2498.415 60.1869095
 2498.515 59.7873176
 2498.615 59.6841698
 2498.715 60.1626062
 2498.815 60.0538064
 2498.915 60.3674889
 2499.015 60.4915489
 2499.115 59.8158599
 2499.215 60.3691845
 2499.315 61.0787852
 2499.415 60.1481938
 2499.515 61.3034497
 2499.615 60.9575511
 2499.715 60.2095173
 2499.815 61.2644513
 2499.915 59.985418
 2500.015 60.0605888
 2500.115 61.2647339
 2500.215 59.9404851
 2500.315 61.2616253
 2500.415 61.4549216
 2500.515 61.3065582
 2500.615 60.291753
 2500.715 60.7716024
 2500.815 61.3062756
 2500.915 60.4344644
 2501.015 60.8171005
 2501.115 59.5660443
 2501.215 60.1363247
 2501.315 61.4529434
 2501.415 60.8628812
 2501.515 60.7258217
 2501.615 60.8849237
 2501.715 60.680041
 2501.815 60.3290558
 2501.915 60.2420159
 2502.015 61.6795861
 2502.115 61.6550001
 2502.215 60.6206957
 2502.315 60.6195653
 2502.415 61.5710689
 2502.515 60.8357519
 2502.615 61.3042975
 2502.715 61.0146357
 2502.815 60.3742713
 2502.915 62.0972642
 2503.015 60.8368823
 2503.115 60.9004666
 2503.215 61.342448
 2503.315 61.0335697
 2503.415 61.7510831
 2503.515 59.7522756
 2503.615 59.7206248
 2503.715 60.7272347
 2503.815 60.1535631
 2503.915 59.9582887
 2504.015 59.7641447
 2504.115 61.8963378
 2504.215 61.2918632
 2504.315 60.7334518
 2504.415 61.0604164
 2504.515 61.079633
 2504.615 61.6366313
 2504.715 62.3516013
 2504.815 61.9223367
 2504.915 60.8137093
 2505.015 62.0562876
 2505.115 60.3980094
 2505.215 61.3780552
 2505.315 61.5823727
 2505.415 60.9719636
 2505.515 59.9150514
 2505.615 61.1446302
 2505.715 59.8729445
 2505.815 60.5715238
 2505.915 61.0892413
 2506.015 60.7772543
 2506.115 61.9245975
 2506.215 59.9975697
 2506.315 61.4778119
 2506.415 61.3034497
 2506.515 61.359969
 2506.615 59.8548583
 2506.715 62.7325419
 2506.815 60.7436253
 2506.915 61.8612958
 2507.015 62.2391278
 2507.115 63.9106881
 2507.215 60.7006706
 2507.315 60.8744677
 2507.415 61.4653776
 2507.515 60.7436253
 2507.615 60.269993
 2507.715 60.9250525
 2507.815 60.0755664
 2507.915 61.2963847
 2508.015 61.3288834
 2508.115 60.449442
 2508.215 60.1722145
 2508.315 61.8087328
 2508.415 61.1593253
 2508.515 61.2661469
 2508.615 60.9047055
 2508.715 59.466005
 2508.815 61.4919418
 2508.915 60.6424557
 2509.015 61.162999
 2509.115 61.7103891
 2509.215 60.4791147
 2509.315 61.3944458
 2509.415 61.9972249
 2509.515 61.5162451
 2509.615 61.362795
 2509.715 61.4260967
 2509.815 61.001071
 2509.915 61.4150754


