# Data from DA_130128_E1.h5 stim 4
# Ratiometric estimator
# Ratiometric estimator:
#    Time    Ca (est)    Ca (se)
 1500.015 0.0362177528 0.00215413699
 1500.115 0.031518951 0.00207501296
 1500.215 0.0349350254 0.00212689327
 1500.315 0.0310930706 0.00209693745
 1500.415 0.0376279813 0.00216200179
 1500.515 0.0341220824 0.00212073817
 1500.615 0.0325894108 0.00207336017
 1500.715 0.0327376444 0.00209392041
 1500.815 0.0336280099 0.00211624264
 1500.915 0.0344833272 0.00212995854
 1501.015 0.0358044771 0.00217011704
 1501.115 0.03952737 0.00222993375
 1501.215 0.0348760054 0.00212913018
 1501.315 0.0347426636 0.00212476566
 1501.415 0.0381694702 0.00219243935
 1501.515 0.0398879049 0.00223304885
 1501.615 0.0448349532 0.00231415629
 1501.715 0.061305277 0.00256831593
 1501.815 0.0691953203 0.0027410176
 1501.915 0.0702902668 0.00277809795
 1502.015 0.0748708563 0.00288303216
 1502.115 0.0706392492 0.00284134598
 1502.215 0.0766123537 0.00288814144
 1502.315 0.0777233948 0.0029007102
 1502.415 0.0750515157 0.00286574864
 1502.515 0.0672287377 0.00273921693
 1502.615 0.0736784318 0.00287862729
 1502.715 0.067980167 0.00277252845
 1502.815 0.0707273583 0.00274877283
 1502.915 0.0675489097 0.00271343983
 1503.015 0.0678998149 0.00270707956
 1503.115 0.0674932369 0.00270379395
 1503.215 0.0644369499 0.00263978786
 1503.315 0.0659234387 0.00269654774
 1503.415 0.0696632701 0.00278587614
 1503.515 0.0670513938 0.00268950354
 1503.615 0.0632912022 0.00265012118
 1503.715 0.0655243432 0.00266656549
 1503.815 0.0600996343 0.00256310642
 1503.915 0.0656457823 0.00270417732
 1504.015 0.0635879648 0.00263820578
 1504.115 0.0569122908 0.00252276913
 1504.215 0.0585015639 0.00258281999
 1504.315 0.0620713347 0.00260280917
 1504.415 0.0621830309 0.00262966703
 1504.515 0.0593342332 0.00260336416
 1504.615 0.0591138046 0.00259222774
 1504.715 0.0603235392 0.00252927574
 1504.815 0.0597658024 0.00254843917
 1504.915 0.060315522 0.00253286565
 1505.015 0.0525357677 0.00245433553
 1505.115 0.0570256483 0.00247694293
 1505.215 0.0541603871 0.00245257664
 1505.315 0.0535368878 0.00243397009
 1505.415 0.0572909239 0.00254987736
 1505.515 0.0541834845 0.00246841599
 1505.615 0.0501986886 0.0024200211
 1505.715 0.0514807374 0.00242072128
 1505.815 0.0523626202 0.0024246795
 1505.915 0.0549453179 0.00249994157
 1506.015 0.0532321202 0.00248753102
 1506.115 0.0538139673 0.00245660408
 1506.215 0.0500081829 0.00238336412
 1506.315 0.0491914461 0.00240765801
 1506.415 0.0522762875 0.00240202521
 1506.515 0.0521357289 0.00244077295
 1506.615 0.0513869123 0.00243318792
 1506.715 0.0496018517 0.00238062525
 1506.815 0.0501683874 0.00237875449
 1506.915 0.0493230589 0.00237549572
 1507.015 0.0499190132 0.00238545092
 1507.115 0.0497348014 0.00240865944
 1507.215 0.045074621 0.00233941687
 1507.315 0.0468486825 0.00234884251
 1507.415 0.0478184492 0.00238976135
 1507.515 0.0442940722 0.00228982134
 1507.615 0.0481293913 0.00235013096
 1507.715 0.0505809654 0.002434291
 1507.815 0.0455409295 0.00230151983
 1507.915 0.0473753762 0.00235723591
 1508.015 0.0486390402 0.00237876878
 1508.115 0.0414763397 0.00227338353
 1508.215 0.0452637337 0.00232259772
 1508.315 0.0490367711 0.0023792873
 1508.415 0.0488509174 0.00234996939
 1508.515 0.0494557822 0.00239276563
 1508.615 0.0414196487 0.00226690189
 1508.715 0.0477307933 0.0023661203
 1508.815 0.0418614612 0.0022491727
 1508.915 0.0476328852 0.00236723117
 1509.015 0.0461772648 0.0023294722
 1509.115 0.0447125811 0.002303501
 1509.215 0.0440184878 0.00229507378
 1509.315 0.0474321061 0.00234308908
 1509.415 0.0461092505 0.00228524538
 1509.515 0.0440803091 0.00230513867
 1509.615 0.0453385901 0.00228008336
 1509.715 0.047505905 0.00238409719
 1509.815 0.0412372778 0.00224564446
 1509.915 0.0445947849 0.00229132536
 1510.015 0.0441512527 0.00229115829
 1510.115 0.0429119801 0.00225859119
 1510.215 0.0428739859 0.00224409608
 1510.315 0.0422167523 0.00223108213
 1510.415 0.0440362451 0.00228555975
 1510.515 0.0418429911 0.00226051027
 1510.615 0.0438408167 0.00229141144
 1510.715 0.0408961597 0.00223197628
 1510.815 0.0449048801 0.00227956753
 1510.915 0.0451232758 0.00233933234
 1511.015 0.0423901169 0.0022644457
 1511.115 0.0389514081 0.00219854561
 1511.215 0.0429997385 0.00232591781
 1511.315 0.0432620719 0.00226881046
 1511.415 0.0397584806 0.00222016583
 1511.515 0.0450455928 0.00228436487
 1511.615 0.0456267411 0.00232226155
 1511.715 0.0419283913 0.00226755195
 1511.815 0.0413849831 0.0022320166
 1511.915 0.0394897778 0.00220643312
 1512.015 0.0392379954 0.00220123591
 1512.115 0.039657753 0.00223609203
 1512.215 0.0431899451 0.0022855587
 1512.315 0.039893065 0.00221106766
 1512.415 0.039914678 0.00219419055
 1512.515 0.0412189708 0.00227882931
 1512.615 0.0428164382 0.00230745566
 1512.715 0.0389333389 0.00222524093
 1512.815 0.0428327046 0.00228170008
 1512.915 0.0368900034 0.00214128806
 1513.015 0.0412917154 0.00227647934
 1513.115 0.0369230587 0.00215528658
 1513.215 0.038843382 0.00221851983
 1513.315 0.0394709453 0.00225753123
 1513.415 0.0403092241 0.00226635917
 1513.515 0.0422864209 0.00227805565
 1513.615 0.03844623 0.00218616577
 1513.715 0.0437684972 0.00226788986
 1513.815 0.0395305319 0.00220856417
 1513.915 0.0366130373 0.00219143514
 1514.015 0.0402463222 0.00221326997
 1514.115 0.0401560016 0.00222266416
 1514.215 0.0410089328 0.00225021843
 1514.315 0.0391923167 0.00218116296
 1514.415 0.0371983199 0.00218049755
 1514.515 0.0397195826 0.00220559658
 1514.615 0.040145047 0.00224805868
 1514.715 0.0434813681 0.00224933275
 1514.815 0.041272746 0.00225116229
 1514.915 0.0389680962 0.00227519147
 1515.015 0.0423776733 0.00226278286
 1515.115 0.0354622929 0.00215440772
 1515.215 0.0392474949 0.00218203749
 1515.315 0.040756876 0.00222844168
 1515.415 0.0425990391 0.00225274357
 1515.515 0.0372558055 0.00214526873
 1515.615 0.0344115242 0.00213565885
 1515.715 0.0417840153 0.00222116009
 1515.815 0.0365470689 0.00219908423
 1515.915 0.0407333905 0.00224234247
 1516.015 0.0367082763 0.00219584036
 1516.115 0.0374881526 0.00214068992
 1516.215 0.0394103395 0.00219996489
 1516.315 0.0376720783 0.00218458488
 1516.415 0.0414055131 0.00224052672
 1516.515 0.0383133807 0.00222573749
 1516.615 0.0391613941 0.0022079996
 1516.715 0.0368606012 0.00217284103
 1516.815 0.038089175 0.00218598232
 1516.915 0.034358235 0.00214590092
 1517.015 0.0343091398 0.002136153
 1517.115 0.0389893312 0.0022107761
 1517.215 0.0365622848 0.00216081171
 1517.315 0.0364742932 0.00213847515
 1517.415 0.0369982915 0.00220580321
 1517.515 0.036550983 0.00216908719
 1517.615 0.0356111272 0.00214043518
 1517.715 0.0393265818 0.00221545111
 1517.815 0.0379000344 0.00218664578
 1517.915 0.037606192 0.002187261
 1518.015 0.0370431563 0.00216190945
 1518.115 0.0401589072 0.00218647693
 1518.215 0.0346474449 0.00214846076
 1518.315 0.0329227604 0.00213817414
 1518.415 0.0378729454 0.00219387316
 1518.515 0.0340540911 0.00212648462
 1518.615 0.0356531532 0.00216632241
 1518.715 0.0392898251 0.00219782574
 1518.815 0.0370924058 0.0021875101
 1518.915 0.0393485579 0.00219775548
 1519.015 0.0365152613 0.00219009985
 1519.115 0.0357180848 0.00216795183
 1519.215 0.0376523173 0.00220139522
 1519.315 0.0384410876 0.00222766634
 1519.415 0.0361358793 0.00217016435
 1519.515 0.0382797891 0.00218048747
 1519.615 0.0362377827 0.00219182028
 1519.715 0.0381960558 0.0021660333
 1519.815 0.0324883135 0.00211181744
 1519.915 0.0359727466 0.00217979982


