# Data from DA_130128_E1.h5 stim 1
# Ratiometric estimator
# Ratiometric estimator:
#    Time    Ca (est)    Ca (se)
  370.015 0.0428405198 0.0104371445
  370.115 0.0730383809 0.0125506568
  370.215 0.0585358384 0.0117137257
  370.315 0.083670012 0.0145779582
  370.415 0.0474038318 0.0104722821
  370.515 0.0353561115 0.0100700614
  370.615 0.0545951372 0.0112898618
  370.715 0.0599330912 0.0120182487
  370.815 0.0547882118 0.011064889
  370.915 0.0405715228 0.0102846912
  371.015 0.0645023036 0.0129532224
  371.115 0.0462382703 0.0105613578
  371.215 0.0554165649 0.0116742767
  371.315 0.0797744303 0.0134149761
  371.415 0.0740526417 0.0137066394
  371.515 0.0743631393 0.0141434294
  371.615 0.11638788 0.01658848
  371.715 0.175313958 0.0232933562
  371.815 0.118103516 0.0185959288
  371.915 0.202024133 0.0267202365
  372.015 0.231783333 0.0313373776
  372.115 0.196878176 0.0255129073
  372.215 0.126648073 0.0184242317
  372.315 0.148808068 0.0213595952
  372.415 0.12397343 0.018434526
  372.515 0.104390911 0.0169244267
  372.615 0.125740878 0.0177894912
  372.715 0.096324796 0.015800427
  372.815 0.1073537 0.0154633765
  372.915 0.0919397737 0.0156720081
  373.015 0.104079037 0.015930254
  373.115 0.0844858518 0.0140342917
  373.215 0.103565843 0.0158813721
  373.315 0.0872284794 0.0148241999
  373.415 0.09996225 0.0152577034
  373.515 0.087782086 0.0142115737
  373.615 0.0614998983 0.0122570989
  373.715 0.0593695879 0.0116266573
  373.815 0.0651624208 0.0122638252
  373.915 0.0643877508 0.0125811398
  374.015 0.0768121334 0.0132984041
  374.115 0.0783398439 0.0127870891
  374.215 0.0628129143 0.0120992578
  374.315 0.0721929987 0.0123357071
  374.415 0.0926101855 0.0146821932
  374.515 0.0598294331 0.0119457031
  374.615 0.0720718617 0.0124282663
  374.715 0.0679366936 0.011937396
  374.815 0.0732656271 0.0123223152
  374.915 0.0561421874 0.0112868187
  375.015 0.0661766081 0.0116686109
  375.115 0.0497314149 0.0111453047
  375.215 0.0494699575 0.0109877411
  375.315 0.0721907105 0.0120916801
  375.415 0.0803149446 0.0130284912
  375.515 0.0517252778 0.0105929766
  375.615 0.052511389 0.0111959504
  375.715 0.0525342513 0.010751409
  375.815 0.07553884 0.0130371052
  375.915 0.0666520777 0.0120151417
  376.015 0.0688985726 0.0122792429
  376.115 0.0453127043 0.0101805125
  376.215 0.0646984573 0.0115685295
  376.315 0.0680264773 0.0125027565
  376.415 0.0589578485 0.011058933
  376.515 0.0512747888 0.0107680393
  376.615 0.0760609871 0.0131765801
  376.715 0.0770782541 0.013011992
  376.815 0.0834454613 0.0127333195
  376.915 0.0552712028 0.0108920918
  377.015 0.0694231715 0.012141342
  377.115 0.0557046785 0.0111479562
  377.215 0.0865920952 0.0134270299
  377.315 0.0401681004 0.0100869132
  377.415 0.0699226593 0.0120616046
  377.515 0.0466641794 0.0100614512
  377.615 0.0538358138 0.0111496941
  377.715 0.0612825479 0.0109243371
  377.815 0.0531709331 0.0108701604
  377.915 0.0461095191 0.0103136425
  378.015 0.0451347628 0.0100401446
  378.115 0.0551309604 0.0109733523
  378.215 0.0381973257 0.00956989298
  378.315 0.0451207622 0.00963435115
  378.415 0.0380980682 0.00973992762
  378.515 0.0575491573 0.0107416371
  378.615 0.0520468001 0.0105541785
  378.715 0.0562845188 0.0107786201
  378.815 0.0625056611 0.0119304599
  378.915 0.0580693875 0.0102773502
  379.015 0.057342155 0.010670579
  379.115 0.0516084644 0.0101374439
  379.215 0.0370097961 0.00972108706
  379.315 0.0416114713 0.0099521003
  379.415 0.0516317433 0.0106100106
  379.515 0.04201901 0.00989774532
  379.615 0.0645596302 0.0108141788
  379.715 0.0536944311 0.0107791962
  379.815 0.0455437834 0.0102166282
  379.915 0.0702051281 0.0114805439
  380.015 0.0510320744 0.0102350556
  380.115 0.0494361403 0.0104451283
  380.215 0.067001426 0.0114553277
  380.315 0.0486795545 0.00967270578
  380.415 0.0483864792 0.0100566181
  380.515 0.079168635 0.0119282442
  380.615 0.0634364846 0.0115214664
  380.715 0.0462504 0.0102243634
  380.815 0.0486535116 0.0100448393
  380.915 0.0481332092 0.0101248825
  381.015 0.0593865214 0.010946242
  381.115 0.0514030516 0.010343828
  381.215 0.0602201213 0.010908197
  381.315 0.0730906587 0.0115791952
  381.415 0.0511968138 0.0101964222
  381.515 0.052216107 0.0101745675
  381.615 0.0478607966 0.0100411498
  381.715 0.0619174597 0.0115318922
  381.815 0.0523578384 0.010271003
  381.915 0.0755410004 0.0117220833
  382.015 0.0807869173 0.0126008085
  382.115 0.0798126887 0.0120891038
  382.215 0.056566522 0.0106662022
  382.315 0.0637034532 0.0110588005
  382.415 0.0440964583 0.00972807031
  382.515 0.0682934153 0.0110073283
  382.615 0.0496063155 0.0104222178
  382.715 0.0525149744 0.0105542391
  382.815 0.0588564787 0.0106602962
  382.915 0.0549568537 0.00976868781
  383.015 0.0463075625 0.0102413789
  383.115 0.0574911811 0.010085646
  383.215 0.0765486156 0.0120383546
  383.315 0.055824059 0.0106673276
  383.415 0.0648530022 0.0118801521
  383.515 0.0580015443 0.0103081723
  383.615 0.0519652659 0.00985239242
  383.715 0.0533098144 0.00990582629
  383.815 0.0646684337 0.0107629698
  383.915 0.0499240593 0.00997938067
  384.015 0.0515265475 0.0100608428
  384.115 0.0526031524 0.0104009034
  384.215 0.0571204463 0.0104224219
  384.315 0.0518309552 0.00984777498
  384.415 0.0684287783 0.0110747606
  384.515 0.0382567444 0.00951101339
  384.615 0.0675903826 0.0113872271
  384.715 0.0522496048 0.0101338844
  384.815 0.0476306796 0.00923681802
  384.915 0.0514094579 0.0100868458
  385.015 0.0344896463 0.00949221495
  385.115 0.0490878803 0.00989547777
  385.215 0.0486259765 0.00968567903
  385.315 0.0532420834 0.0098262794
  385.415 0.059012864 0.010394424
  385.515 0.0499075662 0.00959427128
  385.615 0.0540260464 0.00995594664
  385.715 0.0437037026 0.00954134947
  385.815 0.0407633459 0.00923638789
  385.915 0.0576483359 0.00972250339
  386.015 0.0588314896 0.0107070388
  386.115 0.0461306611 0.00972884692
  386.215 0.0523119159 0.00993348906
  386.315 0.0516611319 0.0100879744
  386.415 0.0579381547 0.0098931926
  386.515 0.0558930401 0.0102570475
  386.615 0.0544998692 0.0103482208
  386.715 0.05899241 0.0103526076
  386.815 0.0614994898 0.0105527425
  386.915 0.0371760686 0.00881633734
  387.015 0.0573317083 0.0101712539
  387.115 0.0409777563 0.00931046709
  387.215 0.0579076936 0.0103532036
  387.315 0.0414213902 0.0091315533
  387.415 0.0454431895 0.0101108942
  387.515 0.0406901202 0.0100237624
  387.615 0.041372888 0.00905140069
  387.715 0.0558974553 0.00956386454
  387.815 0.036213294 0.00869161264
  387.915 0.0582953475 0.0103973397
  388.015 0.0681812499 0.0109127474
  388.115 0.0427625973 0.00895166912
  388.215 0.0503759021 0.00979490586
  388.315 0.0478332111 0.00941143474
  388.415 0.0549967568 0.00976303174
  388.515 0.0676117801 0.0106503874
  388.615 0.0519562691 0.00977123591
  388.715 0.0778293547 0.0109188226
  388.815 0.0513578408 0.00994069654
  388.915 0.0496371678 0.00931702219
  389.015 0.0594925659 0.00994079705
  389.115 0.0554533335 0.00994003349
  389.215 0.0446221079 0.00923799978
  389.315 0.0390534459 0.00899471903
  389.415 0.0507236585 0.00949239183
  389.515 0.0351862322 0.00866809308
  389.615 0.0644224715 0.0100273602
  389.715 0.0472010343 0.00966847111
  389.815 0.0516985706 0.00973213002
  389.915 0.0442767001 0.00926975553


