# τ vs mean κ linear regression for data set DA_130128_E1.h5
# Using stimulation: 1, 2, 3, 4, 5
# Best fit: tau = 0.549789 + 0.0195745 kappa_Fura
# Covariance matrix:
# [ +4.90248e-02, -2.65498e-04  
#   -2.65498e-04, +2.34089e-06  ]
# Total sum of squares (TSS) = 172.337
# chisq (Residual sum of squares, RSS) = 8.6555
# Probability of observing a larger of equal RSS per DOF under the null hypothesis: 0.0342398
# R squared (1-RSS/TSS) = 0.949776
# Estimated gamma/v with standard error: 51.0869 +/- 3.99309
# Estimates kappa_S with standard error (using error propagation): 27.087 +/- 11.5225
# kappa_S confidence intervals based on parametric bootstrap
# 0.95 CI for kappa_S: [4.14147,56.8259]
# 0.99 CI for kappa_S: [-1.47132,69.8052]


# The data
# κ_Fura  τ   τ_SE
39.5405 1.35364 0.192373
131.596 3.29466 0.274881
218.435 3.98821 0.35594
278.377 6.68807 0.600155
353.892 8.32472 0.716199


# The fitted data
# Preticted values with lower and upper bounds of 0.95 CI
# κ_Fura  τ   τ_lwr  τ_upr
-34.8588 -0.132554 -0.652524 0.387416
-33.233 -0.10073 -0.616537 0.415077
-31.6072 -0.0689061 -0.580563 0.44275
-29.9815 -0.0370822 -0.544601 0.470437
-28.3557 -0.00525842 -0.508653 0.498136
-26.7299 0.0265654 -0.472719 0.525849
-25.1041 0.0583892 -0.436798 0.553576
-23.4783 0.090213 -0.400891 0.581317
-21.8525 0.122037 -0.364999 0.609073
-20.2268 0.153861 -0.329123 0.636844
-18.601 0.185684 -0.293261 0.66463
-16.9752 0.217508 -0.257415 0.692432
-15.3494 0.249332 -0.221585 0.72025
-13.7236 0.281156 -0.185772 0.748084
-12.0979 0.31298 -0.149976 0.775935
-10.4721 0.344804 -0.114197 0.803804
-8.84631 0.376627 -0.0784359 0.831691
-7.22052 0.408451 -0.0426933 0.859596
-5.59474 0.440275 -0.00696942 0.88752
-3.96896 0.472099 0.0287351 0.915463
-2.34318 0.503923 0.0644199 0.943426
-0.717402 0.535747 0.100084 0.971409
0.908378 0.56757 0.135728 0.999413
2.53416 0.599394 0.17135 1.02744
4.15994 0.631218 0.20695 1.05549
5.78572 0.663042 0.242527 1.08356
7.4115 0.694866 0.278082 1.11165
9.03728 0.726689 0.313612 1.13977
10.6631 0.758513 0.349118 1.16791
12.2888 0.790337 0.384598 1.19608
13.9146 0.822161 0.420053 1.22427
15.5404 0.853985 0.455481 1.25249
17.1662 0.885809 0.490882 1.28073
18.792 0.917632 0.526255 1.30901
20.4177 0.949456 0.5616 1.33731
22.0435 0.98128 0.596914 1.36565
23.6693 1.0131 0.632198 1.39401
25.2951 1.04493 0.667451 1.4224
26.9209 1.07675 0.702672 1.45083
28.5466 1.10858 0.737859 1.47929
30.1724 1.1404 0.773013 1.50778
31.7982 1.17222 0.808132 1.53631
33.424 1.20405 0.843216 1.56488
35.0498 1.23587 0.878262 1.59348
36.6756 1.26769 0.913271 1.62212
38.3013 1.29952 0.948241 1.6508
39.9271 1.33134 0.983171 1.67951
41.5529 1.36317 1.01806 1.70827
43.1787 1.39499 1.05291 1.73707
44.8045 1.42681 1.08771 1.76592
46.4302 1.45864 1.12247 1.7948
48.056 1.49046 1.15719 1.82374
49.6818 1.52228 1.19185 1.85272
51.3076 1.55411 1.22647 1.88175
52.9334 1.58593 1.26104 1.91082
54.5591 1.61776 1.29556 1.93995
56.1849 1.64958 1.33003 1.96913
57.8107 1.6814 1.36445 1.99836
59.4365 1.71323 1.39881 2.02765
61.0623 1.74505 1.43312 2.05699
62.688 1.77688 1.46736 2.08639
64.3138 1.8087 1.50155 2.11584
65.9396 1.84052 1.53569 2.14536
67.5654 1.87235 1.56976 2.17494
69.1912 1.90417 1.60376 2.20458
70.8169 1.93599 1.63771 2.23428
72.4427 1.96782 1.67159 2.26405
74.0685 1.99964 1.7054 2.29388
75.6943 2.03147 1.73914 2.32379
77.3201 2.06329 1.77282 2.35376
78.9458 2.09511 1.80643 2.3838
80.5716 2.12694 1.83996 2.41392
82.1974 2.15876 1.87342 2.4441
83.8232 2.19059 1.90681 2.47436
85.449 2.22241 1.94012 2.5047
87.0747 2.25423 1.97335 2.53512
88.7005 2.28606 2.00651 2.56561
90.3263 2.31788 2.03958 2.59618
91.9521 2.3497 2.07258 2.62683
93.5779 2.38153 2.1055 2.65756
95.2037 2.41335 2.13833 2.68837
96.8294 2.44518 2.17108 2.71927
98.4552 2.477 2.20375 2.75025
100.081 2.50882 2.23633 2.78132
101.707 2.54065 2.26882 2.81247
103.333 2.57247 2.30123 2.84371
104.958 2.60429 2.33356 2.87503
106.584 2.63612 2.3658 2.90644
108.21 2.66794 2.39795 2.93794
109.836 2.69977 2.43001 2.96952
111.461 2.73159 2.46198 3.0012
113.087 2.76341 2.49387 3.03296
114.713 2.79524 2.52567 3.06481
116.339 2.82706 2.55737 3.09675
117.965 2.85889 2.589 3.12877
119.59 2.89071 2.62053 3.16089
121.216 2.92253 2.65198 3.19309
122.842 2.95436 2.68333 3.22538
124.468 2.98618 2.71461 3.25775
126.093 3.018 2.74579 3.29022
127.719 3.04983 2.77689 3.32276
129.345 3.08165 2.80791 3.3554
130.971 3.11348 2.83884 3.38811
132.597 3.1453 2.86969 3.42091
134.222 3.17712 2.90045 3.45379
135.848 3.20895 2.93114 3.48676
137.474 3.24077 2.96174 3.5198
139.1 3.2726 2.99226 3.55293
140.726 3.30442 3.02271 3.58613
142.351 3.33624 3.05308 3.61941
143.977 3.36807 3.08337 3.65276
145.603 3.39989 3.11359 3.68619
147.229 3.43171 3.14373 3.7197
148.854 3.46354 3.1738 3.75327
150.48 3.49536 3.2038 3.78692
152.106 3.52719 3.23373 3.82064
153.732 3.55901 3.2636 3.85442
155.358 3.59083 3.29339 3.88828
156.983 3.62266 3.32312 3.92219
158.609 3.65448 3.35279 3.95618
160.235 3.6863 3.38239 3.99022
161.861 3.71813 3.41193 4.02433
163.486 3.74995 3.44141 4.05849
165.112 3.78178 3.47083 4.09272
166.738 3.8136 3.5002 4.127
168.364 3.84542 3.52951 4.16134
169.99 3.87725 3.55876 4.19574
171.615 3.90907 3.58796 4.23018
173.241 3.9409 3.61711 4.26468
174.867 3.97272 3.64621 4.29923
176.493 4.00454 3.67525 4.33383
178.118 4.03637 3.70425 4.36848
179.744 4.06819 3.73321 4.40318
181.37 4.10001 3.76211 4.43792
182.996 4.13184 3.79097 4.4727
184.622 4.16366 3.81979 4.50753
186.247 4.19549 3.84857 4.54241
187.873 4.22731 3.8773 4.57732
189.499 4.25913 3.90599 4.61227
191.125 4.29096 3.93465 4.64727
192.75 4.32278 3.96327 4.6823
194.376 4.3546 3.99184 4.71737
196.002 4.38643 4.02039 4.75247
197.628 4.41825 4.0489 4.78761
199.254 4.45008 4.07737 4.82278
200.879 4.4819 4.10581 4.85799
202.505 4.51372 4.13422 4.89323
204.131 4.54555 4.16259 4.9285
205.757 4.57737 4.19094 4.9638
207.383 4.6092 4.21925 4.99914
209.008 4.64102 4.24754 5.0345
210.634 4.67284 4.2758 5.06989
212.26 4.70467 4.30403 5.10531
213.886 4.73649 4.33223 5.14075
215.511 4.76831 4.36041 5.17622
217.137 4.80014 4.38856 5.21172
218.763 4.83196 4.41669 5.24724
220.389 4.86379 4.44479 5.28278
222.015 4.89561 4.47287 5.31835
223.64 4.92743 4.50093 5.35394
225.266 4.95926 4.52896 5.38955
226.892 4.99108 4.55698 5.42519
228.518 5.02291 4.58497 5.46084
230.143 5.05473 4.61294 5.49652
231.769 5.08655 4.64089 5.53222
233.395 5.11838 4.66882 5.56793
235.021 5.1502 4.69673 5.60367
236.647 5.18202 4.72463 5.63942
238.272 5.21385 4.7525 5.67519
239.898 5.24567 4.78036 5.71098
241.524 5.2775 4.8082 5.74679
243.15 5.30932 4.83603 5.78261
244.775 5.34114 4.86384 5.81845
246.401 5.37297 4.89163 5.85431
248.027 5.40479 4.91941 5.89018
249.653 5.43661 4.94717 5.92606
251.279 5.46844 4.97491 5.96196
252.904 5.50026 5.00265 5.99788
254.53 5.53209 5.03037 6.03381
256.156 5.56391 5.05807 6.06975
257.782 5.59573 5.08576 6.10571
259.407 5.62756 5.11344 6.14167
261.033 5.65938 5.14111 6.17766
262.659 5.69121 5.16876 6.21365
264.285 5.72303 5.1964 6.24966
265.911 5.75485 5.22403 6.28567
267.536 5.78668 5.25165 6.3217
269.162 5.8185 5.27926 6.35775
270.788 5.85032 5.30685 6.3938
272.414 5.88215 5.33444 6.42986
274.04 5.91397 5.36201 6.46593
275.665 5.9458 5.38958 6.50202
277.291 5.97762 5.41713 6.53811
278.917 6.00944 5.44467 6.57421
280.543 6.04127 5.47221 6.61033
282.168 6.07309 5.49973 6.64645
283.794 6.10491 5.52725 6.68258
285.42 6.13674 5.55476 6.71872
287.046 6.16856 5.58226 6.75487
288.672 6.20039 5.60975 6.79103
290.297 6.23221 5.63723 6.82719
291.923 6.26403 5.6647 6.86337
293.549 6.29586 5.69217 6.89955
295.175 6.32768 5.71962 6.93574
296.8 6.35951 5.74707 6.97194
298.426 6.39133 5.77452 7.00814
300.052 6.42315 5.80195 7.04436
301.678 6.45498 5.82938 7.08058
303.304 6.4868 5.8568 7.1168
304.929 6.51862 5.88421 7.15304
306.555 6.55045 5.91162 7.18928
308.181 6.58227 5.93902 7.22552
309.807 6.6141 5.96641 7.26178
311.432 6.64592 5.9938 7.29804
313.058 6.67774 6.02118 7.3343
314.684 6.70957 6.04856 7.37058
316.31 6.74139 6.07593 7.40686
317.936 6.77322 6.10329 7.44314
319.561 6.80504 6.13065 7.47943
321.187 6.83686 6.158 7.51572
322.813 6.86869 6.18535 7.55203
324.439 6.90051 6.21269 7.58833
326.064 6.93233 6.24002 7.62464
327.69 6.96416 6.26735 7.66096
329.316 6.99598 6.29468 7.69728
330.942 7.02781 6.322 7.73361
332.568 7.05963 6.34932 7.76994
334.193 7.09145 6.37663 7.80628
335.819 7.12328 6.40393 7.84262
337.445 7.1551 6.43123 7.87897
339.071 7.18692 6.45853 7.91532
340.697 7.21875 6.48582 7.95167
342.322 7.25057 6.51311 7.98803
343.948 7.2824 6.54039 8.0244
345.574 7.31422 6.56767 8.06077
347.2 7.34604 6.59495 8.09714
348.825 7.37787 6.62222 8.13352
350.451 7.40969 6.64949 8.1699
352.077 7.44152 6.67675 8.20628
353.703 7.47334 6.70401 8.24267
355.329 7.50516 6.73127 8.27906
356.954 7.53699 6.75852 8.31546
358.58 7.56881 6.78577 8.35186
360.206 7.60063 6.81301 8.38826
361.832 7.63246 6.84025 8.42466
363.457 7.66428 6.86749 8.46108
365.083 7.69611 6.89472 8.49749
366.709 7.72793 6.92195 8.53391
368.335 7.75975 6.94918 8.57033
369.961 7.79158 6.97641 8.60675
