# τ vs min κ linear regression for data set DA_130128_E1.h5
# Using stimulation: 1, 2, 3, 4, 5
# Best fit: tau = 0.68068 + 0.019753 kappa_Fura
# Covariance matrix:
# [ +4.56923e-02, -2.53198e-04  
#   -2.53198e-04, +2.39394e-06  ]
# Total sum of squares (TSS) = 172.337
# chisq (Residual sum of squares, RSS) = 9.34948
# Probability of observing a larger of equal RSS per DOF under the null hypothesis: 0.0249877
# R squared (1-RSS/TSS) = 0.945749
# Estimated gamma/v with standard error: 50.6251 +/- 3.96541
# Estimates kappa_S with standard error (using error propagation): 33.4595 +/- 11.1531
# kappa_S confidence intervals based on parametric bootstrap
# 0.95 CI for kappa_S: [10.6434,63.0427]
# 0.99 CI for kappa_S: [3.69988,74.1558]


# The data
# κ_Fura  τ   τ_SE
33.4231 1.35364 0.192373
121.003 3.29466 0.274881
211.481 3.98821 0.35594
269.328 6.68807 0.600155
344.107 8.32472 0.716199


# The fitted data
# Preticted values with lower and upper bounds of 0.95 CI
# κ_Fura  τ   τ_lwr  τ_upr
-42.8244 -0.165232 -0.690309 0.359846
-41.2078 -0.1333 -0.654177 0.387577
-39.5913 -0.101368 -0.618056 0.41532
-37.9747 -0.0694364 -0.581948 0.443076
-36.3582 -0.0375046 -0.545854 0.470844
-34.7416 -0.00557289 -0.509772 0.498626
-33.1251 0.0263589 -0.473704 0.526422
-31.5085 0.0582906 -0.43765 0.554232
-29.892 0.0902224 -0.401611 0.582056
-28.2754 0.122154 -0.365586 0.609894
-26.6589 0.154086 -0.329576 0.637748
-25.0423 0.186018 -0.293582 0.665617
-23.4258 0.217949 -0.257603 0.693502
-21.8092 0.249881 -0.221641 0.721403
-20.1927 0.281813 -0.185695 0.749321
-18.5761 0.313745 -0.149766 0.777256
-16.9596 0.345676 -0.113855 0.805208
-15.343 0.377608 -0.0779623 0.833179
-13.7265 0.40954 -0.0420877 0.861167
-12.1099 0.441472 -0.00623205 0.889175
-10.4934 0.473403 0.0296041 0.917203
-8.87684 0.505335 0.0654204 0.94525
-7.26029 0.537267 0.101216 0.973318
-5.64374 0.569199 0.136991 1.00141
-4.02719 0.60113 0.172744 1.02952
-2.41064 0.633062 0.208475 1.05765
-0.794092 0.664994 0.244183 1.08581
0.822457 0.696926 0.279867 1.11398
2.43901 0.728857 0.315528 1.14219
4.05556 0.760789 0.351163 1.17041
5.6721 0.792721 0.386774 1.19867
7.28865 0.824653 0.422358 1.22695
8.9052 0.856584 0.457915 1.25525
10.5218 0.888516 0.493445 1.28359
12.1383 0.920448 0.528947 1.31195
13.7548 0.95238 0.564419 1.34034
15.3714 0.984311 0.599862 1.36876
16.9879 1.01624 0.635274 1.39721
18.6045 1.04817 0.670654 1.4257
20.221 1.08011 0.706002 1.45421
21.8376 1.11204 0.741316 1.48276
23.4541 1.14397 0.776596 1.51134
25.0707 1.1759 0.811841 1.53996
26.6872 1.20783 0.84705 1.56862
28.3038 1.23977 0.882221 1.59731
29.9203 1.2717 0.917355 1.62604
31.5369 1.30363 0.952449 1.65481
33.1534 1.33556 0.987503 1.68362
34.77 1.36749 1.02252 1.71247
36.3865 1.39942 1.05749 1.74136
38.0031 1.43136 1.09241 1.7703
39.6196 1.46329 1.12729 1.79928
41.2362 1.49522 1.16213 1.82831
42.8527 1.52715 1.19692 1.85739
44.4693 1.55908 1.23166 1.88651
46.0858 1.59101 1.26635 1.91568
47.7024 1.62295 1.30098 1.94491
49.3189 1.65488 1.33557 1.97419
50.9355 1.68681 1.3701 2.00352
52.552 1.71874 1.40458 2.0329
54.1686 1.75067 1.439 2.06234
55.7851 1.78261 1.47337 2.09184
57.4017 1.81454 1.50767 2.1214
59.0182 1.84647 1.54192 2.15102
60.6348 1.8784 1.5761 2.1807
62.2513 1.91033 1.61022 2.21045
63.8679 1.94226 1.64427 2.24026
65.4844 1.9742 1.67826 2.27013
67.101 2.00613 1.71218 2.30007
68.7175 2.03806 1.74604 2.33008
70.3341 2.06999 1.77982 2.36016
71.9506 2.10192 1.81353 2.39032
73.5672 2.13385 1.84717 2.42054
75.1837 2.16579 1.88073 2.45084
76.8003 2.19772 1.91422 2.48121
78.4168 2.22965 1.94763 2.51167
80.0334 2.26158 1.98097 2.5422
81.6499 2.29351 2.01422 2.5728
83.2665 2.32544 2.0474 2.60349
84.883 2.35738 2.08049 2.63426
86.4996 2.38931 2.1135 2.66511
88.1161 2.42124 2.14643 2.69605
89.7326 2.45317 2.17928 2.72707
91.3492 2.4851 2.21204 2.75817
92.9657 2.51704 2.24471 2.78936
94.5823 2.54897 2.2773 2.82064
96.1988 2.5809 2.3098 2.852
97.8154 2.61283 2.34221 2.88345
99.4319 2.64476 2.37453 2.91499
101.048 2.67669 2.40677 2.94662
102.665 2.70863 2.43892 2.97833
104.282 2.74056 2.47098 3.01014
105.898 2.77249 2.50294 3.04203
107.515 2.80442 2.53482 3.07402
109.131 2.83635 2.56662 3.10609
110.748 2.86828 2.59832 3.13825
112.364 2.90022 2.62993 3.1705
113.981 2.93215 2.66145 3.20284
115.597 2.96408 2.69289 3.23527
117.214 2.99601 2.72424 3.26778
118.831 3.02794 2.7555 3.30038
120.447 3.05988 2.78668 3.33307
122.064 3.09181 2.81777 3.36585
123.68 3.12374 2.84877 3.3987
125.297 3.15567 2.8797 3.43165
126.913 3.1876 2.91053 3.46467
128.53 3.21953 2.94129 3.49778
130.146 3.25147 2.97197 3.53097
131.763 3.2834 3.00256 3.56423
133.379 3.31533 3.03308 3.59758
134.996 3.34726 3.06352 3.63101
136.613 3.37919 3.09388 3.66451
138.229 3.41112 3.12416 3.69808
139.846 3.44306 3.15438 3.73173
141.462 3.47499 3.18452 3.76546
143.079 3.50692 3.21459 3.79925
144.695 3.53885 3.24459 3.83312
146.312 3.57078 3.27452 3.86705
147.928 3.60272 3.30438 3.90105
149.545 3.63465 3.33418 3.93511
151.162 3.66658 3.36391 3.96924
152.778 3.69851 3.39358 4.00344
154.395 3.73044 3.42319 4.03769
156.011 3.76237 3.45274 4.072
157.628 3.79431 3.48223 4.10638
159.244 3.82624 3.51167 4.14081
160.861 3.85817 3.54104 4.1753
162.477 3.8901 3.57036 4.20984
164.094 3.92203 3.59963 4.24443
165.71 3.95396 3.62885 4.27908
167.327 3.9859 3.65801 4.31378
168.944 4.01783 3.68713 4.34853
170.56 4.04976 3.7162 4.38332
172.177 4.08169 3.74522 4.41816
173.793 4.11362 3.77419 4.45305
175.41 4.14555 3.80312 4.48799
177.026 4.17749 3.83201 4.52296
178.643 4.20942 3.86085 4.55798
180.259 4.24135 3.88966 4.59304
181.876 4.27328 3.91842 4.62814
183.492 4.30521 3.94714 4.66328
185.109 4.33715 3.97583 4.69846
186.726 4.36908 4.00448 4.73368
188.342 4.40101 4.03309 4.76893
189.959 4.43294 4.06167 4.80421
191.575 4.46487 4.09021 4.83953
193.192 4.4968 4.11872 4.87489
194.808 4.52874 4.1472 4.91027
196.425 4.56067 4.17565 4.94569
198.041 4.5926 4.20406 4.98114
199.658 4.62453 4.23245 5.01661
201.275 4.65646 4.26081 5.05212
202.891 4.68839 4.28914 5.08765
204.508 4.72033 4.31744 5.12321
206.124 4.75226 4.34571 5.1588
207.741 4.78419 4.37396 5.19442
209.357 4.81612 4.40219 5.23006
210.974 4.84805 4.43038 5.26572
212.59 4.87999 4.45856 5.30141
214.207 4.91192 4.48671 5.33712
215.823 4.94385 4.51484 5.37286
217.44 4.97578 4.54295 5.40861
219.057 5.00771 4.57103 5.44439
220.673 5.03964 4.5991 5.48019
222.29 5.07158 4.62714 5.51601
223.906 5.10351 4.65517 5.55185
225.523 5.13544 4.68317 5.58771
227.139 5.16737 4.71116 5.62359
228.756 5.1993 4.73912 5.65948
230.372 5.23123 4.76707 5.6954
231.989 5.26317 4.795 5.73133
233.606 5.2951 4.82292 5.76728
235.222 5.32703 4.85082 5.80324
236.839 5.35896 4.8787 5.83922
238.455 5.39089 4.90657 5.87522
240.072 5.42282 4.93442 5.91123
241.688 5.45476 4.96225 5.94726
243.305 5.48669 4.99008 5.9833
244.921 5.51862 5.01788 6.01936
246.538 5.55055 5.04568 6.05543
248.154 5.58248 5.07346 6.09151
249.771 5.61442 5.10122 6.12761
251.388 5.64635 5.12898 6.16372
253.004 5.67828 5.15672 6.19984
254.621 5.71021 5.18445 6.23597
256.237 5.74214 5.21216 6.27212
257.854 5.77407 5.23987 6.30828
259.47 5.80601 5.26756 6.34445
261.087 5.83794 5.29524 6.38063
262.703 5.86987 5.32292 6.41682
264.32 5.9018 5.35058 6.45303
265.936 5.93373 5.37823 6.48924
267.553 5.96566 5.40587 6.52546
269.17 5.9976 5.4335 6.5617
270.786 6.02953 5.46112 6.59794
272.403 6.06146 5.48873 6.63419
274.019 6.09339 5.51633 6.67045
275.636 6.12532 5.54392 6.70672
277.252 6.15726 5.57151 6.743
278.869 6.18919 5.59908 6.77929
280.485 6.22112 5.62665 6.81559
282.102 6.25305 5.65421 6.85189
283.719 6.28498 5.68176 6.88821
285.335 6.31691 5.7093 6.92453
286.952 6.34885 5.73683 6.96086
288.568 6.38078 5.76436 6.9972
290.185 6.41271 5.79188 7.03354
291.801 6.44464 5.81939 7.06989
293.418 6.47657 5.8469 7.10625
295.034 6.5085 5.87439 7.14262
296.651 6.54044 5.90188 7.17899
298.267 6.57237 5.92937 7.21537
299.884 6.6043 5.95685 7.25175
301.501 6.63623 5.98432 7.28814
303.117 6.66816 6.01178 7.32454
304.734 6.70009 6.03924 7.36095
306.35 6.73203 6.06669 7.39736
307.967 6.76396 6.09414 7.43378
309.583 6.79589 6.12158 7.4702
311.2 6.82782 6.14902 7.50663
312.816 6.85975 6.17645 7.54306
314.433 6.89169 6.20387 7.5795
316.05 6.92362 6.23129 7.61594
317.666 6.95555 6.2587 7.65239
319.283 6.98748 6.28611 7.68885
320.899 7.01941 6.31352 7.72531
322.516 7.05134 6.34091 7.76177
324.132 7.08328 6.36831 7.79824
325.749 7.11521 6.3957 7.83472
327.365 7.14714 6.42308 7.8712
328.982 7.17907 6.45046 7.90768
330.598 7.211 6.47784 7.94417
332.215 7.24293 6.50521 7.98066
333.832 7.27487 6.53257 8.01716
335.448 7.3068 6.55993 8.05366
337.065 7.33873 6.58729 8.09017
338.681 7.37066 6.61465 8.12668
340.298 7.40259 6.642 8.16319
341.914 7.43453 6.66934 8.19971
343.531 7.46646 6.69668 8.23623
345.147 7.49839 6.72402 8.27276
346.764 7.53032 6.75135 8.30929
348.38 7.56225 6.77868 8.34582
349.997 7.59418 6.80601 8.38236
351.614 7.62612 6.83333 8.4189
353.23 7.65805 6.86065 8.45544
354.847 7.68998 6.88797 8.49199
356.463 7.72191 6.91528 8.52854
358.08 7.75384 6.94259 8.56509
359.696 7.78577 6.9699 8.60165
