# Data from DA_130128_E1.h5 stim 5
# Ratiometric estimator
# Ratiometric estimator:
#    Time    Ca (est)    Ca (se)
 2120.015 0.0413229059 0.00186160118
 2120.115 0.0415737759 0.001879334
 2120.215 0.0378979155 0.00180409758
 2120.315 0.0382997807 0.00184780598
 2120.415 0.0390840608 0.00183521456
 2120.515 0.0417012157 0.00187255687
 2120.615 0.0416761085 0.00184601065
 2120.715 0.0381420904 0.00181115384
 2120.815 0.0379899104 0.00183020802
 2120.915 0.0406215978 0.00185524745
 2121.015 0.0371881965 0.00182883883
 2121.115 0.0388409514 0.00185363893
 2121.215 0.0411533482 0.00187238136
 2121.315 0.0403073884 0.00184292557
 2121.415 0.0381006278 0.00182662895
 2121.515 0.0378210093 0.00184633548
 2121.615 0.0452526616 0.00193350935
 2121.715 0.0521073209 0.00200458442
 2121.815 0.0599101378 0.00215755342
 2121.915 0.0637980721 0.00218378607
 2122.015 0.0668600984 0.00227330983
 2122.115 0.0642907741 0.00225875559
 2122.215 0.0652683004 0.0022230565
 2122.315 0.0639392474 0.00221374798
 2122.415 0.0640389422 0.00222236767
 2122.515 0.0642312544 0.00222828049
 2122.615 0.0626089581 0.00223708755
 2122.715 0.0644957459 0.00223418507
 2122.815 0.0574937677 0.00211393072
 2122.915 0.0613773922 0.00218256118
 2123.015 0.0622665508 0.00217978487
 2123.115 0.0620035706 0.00218163736
 2123.215 0.061970889 0.00216110639
 2123.315 0.0589082891 0.00213731618
 2123.415 0.0585557407 0.00216032844
 2123.515 0.0614683904 0.00216072474
 2123.615 0.0579112223 0.00212202386
 2123.715 0.0589876908 0.00213244968
 2123.815 0.0603519398 0.00214226132
 2123.915 0.057621452 0.00212786234
 2124.015 0.0563830794 0.00210632662
 2124.115 0.0633246688 0.00220288718
 2124.215 0.0602073905 0.00218137208
 2124.315 0.0590340628 0.00214177075
 2124.415 0.0563456539 0.00210425446
 2124.515 0.0579379 0.00213252014
 2124.615 0.0580196624 0.00213594009
 2124.715 0.0533785392 0.00202552003
 2124.815 0.0578695475 0.00209323969
 2124.915 0.0569836633 0.00208811931
 2125.015 0.0538982341 0.00207185351
 2125.115 0.0576085424 0.00208060881
 2125.215 0.0573984294 0.00211646747
 2125.315 0.0583705552 0.00209775354
 2125.415 0.0498008436 0.00202264737
 2125.515 0.0549090658 0.00206575988
 2125.615 0.0510017348 0.00202405484
 2125.715 0.0561038741 0.0020795903
 2125.815 0.0528326106 0.00202675535
 2125.915 0.0561711088 0.00212278604
 2126.015 0.056412306 0.00212948004
 2126.115 0.0510801338 0.00200260276
 2126.215 0.0507880535 0.0020214669
 2126.315 0.0559207066 0.00207885796
 2126.415 0.0504202162 0.00199113842
 2126.515 0.0526846723 0.002051608
 2126.615 0.0544992868 0.00207334858
 2126.715 0.0553789264 0.00207211961
 2126.815 0.0518849849 0.00201551687
 2126.915 0.0530660747 0.00203889937
 2127.015 0.0556628923 0.00209318246
 2127.115 0.0548176245 0.00207701537
 2127.215 0.0534271713 0.00206438395
 2127.315 0.0547606949 0.00208300867
 2127.415 0.0487908823 0.00199701427
 2127.515 0.0551841572 0.00203789037
 2127.615 0.0515820985 0.0020190255
 2127.715 0.0498291149 0.00198854926
 2127.815 0.0515646384 0.00201646127
 2127.915 0.0516628126 0.00203122502
 2128.015 0.0470297645 0.00196588227
 2128.115 0.0480255781 0.00199860924
 2128.215 0.0544482104 0.0020584489
 2128.315 0.0523642218 0.0020250989
 2128.415 0.052183736 0.0020038162
 2128.515 0.0490574573 0.00200768742
 2128.615 0.0489605906 0.00198904245
 2128.715 0.0477727987 0.00196790482
 2128.815 0.0524431851 0.00203447071
 2128.915 0.047817933 0.00198607857
 2129.015 0.0533328075 0.00203095089
 2129.115 0.0524511686 0.00202252229
 2129.215 0.0521130132 0.00204328648
 2129.315 0.0489847994 0.00198504681
 2129.415 0.0482317047 0.00193902299
 2129.515 0.0512466312 0.0020324762
 2129.615 0.0509218826 0.00197400176
 2129.715 0.0519125919 0.00204490964
 2129.815 0.0508745091 0.00201192872
 2129.915 0.050534522 0.00200335486
 2130.015 0.0482748232 0.00195932579
 2130.115 0.0501993847 0.00196704917
 2130.215 0.0491215909 0.00197348873
 2130.315 0.0513965849 0.00198146374
 2130.415 0.0513991391 0.00203400169
 2130.515 0.0480175835 0.00197013676
 2130.615 0.0490218569 0.00199609106
 2130.715 0.0500791482 0.00199439799
 2130.815 0.0496384457 0.00198882186
 2130.915 0.0475854852 0.00197785471
 2131.015 0.0496619073 0.00200595407
 2131.115 0.0478117589 0.00196660709
 2131.215 0.0507350974 0.00203889976
 2131.315 0.0494791466 0.00198149446
 2131.415 0.0441309232 0.00191332326
 2131.515 0.0473502694 0.00195375796
 2131.615 0.0490162867 0.00199600749
 2131.715 0.0483440815 0.00198359316
 2131.815 0.0468842487 0.00194503119
 2131.915 0.046944879 0.00194196217
 2132.015 0.0462982479 0.00191760495
 2132.115 0.0423364876 0.00190696093
 2132.215 0.0434121588 0.001933072
 2132.315 0.0450316169 0.00191042417
 2132.415 0.0475336256 0.00193497953
 2132.515 0.045550614 0.0019327663
 2132.615 0.044832072 0.00194948601
 2132.715 0.0471187372 0.00193501747
 2132.815 0.047199597 0.00196273524
 2132.915 0.047183973 0.00192342502
 2133.015 0.0480486001 0.00200134083
 2133.115 0.0491182843 0.00196215751
 2133.215 0.0443843671 0.00193104688
 2133.315 0.0447892082 0.00193607185
 2133.415 0.0480106155 0.00198090843
 2133.515 0.0485609573 0.00197632995
 2133.615 0.0433598606 0.00188411864
 2133.715 0.0446859665 0.00189935224
 2133.815 0.0449166176 0.00188987301
 2133.915 0.0455563233 0.00192050238
 2134.015 0.0451592189 0.00192280364
 2134.115 0.0411032293 0.00186702477
 2134.215 0.0427493853 0.00188371855
 2134.315 0.0464951242 0.00190775358
 2134.415 0.0452942243 0.00192126756
 2134.515 0.0443952678 0.00189761468
 2134.615 0.0483976351 0.00197417216
 2134.715 0.04725385 0.00193277226
 2134.815 0.0373656939 0.00184060432
 2134.915 0.0476527908 0.00200093631
 2135.015 0.0439839 0.00190860523
 2135.115 0.0406979817 0.0018498348
 2135.215 0.043964251 0.00188436474
 2135.315 0.0434376855 0.0018929737
 2135.415 0.041782639 0.00187473956
 2135.515 0.0409999759 0.00182373661
 2135.615 0.0414629537 0.00187370196
 2135.715 0.0430945778 0.00187255281
 2135.815 0.0413884681 0.00190463035
 2135.915 0.0412915693 0.00186449537
 2136.015 0.0437874492 0.00190607307
 2136.115 0.0449209854 0.00190080138
 2136.215 0.0439357053 0.00188044196
 2136.315 0.0410517944 0.00186166638
 2136.415 0.0455415216 0.00192712347
 2136.515 0.0436424951 0.00192479571
 2136.615 0.0458788849 0.00191831625
 2136.715 0.0417999055 0.00187667215
 2136.815 0.0414320932 0.00187755028
 2136.915 0.0433993588 0.00188426165
 2137.015 0.0439385341 0.00191419244
 2137.115 0.0416211781 0.00187520153
 2137.215 0.0439907616 0.00188552254
 2137.315 0.0450290451 0.00189993286
 2137.415 0.0403052072 0.00185773195
 2137.515 0.0421643635 0.00187650161
 2137.615 0.0413129044 0.00186131056
 2137.715 0.0427622952 0.00189128315
 2137.815 0.0423732623 0.00187687579
 2137.915 0.0410935079 0.0018632907
 2138.015 0.0424795144 0.00187977678
 2138.115 0.0397670771 0.00183967024
 2138.215 0.0415199647 0.00185557282
 2138.315 0.0432303925 0.00191004155
 2138.415 0.0430178771 0.00188101886
 2138.515 0.0409735978 0.00185563752
 2138.615 0.0393765103 0.0018376213
 2138.715 0.0392113709 0.00181433812
 2138.815 0.042524941 0.00186819438
 2138.915 0.0453600956 0.00189766627
 2139.015 0.0424033013 0.00190456023
 2139.115 0.039842077 0.00185534242
 2139.215 0.0396744862 0.0018354936
 2139.315 0.0416439336 0.00190367332
 2139.415 0.0455891813 0.00192437882
 2139.515 0.0408827613 0.00184220949
 2139.615 0.0444189878 0.00190655954
 2139.715 0.042100826 0.00186718751
 2139.815 0.0402818196 0.00184142451
 2139.915 0.0430894611 0.00189383362


