# Cellular [Fura] for dataset DA_130128_E1.h5

# Loading curve with 170 elements
#    Time   AMPLITUDE
    0.021 0.420795058
   30.021 0.463716956
   60.021 0.785430623
   90.021 1.00084239
  120.021 1.35625175
  150.021 1.59332504
  180.021 2.12282883
  210.021 3.92554856
  450.021 27.263027
  480.021 28.3822055
  510.021 30.6759196
  540.021 34.2151711
  570.021 37.0809098
  750.021 48.6361266
  780.021 47.8952224
  810.021 49.2053432
  840.021 51.8576758
  870.021 54.8321232
  900.021 56.5297445
  930.021 59.1584099
  960.021 59.6233303
  990.021 61.313731
 1020.021 63.1874524
 1170.021 68.0600907
 1200.021 70.4240042
 1230.021 73.2504312
 1260.021 73.1746159
 1290.021 76.4932408
 1320.021 78.4267319
 1350.021 77.7849091
 1380.021 79.1696418
 1410.021  79.61972
 1440.021 82.3498736
 1560.021 85.2368727
 1590.021 86.617594
 1620.021 92.0795058
 1650.021 89.1215051
 1680.021 86.9818284
 1710.021 90.9976333
 1740.021 93.4357576
 1770.021 93.246821
 1800.021 95.9677484
 1830.021 97.1503069
 1860.021 98.516186
 1890.021 100.162863
 1920.021 101.97521
 1950.021 100.513057
 1980.021 104.568174
 2010.021 105.449878
 2190.021 110.788239
 2220.021 112.713306
 2250.021 117.403025
 2280.021 113.77472
 2310.021 110.95431
 2340.021 114.30984
 2370.021 115.848209
 2400.021 117.041197
 2430.021 113.609852
 2460.021 114.003771
 2490.021 114.881062
 2520.021 119.650608
 2550.021 122.83806
 2580.021 121.921457
 2610.021 124.703358
 2640.021 125.854627
 2670.021 126.632837
 2700.021 125.275382
 2730.021 128.311605
 2760.021 127.681415
 2790.021 130.744514
 2820.021 133.202696
 2850.021 133.832083
 2970.021 127.421477
 3000.021 127.39781
 3030.021 128.642545
 3060.021 129.900116
 3090.021 131.789081
 3120.021 133.751454
 3150.021 134.235228
 3180.021 134.396887
 3210.021 134.074371
 3240.021 133.604637
 3270.021 133.515183
 3300.021 135.544948
 3330.021 136.086084
 3360.021 138.993943
 3390.021 135.187131
 3420.021 135.113322
 3450.021 137.58795
 3480.021 137.268242
 3510.021 137.184003
 3540.021 140.920615
 3570.021 135.966946
 3600.021 136.476393
 3630.021 138.523406
 3660.021 140.65506
 3690.021 141.113563
 3720.021 141.050985
 3750.021 137.541819
 3780.021 139.930603
 3810.021 137.409443
 3840.021 135.843395
 3870.021 137.846685
 3900.021 137.333226
 3930.021 140.97196
 3960.021 137.230936
 3990.021 137.925308
 4020.021 135.238076
 4050.021 134.941634
 4080.021 131.466565
 4110.021 130.846805
 4140.021 128.638935
 4170.021 127.991496
 4200.021 126.664928
 4230.021 135.547756
 4260.021 135.353203
 4290.021 136.641261
 4320.021 140.385896
 4350.021 141.317742
 4380.021 140.247102
 4410.021 140.416383
 4440.021 135.904368
 4470.021 141.364275
 4500.021 140.210999
 4530.021 139.353364
 4560.021 140.434835
 4590.021 140.358618
 4620.021 142.028962
 4650.021 144.796422
 4680.021 149.137952
 4710.021 150.023266
 4740.021 146.855871
 4770.021 152.090337
 4800.021 152.765855
 4830.021 155.814914
 4860.021 160.33094
 4890.021 168.189659
 4920.021 169.974728
 4950.021 169.607686
 4980.021 173.011753
 5010.021 174.541297
 5040.021 174.61631
 5070.021 182.865338
 5100.021 185.365638
 5130.021 184.978539
 5160.021 186.297886
 5190.021 187.243371
 5220.021 182.065466
 5250.021 181.372698
 5280.021 185.315496
 5310.021 188.676241
 5340.021 186.66894
 5370.021 185.895944
 5400.021       200
 5430.021 193.982109
 5460.021 194.371615
 5490.021 190.658671
 5520.021 193.603434
 5550.021 190.660676
 5580.021 189.331301
 5610.021 190.452886
 5640.021 194.72903
 5670.021 187.914076
 5700.021 195.374865
 5730.021 191.440491
 5760.021 185.719443
 5790.021 191.42966
 5820.021 195.07401
 5850.021 198.187252
 5880.021 194.326688


# Stim 1 with 200 elements
#    Time   AMPLITUDE
  370.015 12.085924
  370.115 12.108789
  370.215 12.4124514
  370.315 12.6984636
  370.415 12.2696458
  370.515 11.9804244
  370.615 13.3791969
  370.715 12.7951382
  370.815 12.2187011
  370.915 12.5456296
  371.015 12.0518272
  371.115 12.785912
  371.215 13.0414377
  371.315 12.860925
  371.415   13.4859
  371.515 11.7044406
  371.615 12.0594488
  371.715 11.6254162
  371.815 11.6615187
  371.915 11.0176902
  372.015 11.4974528
  372.115 12.166553
  372.215 11.4741867
  372.315 12.4060331
  372.415 11.8681054
  372.515 12.3755466
  372.615 12.0129167
  372.715 11.9667857
  372.815 13.1982831
  372.915 11.8560712
  373.015 12.6731919
  373.115 12.2046612
  373.215 12.8597216
  373.315 12.6647679
  373.415 12.1095912
  373.515 12.4962895
  373.615 12.6318745
  373.715 12.6679771
  373.815 12.3715352
  373.915 13.004934
  374.015 13.1232701
  374.115 13.3426932
  374.215 13.2079105
  374.315 12.5608729
  374.415 12.422881
  374.515 12.3237996
  374.615 14.5308677
  374.715 12.5199567
  374.815 12.7682619
  374.915 12.3783545
  375.015 13.7085322
  375.115 12.2379558
  375.215 12.6154278
  375.315 12.5376068
  375.415 12.3919933
  375.515 13.1469373
  375.615 12.9628144
  375.715 12.8139917
  375.815 12.1196197
  375.915 12.7995507
  376.015 12.7522163
  376.115 12.5171487
  376.215 12.342252
  376.315 12.3217939
  376.415 12.3318224
  376.515 13.024991
  376.615 12.7754824
  376.715 13.7887601
  376.815 13.5388503
  376.915 13.2183401
  377.015 13.1918649
  377.115 12.993301
  377.215 13.3089976
  377.315 13.0735288
  377.415 13.2893417
  377.515 11.6948133
  377.615 12.2191023
  377.715 12.8978298
  377.815 13.3884231
  377.915 11.9162421
  378.015 12.9255084
  378.115 13.6607967
  378.215 13.7883589
  378.315 13.2889406
  378.415 12.8212122
  378.515 14.252477
  378.615 13.4305427
  378.715 12.9227005
  378.815 12.6579486
  378.915 14.0069798
  379.015 13.4309439
  379.115 13.0334149
  379.215 12.829235
  379.315 13.3298568
  379.415 13.7767259
  379.515 13.0935858
  379.615 13.9091018
  379.715 12.4946849
  379.815 14.0519074
  379.915 14.3988929
  380.015 14.4474307
  380.115 14.2372337
  380.215 13.2889406
  380.315 13.7125436
  380.415 13.2536403
  380.515 13.6379317
  380.615 13.2063059
  380.715 12.9744474
  380.815 13.5938064
  380.915 13.9456055
  381.015 14.338722
  381.115 13.1036143
  381.215 12.9066549
  381.315 13.2404027
  381.415 14.2572907
  381.515 14.1550002
  381.615 13.0779414
  381.715 13.3759878
  381.815 13.8762084
  381.915 13.8224558
  382.015 14.3427334
  382.115 13.5332344
  382.215 13.2829235
  382.315 14.5537326
  382.415 13.8284729
  382.515 13.2075093
  382.615 13.8052068
  382.715 13.0410365
  382.815 13.5733483
  382.915 14.3339083
  383.015 14.5465121
  383.115 13.9636568
  383.215 13.1044165
  383.315 13.4265313
  383.415 13.8204501
  383.515 14.416543
  383.615 14.5152232
  383.715 14.0214208
  383.815 14.5244494
  383.915 14.3467448
  384.015 13.2215492
  384.115 14.5124153
  384.215 13.9801035
  384.315 13.6447511
  384.415 14.2520759
  384.515 12.6146255
  384.615 14.4522444
  384.715 13.9568374
  384.815 14.8842713
  384.915 13.9949456
  385.015 13.8389025
  385.115 13.7530587
  385.215 14.5757953
  385.315 13.6936901
  385.415 13.7013117
  385.515 14.134141
  385.615 15.1129207
  385.715 13.6607967
  385.815 14.2059449
  385.915 15.2436921
  386.015 14.2428497
  386.115 14.9003169
  386.215 15.5088451
  386.315 13.8918529
  386.415 15.0242689
  386.515 14.3523607
  386.615 13.6178748
  386.715 14.5806089
  386.815 14.552128
  386.915 14.318665
  387.015 15.4659232
  387.115 14.5661679
  387.215 14.6435878
  387.315 14.7338441
  387.415 13.9664648
  387.515 14.7266236
  387.615 14.1738537
  387.715 14.0150026
  387.815 14.4955674
  387.915 15.0716034
  388.015 14.8995146
  388.115 13.8754062
  388.215 14.4141361
  388.315 13.8742027
  388.415 14.5224437
  388.515 14.1594127
  388.615 14.260901
  388.715 15.5802479
  388.815 15.1634642
  388.915 14.3607846
  389.015 14.1594127
  389.115 15.1606563
  389.215 14.0908179
  389.315 13.9576397
  389.415 14.275342
  389.515 13.7903646
  389.615 15.1482209
  389.715 14.7775683
  389.815 13.7775282
  389.915 15.013037


# Stim 2 with 200 elements
#    Time   AMPLITUDE
  648.015 41.7393397
  648.115 40.9803843
  648.215 40.7854306
  648.315 40.8628505
  648.415 39.4576598
  648.515 41.7822616
  648.615 41.9663845
  648.715 40.7790124
  648.815 42.1797906
  648.915 41.0878896
  649.015 40.3104818
  649.115 41.1693209
  649.215 42.0582454
  649.315 40.9599262
  649.415 41.8829476
  649.515 40.7762044
  649.615 40.939067
  649.715 40.0730073
  649.815 40.0529504
  649.915 38.5851819
  650.015 39.3742228
  650.115 39.5402944
  650.215 38.8603634
  650.315  38.82747
  650.415 39.5314694
  650.515 40.9880059
  650.615 40.6518513
  650.715 40.0802278
  650.815 40.2599382
  650.915 40.0858438
  651.015 39.6650487
  651.115 40.2936339
  651.215 40.9041678
  651.315 40.8853143
  651.415 40.1002848
  651.515 40.8825063
  651.615 40.3935176
  651.715 42.2824822
  651.815 40.7533395
  651.915 40.6699025
  652.015 39.8744434
  652.115 39.6289462
  652.215 40.0228649
  652.315 40.5291027
  652.415 38.3862169
  652.515 41.3285731
  652.615 41.2102371
  652.715 41.6346424
  652.815 40.8536243
  652.915 39.6706647
  653.015 40.8010751
  653.115 41.3233583
  653.215 40.5660075
  653.315 39.7966224
  653.415 41.9511412
  653.515 40.4729432
  653.615 42.5071202
  653.715 40.5880701
  653.815 40.6522524
  653.915 40.757752
  654.015 40.9077781
  654.115 41.1733323
  654.215 41.0686349
  654.315 41.7313169
  654.415 40.6173533
  654.515 41.9086205
  654.615 40.8977496
  654.715 41.0293233
  654.815 41.6743552
  654.915 41.2110394
  655.015 39.7444743
  655.115 41.7164748
  655.215 41.1075454
  655.315 41.2142485
  655.415 40.368647
  655.515 40.7417064
  655.615 40.4388463
  655.715 42.0185326
  655.815 41.4653616
  655.915 42.0803081
  656.015 41.6827791
  656.115 42.9030446
  656.215 41.7822616
  656.315 40.3526014
  656.415 41.714068
  656.515 42.5508444
  656.615 41.2078302
  656.715 42.2315376
  656.815 41.2776285
  656.915 41.3622688
  657.015 40.9366601
  657.115 41.7124634
  657.215 41.8817442
  657.315 41.7806571
  657.415 41.7144691
  657.515 41.3486301
  657.615 42.1509086
  657.715 41.6382526
  657.815 42.068675
  657.915 42.2495888
  658.015 42.4674074
  658.115 41.8287938
  658.215 42.3446588
  658.315 41.296482
  658.415 42.8918127
  658.515 41.3285731
  658.615 41.5712624
  658.715 43.2644711
  658.815 42.2965221
  658.915 40.6967789
  659.015 40.9563159
  659.115 41.9892495
  659.215 42.2427695
  659.315 41.408801
  659.415 43.2580529
  659.515 41.4962493
  659.615 41.4412933
  659.715 41.941915
  659.815 42.2106783
  659.915 41.4685707
  660.015 41.7778491
  660.115 42.1272414
  660.215 42.8641341
  660.315 40.7978659
  660.415 40.6550604
  660.515 42.3213928
  660.615 41.9639777
  660.715 42.1280436
  660.815 41.9740062
  660.915 40.9579205
  661.015 41.3554495
  661.115 41.120783
  661.215 41.771832
  661.315 42.8244214
  661.415 42.532392
  661.515 41.5957319
  661.615 41.8223755
  661.715 41.4469092
  661.815 42.5315897
  661.915 42.5063179
  662.015 42.2804766
  662.115 42.7682619
  662.215 42.1950339
  662.315 42.863733
  662.415 40.9531068
  662.515 41.5179109
  662.615 40.9282362
  662.715 41.8897669
  662.815 43.1224678
  662.915 41.2904649
  663.015 42.0811104
  663.115 41.9523447
  663.215 42.6579486
  663.315 42.5131373
  663.415 43.2135264
  663.515 41.9703959
  663.615 42.5741105
  663.715 42.3976092
  663.815 42.6768021
  663.915 42.800353
  664.015 42.3847728
  664.115 42.5953709
  664.215 40.8139115
  664.315 43.5123751
  664.415 41.379919
  664.515 42.4116491
  664.615 41.5030687
  664.715 42.3791568
  664.815 42.7333628
  664.915 42.4966906
  665.015 42.9852782
  665.115 43.2845281
  665.215 41.3883429
  665.315 42.0125155
  665.415 42.4477516
  665.515 42.0694773
  665.615  43.26407
  665.715 42.8412692
  665.815 41.9278752
  665.915 42.5993822
  666.015 42.2118817
  666.115 42.9186891
  666.215 42.6226483
  666.315 42.6017891
  666.415 42.290505
  666.515 42.201051
  666.615 42.8444783
  666.715 42.5897549
  666.815 42.9174857
  666.915 41.6819768
  667.015 42.4040274
  667.115 42.1789883
  667.215 42.7321593
  667.315 42.0867263
  667.415 42.9239039
  667.515 43.0430422
  667.615 43.1706045
  667.715 42.5147419
  667.815 43.5677324
  667.915 43.2083116


# Stim 3 with 200 elements
#    Time   AMPLITUDE
 1100.015 66.8101408
 1100.115 66.9248666
 1100.215 67.6208432
 1100.315 66.0375466
 1100.415 66.2930723
 1100.515 67.1711661
 1100.615 66.6737535
 1100.715 66.0351398
 1100.815 65.7571503
 1100.915 66.2012114
 1101.015 65.9504994
 1101.115 65.8385816
 1101.215 66.3456216
 1101.315 65.8381804
 1101.415 65.5581852
 1101.515 65.2212283
 1101.615 65.4787597
 1101.715 63.9656625
 1101.815 64.2540816
 1101.915 64.9416342
 1102.015 63.3154158
 1102.115 63.0963938
 1102.215 63.8188455
 1102.315 64.2159734
 1102.415 63.6696217
 1102.515 64.0655462
 1102.615 64.7109792
 1102.715 63.3250431
 1102.815 63.4317462
 1102.915 64.2556861
 1103.015 65.1758996
 1103.115 65.2850094
 1103.215 64.6901199
 1103.315 63.1120382
 1103.415 65.0495407
 1103.515 64.6664527
 1103.615 63.8100205
 1103.715 66.3392033
 1103.815 63.5532913
 1103.915 65.8261463
 1104.015 64.2183802
 1104.115 65.6331983
 1104.215 65.3074732
 1104.315 64.5272574
 1104.415 64.8116651
 1104.515 64.8898873
 1104.615 65.8867183
 1104.715 65.1213446
 1104.815 64.2095551
 1104.915 64.4029042
 1105.015 66.4812066
 1105.115 66.2878575
 1105.215 66.2024149
 1105.315 65.3997352
 1105.415 65.4001364
 1105.515 64.3768302
 1105.615 66.1201813
 1105.715 64.6030727
 1105.815 65.2974447
 1105.915 65.2942356
 1106.015 64.747884
 1106.115  67.02114
 1106.215 65.8931365
 1106.315 65.4001364
 1106.415 66.0941073
 1106.515 64.7635284
 1106.615 65.8766898
 1106.715 65.2785912
 1106.815 64.972522
 1106.915 66.5405752
 1107.015 65.949296
 1107.115 66.0880902
 1107.215 65.1337799
 1107.315 66.1803522
 1107.415 66.4984556
 1107.515 66.2645914
 1107.615 66.277829
 1107.715 65.208793
 1107.815 65.6849452
 1107.915 65.0679931
 1108.015 66.8530627
 1108.115 66.3022985
 1108.215 65.934855
 1108.315 67.7981467
 1108.415 65.9878054
 1108.515 66.9561555
 1108.615 67.7496089
 1108.715 66.3075133
 1108.815 65.1113161
 1108.915 66.548598
 1109.015 66.793293
 1109.115 66.1354246
 1109.215  67.27466
 1109.315 66.9036062
 1109.415 67.8920133
 1109.515 66.2601789
 1109.615 67.4210759
 1109.715 65.8337679
 1109.815 66.3171407
 1109.915 67.2281279
 1110.015 65.5838582
 1110.115 66.0383489
 1110.215 65.7904449
 1110.315 66.1667135
 1110.415 67.0259537
 1110.515 66.5670504
 1110.615 66.3400056
 1110.715 66.027117
 1110.815 66.709856
 1110.915 67.0841189
 1111.015 66.8658992
 1111.115 66.5995427
 1111.215 67.1683581
 1111.315 66.3159373
 1111.415 65.6981828
 1111.515 66.1017289
 1111.615 67.9886879
 1111.715  66.73593
 1111.815 66.5237274
 1111.915 68.2293714
 1112.015 65.4113683
 1112.115 66.8362149
 1112.215 66.1205825
 1112.315 66.1518713
 1112.415 65.5886718
 1112.515 66.4487143
 1112.615 66.1025312
 1112.715 67.0865257
 1112.815 67.5169481
 1112.915 65.303863
 1113.015 66.4406916
 1113.115 65.6175539
 1113.215 67.314774
 1113.315 67.3998155
 1113.415 67.1254362
 1113.515 66.9248666
 1113.615 66.516908
 1113.715 66.3432147
 1113.815 66.9862409
 1113.915 66.1073449
 1114.015 67.7532191
 1114.115 65.6777247
 1114.215 66.485218
 1114.315 66.8931766
 1114.415 66.8534638
 1114.515 64.9376228
 1114.615 66.9902523
 1114.715 67.6068033
 1114.815 65.4097637
 1114.915 65.8618476
 1115.015 67.2425689
 1115.115 65.9444823
 1115.215 65.2645513
 1115.315 66.3379999
 1115.415 66.920053
 1115.515 67.8065707
 1115.615 67.4303021
 1115.715 65.8373782
 1115.815 67.1085884
 1115.915 66.853865
 1116.015 66.1546793
 1116.115 67.6565446
 1116.215 66.6565045
 1116.315 65.9986361
 1116.415 66.822175
 1116.515 66.3941594
 1116.615 66.3059088
 1116.715 66.2349071
 1116.815 67.055638
 1116.915 67.9220988
 1117.015 66.3396045
 1117.115 66.539773
 1117.215 66.8771311
 1117.315 65.7579526
 1117.415 65.580649
 1117.515 64.8902884
 1117.615 65.9697541
 1117.715 67.2834851
 1117.815 67.8908099
 1117.915 66.3921537
 1118.015 67.3223956
 1118.115 67.9553933
 1118.215 67.1647479
 1118.315 65.4334309
 1118.415 66.2854507
 1118.515 67.8262265
 1118.615 66.3010951
 1118.715 66.2337037
 1118.815 67.502106
 1118.915 67.3428537
 1119.015 66.5104898
 1119.115 66.4639576
 1119.215 67.0985599
 1119.315 66.1326166
 1119.415 65.5329135
 1119.515 66.6011473
 1119.615 67.2036584
 1119.715 65.839785
 1119.815 67.2096755
 1119.915 68.0103494


# Stim 4 with 200 elements
#    Time   AMPLITUDE
 1500.015 84.7338441
 1500.115 83.6198805
 1500.215 82.6920454
 1500.315 82.9664246
 1500.415 85.1004854
 1500.515 84.2484656
 1500.615 84.0563199
 1500.715 83.8248626
 1500.815 83.8882426
 1500.915 83.5709415
 1501.015 83.3398853
 1501.115 86.1161699
 1501.215 82.434514
 1501.315 84.0912191
 1501.415 84.5104096
 1501.515 83.814433
 1501.615 82.4910747
 1501.715 84.0474949
 1501.815 82.0959525
 1501.915 81.7036383
 1502.015 83.5813711
 1502.115 82.7233343
 1502.215 82.4497573
 1502.315 83.209515
 1502.415 81.1003249
 1502.515 82.195435
 1502.615 82.6479201
 1502.715 82.0297645
 1502.815 82.074291
 1502.915 82.8167997
 1503.015 82.1914236
 1503.115 82.3478679
 1503.215 82.3402463
 1503.315 82.6900397
 1503.415 83.7161539
 1503.515 83.0478559
 1503.615 83.5252116
 1503.715 81.9663845
 1503.815 82.1629428
 1503.915 81.6972201
 1504.015 83.0486582
 1504.115 80.881704
 1504.215 82.8745638
 1504.315 82.8356533
 1504.415 80.996831
 1504.515 82.0337759
 1504.615 83.0097477
 1504.715 82.7445946
 1504.815 81.3959645
 1504.915 81.2852501
 1505.015 81.8448393
 1505.115 82.7000682
 1505.215 84.4297806
 1505.315  83.89787
 1505.415 82.9672269
 1505.515 82.7819006
 1505.615 82.7526174
 1505.715 82.5299852
 1505.815 81.4096033
 1505.915 82.5845401
 1506.015 83.6668138
 1506.115 82.8496931
 1506.215 82.5793253
 1506.315 83.5560993
 1506.415 82.6078062
 1506.515 82.8071724
 1506.615 84.4550523
 1506.715 82.2977255
 1506.815 82.7121024
 1506.915 84.2785511
 1507.015 83.4088812
 1507.115 82.8793774
 1507.215 81.8608849
 1507.315 84.2360303
 1507.415 82.8027598
 1507.515 81.4918368
 1507.615 84.0888122
 1507.715 84.4241646
 1507.815 82.071483
 1507.915 82.3213928
 1508.015 82.6326768
 1508.115 82.9828714
 1508.215 82.4477516
 1508.315 83.6463557
 1508.415 84.0687553
 1508.515 83.4570179
 1508.615 84.0194151
 1508.715 84.0374664
 1508.815 83.8762084
 1508.915 84.0458903
 1509.015 84.0699587
 1509.115 83.0939869
 1509.215 83.1641863
 1509.315 82.742589
 1509.415 82.5520478
 1509.515 83.903887
 1509.615 80.4396486
 1509.715 83.4730635
 1509.815 82.5733082
 1509.915 82.6037948
 1510.015 83.0358217
 1510.115 83.0282001
 1510.215 82.8316419
 1510.315 81.6342412
 1510.415 83.4550122
 1510.515 82.1400778
 1510.615 83.1184564
 1510.715 82.8460829
 1510.815 82.7449958
 1510.915 83.4987364
 1511.015 83.1429259
 1511.115 83.8669822
 1511.215 83.3972482
 1511.315 84.6086887
 1511.415 83.2319788
 1511.515 82.8849934
 1511.615 84.609491
 1511.715 82.8549079
 1511.815 85.2132055
 1511.915 83.0370252
 1512.015 84.1790686
 1512.115 83.3992539
 1512.215 83.5982189
 1512.315 83.7622849
 1512.415 82.9499779
 1512.515 82.388383
 1512.615 83.7326006
 1512.715 83.990132
 1512.815 83.745437
 1512.915 82.3811625
 1513.015 83.618677
 1513.115 82.6900397
 1513.215 84.3026194
 1513.315 81.1111557
 1513.415 83.8585583
 1513.515 84.0559188
 1513.615 83.2833246
 1513.715 82.7478038
 1513.815 82.7915279
 1513.915 84.1132817
 1514.015 83.2211481
 1514.115 83.9099041
 1514.215 84.4313851
 1514.315 83.6018292
 1514.415 81.374303
 1514.515 82.909864
 1514.615 82.103173
 1514.715 82.6667736
 1514.815 82.5339966
 1514.915 82.7297525
 1515.015 84.1136829
 1515.115 82.6759998
 1515.215 83.0466525
 1515.315 82.7871154
 1515.415 82.8372578
 1515.515 82.9828714
 1515.615 83.0875687
 1515.715 84.3555698
 1515.815 83.1766216
 1515.915 83.5300253
 1516.015 82.7205263
 1516.115 83.6327169
 1516.215 83.5212002
 1516.315 84.0928236
 1516.415 83.9034859
 1516.515 84.6283445
 1516.615 82.7040796
 1516.715 82.7650527
 1516.815 82.6186369
 1516.915 84.0414778
 1517.015 83.5380481
 1517.115 84.7799751
 1517.215 82.8312407
 1517.315 82.2203057
 1517.415 83.0290024
 1517.515 82.7654539
 1517.615 83.1244735
 1517.715 82.7020739
 1517.815 82.6511292
 1517.915 83.6720286
 1518.015 83.2692848
 1518.115 83.0947892
 1518.215 81.9912552
 1518.315 81.7959004
 1518.415  81.86971
 1518.515 83.9516226
 1518.615 82.4886678
 1518.715 81.4184283
 1518.815 84.6098921
 1518.915 82.9074572
 1519.015 82.9331301
 1519.115 83.0610935
 1519.215 81.7593967
 1519.315 82.8633319
 1519.415 83.5079626
 1519.515  83.32745
 1519.615 83.8854346
 1519.715 82.4842553
 1519.815 83.6648081
 1519.915 83.4144972


# Stim 5 with 200 elements
#    Time   AMPLITUDE
 2120.015 108.643347
 2120.115 109.291989
 2120.215 108.404669
 2120.315 109.779373
 2120.415 110.143207
 2120.515 110.740503
 2120.615 110.322917
 2120.715 110.438846
 2120.815 109.958683
 2120.915 107.930122
 2121.015 109.004774
 2121.115 110.486181
 2121.215 109.700349
 2121.315 110.254322
 2121.415 108.672229
 2121.515 111.171728
 2121.615 108.852341
 2121.715 109.867624
 2121.815 109.07056
 2121.915 107.165149
 2122.015 106.644871
 2122.115 106.24654
 2122.215 108.336074
 2122.315 107.516547
 2122.415 107.893217
 2122.515 109.000361
 2122.615 107.386177
 2122.715 108.539051
 2122.815 107.935336
 2122.915 107.990292
 2123.015 108.052469
 2123.115 107.051627
 2123.215 105.804886
 2123.315 107.460388
 2123.415 108.682258
 2123.515 108.53865
 2123.615 106.723495
 2123.715 108.564323
 2123.815 109.219383
 2123.915 109.137551
 2124.015 107.772073
 2124.115 107.370131
 2124.215 109.101849
 2124.315 108.643347
 2124.415 108.48249
 2124.515 107.58434
 2124.615 109.566368
 2124.715 106.676963
 2124.815 109.547114
 2124.915 108.289542
 2125.015 108.125075
 2125.115 109.217377
 2125.215 107.822215
 2125.315 107.715111
 2125.415 109.351759
 2125.515 108.774921
 2125.615 107.590357
 2125.715 107.265033
 2125.815 107.711902
 2125.915 107.412251
 2126.015 109.780978
 2126.115 108.765293
 2126.215 108.891652
 2126.315 108.090176
 2126.415 109.391873
 2126.515 107.455574
 2126.615 109.42236
 2126.715 107.280677
 2126.815 110.300052
 2126.915 108.906093
 2127.015 108.187653
 2127.115 109.975932
 2127.215 110.441654
 2127.315 108.920935
 2127.415 109.026836
 2127.515 108.697501
 2127.615 110.509046
 2127.715 109.292792
 2127.815 109.121104
 2127.915 107.557463
 2128.015 109.200931
 2128.115 110.527498
 2128.215 110.227847
 2128.315 109.19371
 2128.415 110.168077
 2128.515 109.725621
 2128.615 108.12307
 2128.715 110.783425
 2128.815 108.695495
 2128.915 108.705925
 2129.015 109.292792
 2129.115 109.205343
 2129.215 109.983954
 2129.315 108.680252
 2129.415 109.841951
 2129.515 107.704681
 2129.615 108.219343
 2129.715 110.061374
 2129.815 110.087849
 2129.915 110.107906
 2130.015 108.796181
 2130.115 109.648602
 2130.215 109.853985
 2130.315 109.537486
 2130.415 110.716034
 2130.515 109.458863
 2130.615 109.653015
 2130.715 109.927795
 2130.815 108.39785
 2130.915 108.732801
 2131.015 109.10907
 2131.115 109.056922
 2131.215 110.087047
 2131.315  109.3662
 2131.415 110.311284
 2131.515 110.005616
 2131.615 109.831522
 2131.715 110.239881
 2131.815 109.138754
 2131.915 109.136347
 2132.015 109.13394
 2132.115 109.909343
 2132.215 111.338602
 2132.315 109.928597
 2132.415 110.016848
 2132.515 109.681897
 2132.615 111.155682
 2132.715  109.5423
 2132.815 109.695134
 2132.915 111.533956
 2133.015 109.14437
 2133.115 110.868065
 2133.215 109.528661
 2133.315 108.912512
 2133.415 108.703518
 2133.515 111.064222
 2133.615 111.085884
 2133.715 110.160857
 2133.815 110.791448
 2133.915 109.656224
 2134.015 109.816679
 2134.115 111.311324
 2134.215 110.990413
 2134.315 108.768101
 2134.415 110.308075
 2134.515 109.061334
 2134.615 108.103815
 2134.715 111.154479
 2134.815 110.292431
 2134.915 109.497373
 2135.015 110.266356
 2135.115 109.806651
 2135.215 110.962734
 2135.315 109.651811
 2135.415 110.79947
 2135.515 108.366561
 2135.615 112.484656
 2135.715 108.293955
 2135.815 109.186088
 2135.915 110.580047
 2136.015 110.896546
 2136.115 109.476513
 2136.215 111.265995
 2136.315 109.703959
 2136.415 111.772233
 2136.515 111.346624
 2136.615 110.387902
 2136.715 109.762124
 2136.815 110.052148
 2136.915 111.297284
 2137.015 111.233102
 2137.115 110.410767
 2137.215 110.449677
 2137.315 109.990373
 2137.415 109.789803
 2137.515 111.413214
 2137.615 110.300052
 2137.715 109.502988
 2137.815 110.333748
 2137.915 110.398331
 2138.015 110.805889
 2138.115 111.067833
 2138.215 109.446829
 2138.315 109.433993
 2138.415 110.466926
 2138.515 111.317341
 2138.615 109.877251
 2138.715 109.772153
 2138.815 111.874925
 2138.915 110.972763
 2139.015 110.959124
 2139.115 111.56003
 2139.215 109.811465
 2139.315 110.094268
 2139.415 109.713185
 2139.515 110.098279
 2139.615 109.992378
 2139.715 110.255125
 2139.815 109.575194
 2139.915 112.168559


