# Data from DA_130128_E1.h5 stim 2
# Ratiometric estimator
# Ratiometric estimator:
#    Time    Ca (est)    Ca (se)
  648.015 0.0403418913 0.00373420365
  648.115 0.040009983 0.00384054756
  648.215 0.0338639376 0.00357635629
  648.315 0.0392975959 0.00380159416
  648.415 0.0414876758 0.00371643955
  648.515 0.0361924236 0.00364723742
  648.615 0.0381765344 0.00370949205
  648.715 0.0445621483 0.00381156255
  648.815 0.0382680799 0.00370734881
  648.915 0.0428185281 0.00385661146
  649.015 0.042050271 0.00389505071
  649.115 0.0443018434 0.0038827862
  649.215 0.0403716628 0.00371682943
  649.315 0.0365004872 0.00366299232
  649.415 0.039844446 0.00376595193
  649.515 0.0507456758 0.00410373774
  649.615 0.0696151453 0.00466070112
  649.715 0.0785180036 0.00484894108
  649.815 0.091812409 0.00541529156
  649.915 0.112534709 0.00607443036
  650.015 0.124716854 0.00656221307
  650.115 0.109303918 0.00614811811
  650.215 0.102439794 0.00573079981
  650.315 0.102842632 0.00581609484
  650.415 0.0994815501 0.00570881895
  650.515 0.102030969 0.00585175374
  650.615 0.0927847091 0.00552210312
  650.715 0.0838813226 0.00508507795
  650.815 0.0847188139 0.00508663015
  650.915 0.0825791076 0.00498887525
  651.015 0.0724228051 0.00475479271
  651.115 0.0807969458 0.00499465787
  651.215 0.0729656786 0.00474484485
  651.315 0.0858136173 0.00522248257
  651.415 0.074397654 0.00484868055
  651.515 0.0693480005 0.00456543649
  651.615 0.0721605082 0.00470366531
  651.715 0.0761746358 0.00478406121
  651.815 0.0672164615 0.00457147957
  651.915 0.0674073216 0.00453190677
  652.015 0.0635364551 0.00448737589
  652.115 0.069923613 0.00451841583
  652.215 0.0713066397 0.00471737805
  652.315 0.064101809 0.00441843077
  652.415 0.065782331 0.00448672507
  652.515 0.0702774651 0.00463894226
  652.615 0.0641485402 0.00447826491
  652.715 0.0597234867 0.00431088807
  652.815 0.0635008336 0.00427432298
  652.915 0.0615624799 0.00428655033
  653.015 0.0589255805 0.00432908196
  653.115 0.0658868834 0.00442981572
  653.215 0.0572265702 0.00419012785
  653.315 0.0546056999 0.00411976752
  653.415 0.0526295756 0.00418349976
  653.515 0.0479994508 0.00406116836
  653.615 0.0587652648 0.00429180124
  653.715 0.0593513703 0.00431353575
  653.815 0.0560979757 0.00415004148
  653.915 0.0569515021 0.00423945827
  654.015 0.0547719528 0.00424659867
  654.115 0.0614931425 0.00430827367
  654.215 0.0553689879 0.00416879339
  654.315 0.0503411886 0.00405395076
  654.415 0.0494843529 0.00394059082
  654.515 0.0503444148 0.00398714423
  654.615 0.0445636352 0.00388696819
  654.715 0.0533128386 0.00412336875
  654.815 0.052868175 0.00407777608
  654.915 0.0521500422 0.00404117198
  655.015 0.044776813 0.00391506736
  655.115 0.05222456 0.00410744518
  655.215 0.0514543498 0.0040958421
  655.315 0.0548479285 0.00416977764
  655.415 0.0499586246 0.00406962858
  655.515 0.0579098199 0.00414049326
  655.615 0.0517315643 0.00401789974
  655.715 0.0563597915 0.00410647227
  655.815 0.0536371672 0.00407311183
  655.915 0.05168347 0.00401664041
  656.015 0.0598952984 0.00422452975
  656.115 0.0425365955 0.00385622762
  656.215 0.0453907935 0.00388933721
  656.315 0.0507814119 0.00399377834
  656.415 0.0466646911 0.0039492621
  656.515 0.0448509009 0.00388474853
  656.615 0.0485025998 0.00392636352
  656.715 0.0476193565 0.00388826397
  656.815 0.0402840647 0.00378494073
  656.915 0.0502441056 0.00402551813
  657.015 0.0489333959 0.00397612919
  657.115 0.0420598708 0.00374797216
  657.215 0.0528606104 0.00406997325
  657.315 0.0458789915 0.00383489831
  657.415 0.0442515082 0.00375359876
  657.515 0.0499360212 0.00398695065
  657.615 0.0485795302 0.00382882498
  657.715 0.0425381545 0.00383028796
  657.815 0.0435579579 0.00385884383
  657.915 0.0480213071 0.0039598394
  658.015 0.0528733785 0.00396228211
  658.115 0.050197874 0.00386064013
  658.215 0.0499396201 0.00393078441
  658.315 0.0564511074 0.00408916333
  658.415 0.0425512655 0.00380510455
  658.515 0.046911838 0.00388200472
  658.615 0.045988985 0.00391492643
  658.715 0.0498638887 0.00393647413
  658.815 0.0452255119 0.00386616597
  658.915 0.050631637 0.00408565763
  659.015 0.0519593015 0.00410054913
  659.115 0.0461117384 0.00382949568
  659.215 0.0415748001 0.00380917519
  659.315 0.0451488018 0.00380169718
  659.415 0.0473441952 0.0038452677
  659.515 0.0401911458 0.00371960099
  659.615 0.0442466433 0.00381313711
  659.715 0.0460860111 0.003831162
  659.815 0.0501417511 0.00396237329
  659.915 0.039468857 0.00369177944
  660.015 0.0456378084 0.00381710635
  660.115 0.0343321921 0.00359002414
  660.215 0.0442082281 0.0037795059
  660.315 0.0457539896 0.00382495238
  660.415 0.0472357276 0.00380492682
  660.515 0.0481720409 0.00391940637
  660.615 0.0427301318 0.00375107987
  660.715 0.0470118768 0.00377996598
  660.815 0.0442216097 0.00384581262
  660.915 0.0460032569 0.00380479486
  661.015 0.0424591572 0.00377531693
  661.115 0.0523879944 0.0039643933
  661.215 0.0405861439 0.00371920821
  661.315 0.0428112351 0.00371985291
  661.415 0.0445733751 0.0038825615
  661.515 0.0485949252 0.00384330086
  661.615 0.0471640035 0.00386023195
  661.715 0.0464142575 0.00383042723
  661.815 0.0460067613 0.00379355481
  661.915 0.0493183631 0.00388618489
  662.015 0.0414292909 0.00371196787
  662.115 0.0454787857 0.0038710878
  662.215 0.0494031645 0.00388152084
  662.315 0.0420133154 0.00367933365
  662.415 0.0457087611 0.00378997579
  662.515 0.0448420093 0.00381510378
  662.615 0.0390982603 0.00360798288
  662.715 0.0406298681 0.00374383145
  662.815 0.0424554547 0.00372853873
  662.915 0.0387763713 0.00380260923
  663.015 0.0428850302 0.00372900479
  663.115 0.0434313927 0.00375224701
  663.215 0.0507637946 0.00391736584
  663.315 0.0426483873 0.00371719015
  663.415 0.0410266905 0.00366278947
  663.515 0.0402894868 0.00359315891
  663.615 0.043377192 0.00380423158
  663.715 0.0413615591 0.00367889078
  663.815 0.0413948949 0.00372189532
  663.915 0.0445616524 0.00380059066
  664.015 0.0447550633 0.0038509192
  664.115 0.0435220922 0.00370459143
  664.215 0.046897639 0.00376040151
  664.315 0.0443012701 0.00377380175
  664.415 0.0416568196 0.00369972075
  664.515 0.0437273359 0.00380299234
  664.615 0.0452715995 0.00385438599
  664.715 0.0451058252 0.00377925731
  664.815 0.0437507509 0.00371986526
  664.915 0.0428610154 0.00376192346
  665.015 0.0364694656 0.00357808457
  665.115 0.0445489708 0.00379412725
  665.215 0.0474342568 0.00383830765
  665.315 0.0380228223 0.00356410041
  665.415 0.044106821 0.00376148077
  665.515 0.0423788441 0.00371176177
  665.615 0.0430950597 0.00375236039
  665.715 0.0425450388 0.00373825067
  665.815 0.0454152668 0.00383862578
  665.915 0.0437173034 0.00376882994
  666.015 0.0494671649 0.00386110055
  666.115 0.0374954626 0.00351689015
  666.215 0.0444107728 0.00381428835
  666.315 0.0356018639 0.00359473186
  666.415 0.0397437427 0.0036840783
  666.515 0.0418114373 0.00367439527
  666.615 0.0375975179 0.00362209435
  666.715 0.0447938668 0.00378168908
  666.815 0.0428481985 0.00368738716
  666.915 0.0391090117 0.00357848418
  667.015 0.0446626356 0.00379315848
  667.115 0.0441566475 0.00381796295
  667.215 0.0338370004 0.00345727874
  667.315 0.0475147699 0.00391053928
  667.415 0.0347000266 0.00352489072
  667.515 0.0414309413 0.00363307635
  667.615 0.0410278429 0.00365671273
  667.715 0.0497460343 0.00385568045
  667.815 0.0417576589 0.00373708805
  667.915 0.0437331528 0.00368601078


