# Data from DA_130128_E1.h5 stim 3
# Ratiometric estimator
# Ratiometric estimator:
#    Time    Ca (est)    Ca (se)
 1100.015 0.0353873501 0.00255009454
 1100.115 0.0372193692 0.00258515057
 1100.215 0.0320359887 0.00249735467
 1100.315 0.0326722799 0.00251327071
 1100.415 0.0367770635 0.00256915559
 1100.515 0.0366615299 0.00256527384
 1100.615 0.0324218376 0.00246161338
 1100.715 0.0362187807 0.00255930622
 1100.815 0.0335366757 0.00251837685
 1100.915 0.0375785551 0.002594193
 1101.015 0.0390173588 0.00263283577
 1101.115 0.0309058511 0.00248075471
 1101.215 0.0349332953 0.00252623756
 1101.315 0.0327759015 0.00249120086
 1101.415 0.036600048 0.00257459594
 1101.515 0.0399493669 0.00266906765
 1101.615 0.0533000264 0.00292547727
 1101.715 0.0658505657 0.00315299642
 1101.815 0.0748464888 0.0033744731
 1101.915 0.0841569657 0.0036122121
 1102.015 0.0852543726 0.00366022866
 1102.115 0.0800346398 0.00355340068
 1102.215 0.0813144268 0.00354952941
 1102.315 0.0810756558 0.00354154562
 1102.415 0.0767810757 0.00342926821
 1102.515 0.071155437 0.00331355884
 1102.615 0.0737454696 0.00345021093
 1102.715 0.0741279311 0.00338184943
 1102.815 0.0755538266 0.00338260316
 1102.915 0.0631199341 0.00314044284
 1103.015 0.0678328422 0.00323475074
 1103.115 0.0633842094 0.0031883156
 1103.215 0.0658872082 0.00314242273
 1103.315 0.0702235698 0.00328168755
 1103.415 0.0678085842 0.00327208117
 1103.515 0.0647013857 0.00314950208
 1103.615 0.0630833237 0.00311802352
 1103.715 0.0644371981 0.00311853795
 1103.815 0.0612904253 0.00306634322
 1103.915 0.0589970429 0.00309383405
 1104.015 0.0570633165 0.00299396964
 1104.115 0.0531163954 0.0029173346
 1104.215 0.0526878566 0.0029593146
 1104.315 0.054979228 0.00292388655
 1104.415 0.0555166921 0.00295655371
 1104.515 0.0545788457 0.00296530855
 1104.615 0.0560757499 0.00301534416
 1104.715 0.0595141509 0.00301267265
 1104.815 0.0611971462 0.00304702809
 1104.915 0.0612664582 0.00307540693
 1105.015 0.0531852965 0.00293315098
 1105.115 0.0543286153 0.00290393054
 1105.215 0.0530149307 0.00289024724
 1105.315 0.0489780338 0.00278298494
 1105.415 0.0543362607 0.00297076424
 1105.515 0.0482546942 0.00281220332
 1105.615 0.0510418216 0.00287141853
 1105.715 0.0480861987 0.00278978461
 1105.815 0.0524711046 0.0028553257
 1105.915 0.0431340946 0.00274362674
 1106.015 0.04940853 0.00286336819
 1106.115 0.046839264 0.00274744282
 1106.215 0.0519411076 0.00286561961
 1106.315 0.0516629564 0.00287460624
 1106.415 0.0520256903 0.0028240724
 1106.515 0.0502974894 0.00282905122
 1106.615 0.0477010428 0.00279644895
 1106.715 0.0479987906 0.00277131491
 1106.815 0.0458991237 0.00271931219
 1106.915 0.0512168597 0.0028310433
 1107.015 0.0507894501 0.00287710384
 1107.115 0.054478211 0.00293883384
 1107.215 0.0450118652 0.00272752632
 1107.315 0.0459734309 0.0027755135
 1107.415 0.044645903 0.00275362906
 1107.515 0.0446566911 0.0026995629
 1107.615 0.0423014951 0.00267073023
 1107.715 0.0456372147 0.00269774837
 1107.815 0.0373669493 0.00258654662
 1107.915 0.0429749201 0.00270487859
 1108.015 0.0446547219 0.00272449809
 1108.115 0.043214478 0.00272019671
 1108.215 0.0422441817 0.00267135377
 1108.315 0.04533659 0.00274121416
 1108.415 0.0475140772 0.0027369096
 1108.515 0.0421989136 0.00269314295
 1108.615 0.0417134977 0.00265401242
 1108.715 0.0400666828 0.00264212793
 1108.815 0.0413650107 0.00264861009
 1108.915 0.0457489843 0.00275285199
 1109.015 0.0477477878 0.00273172506
 1109.115 0.0421688565 0.00261757124
 1109.215 0.0392364995 0.00261728115
 1109.315 0.0400993576 0.00261148774
 1109.415 0.0410302954 0.00258779725
 1109.515 0.0422731851 0.00268641583
 1109.615 0.0422118533 0.0026116354
 1109.715 0.0390659712 0.00263562743
 1109.815 0.0389865142 0.00259790262
 1109.915 0.0419217538 0.00262498569
 1110.015 0.0391735107 0.00258220927
 1110.115 0.0432323467 0.00265832738
 1110.215 0.0395505999 0.00259478367
 1110.315 0.0416903951 0.00260733711
 1110.415 0.0466264783 0.00271571771
 1110.515 0.0383003586 0.00259065059
 1110.615 0.0444501223 0.00269850749
 1110.715 0.0376035391 0.00256595052
 1110.815 0.0400081076 0.00259433156
 1110.915 0.039735294 0.0026044376
 1111.015 0.0419700919 0.00265939908
 1111.115 0.039926634 0.00260153387
 1111.215 0.0376209016 0.00262662811
 1111.315 0.0386267319 0.00257640526
 1111.415 0.0364498113 0.00255008478
 1111.515 0.039816056 0.00259100617
 1111.615 0.0354797343 0.00253177669
 1111.715 0.0400795434 0.00262265358
 1111.815 0.03898031 0.00258427955
 1111.915 0.0355767207 0.00253243655
 1112.015 0.0415560512 0.00261132501
 1112.115 0.0355711616 0.00253623399
 1112.215 0.0378804456 0.00260235742
 1112.315 0.0385528303 0.00258615324
 1112.415 0.0400496499 0.00259214106
 1112.515 0.0365454554 0.00252372032
 1112.615 0.0411878137 0.00265170269
 1112.715 0.0399700144 0.00261583333
 1112.815 0.0326942367 0.00248277751
 1112.915 0.0355666096 0.00249148023
 1113.015 0.0388133379 0.00263539109
 1113.115 0.0381122934 0.00255916142
 1113.215 0.0431449909 0.00266208387
 1113.315 0.0391332566 0.0026116651
 1113.415 0.0372027554 0.00258748958
 1113.515 0.0444179794 0.00267185404
 1113.615 0.0400155346 0.00259564758
 1113.715 0.0396963289 0.00257705808
 1113.815 0.0334038456 0.00245807984
 1113.915 0.0379605451 0.00257707114
 1114.015 0.0352167355 0.0025015496
 1114.115 0.0382217669 0.00256520738
 1114.215 0.0405538491 0.00256114625
 1114.315 0.0401610364 0.00256700477
 1114.415 0.0388647258 0.00255785244
 1114.515 0.0386532901 0.0025537332
 1114.615 0.0356778675 0.00253233647
 1114.715 0.0393253679 0.00258266677
 1114.815 0.0415981571 0.00264317703
 1114.915 0.0380914486 0.00261682955
 1115.015 0.036790788 0.00257432633
 1115.115 0.0387455039 0.00257428553
 1115.215 0.0375170636 0.00249422542
 1115.315 0.0362974028 0.00251599847
 1115.415 0.0368291259 0.00253977912
 1115.515 0.0349177691 0.00245409543
 1115.615 0.0392666188 0.00258109618
 1115.715 0.0336482126 0.00249132666
 1115.815 0.0371639242 0.00260300765
 1115.915 0.0407696946 0.00261186184
 1116.015 0.0425389372 0.00265627332
 1116.115 0.0426539556 0.00259934844
 1116.215 0.038501566 0.00254494331
 1116.315 0.0423965569 0.00263211676
 1116.415 0.0355204133 0.00254476704
 1116.515 0.0386826329 0.00258579769
 1116.615 0.0388748128 0.00258090596
 1116.715 0.0402297899 0.00261147553
 1116.815 0.0393711782 0.0025755307
 1116.915 0.0341840229 0.00250206168
 1117.015 0.03967593 0.00260511261
 1117.115 0.0404692285 0.0026069706
 1117.215 0.0389877594 0.0025886999
 1117.315 0.036458783 0.0025247511
 1117.415 0.0400616645 0.00261242445
 1117.515 0.0338637521 0.00247987442
 1117.615 0.0378740755 0.00256826605
 1117.715 0.035494511 0.00251677082
 1117.815 0.0393967881 0.00260607431
 1117.915 0.0364829959 0.00252514702
 1118.015 0.0366922599 0.00252463215
 1118.115 0.0319304925 0.002415611
 1118.215 0.0360583159 0.00252518053
 1118.315 0.0375309204 0.00256925269
 1118.415 0.0346283656 0.0025225929
 1118.515 0.0356792633 0.00249926626
 1118.615 0.0353758305 0.00248800669
 1118.715 0.0381875914 0.00255902208
 1118.815 0.0424415131 0.0026077242
 1118.915 0.0383648261 0.00253359463
 1119.015 0.0388542449 0.00259165163
 1119.115 0.0315515842 0.00247255388
 1119.215 0.0367338441 0.00253675666
 1119.315 0.0400861849 0.00263990437
 1119.415 0.0388449409 0.00257412158
 1119.515 0.0404738356 0.00259082311
 1119.615 0.0351593715 0.00250905516
 1119.715 0.0351785088 0.0024873509
 1119.815 0.0367527637 0.00251560627
 1119.915 0.0361017365 0.00255107482


