# τ vs max κ linear regression for data set DA_130128_E1.h5
# Using stimulation: 1, 2, 3, 4, 5
# Best fit: tau = 0.442697 + 0.0194787 kappa_Fura
# Covariance matrix:
# [ +5.19686e-02, -2.76682e-04  
#   -2.76682e-04, +2.31585e-06  ]
# Total sum of squares (TSS) = 172.337
# chisq (Residual sum of squares, RSS) = 8.50052
# Probability of observing a larger of equal RSS per DOF under the null hypothesis: 0.0367244
# R squared (1-RSS/TSS) = 0.950675
# Estimated gamma/v with standard error: 51.338 +/- 4.01082
# Estimates kappa_S with standard error (using error propagation): 21.7272 +/- 11.8373
# kappa_S confidence intervals based on parametric bootstrap
# 0.95 CI for kappa_S: [-1.51938,50.4742]
# 0.99 CI for kappa_S: [-7.69217,61.8326]


# The data
# κ_Fura  τ   τ_SE
45.3836 1.35364 0.192373
137.337 3.29466 0.274881
224.721 3.98821 0.35594
285.311 6.68807 0.600155
362.841 8.32472 0.716199


# The fitted data
# Preticted values with lower and upper bounds of 0.95 CI
# κ_Fura  τ   τ_lwr  τ_upr
-28.159 -0.105805 -0.622097 0.410487
-26.5224 -0.0739263 -0.586061 0.438209
-24.8859 -0.042048 -0.550039 0.465943
-23.2493 -0.0101697 -0.51403 0.49369
-21.6127 0.0217086 -0.478034 0.521451
-19.9762 0.0535869 -0.442052 0.549226
-18.3396 0.0854652 -0.406085 0.577015
-16.703 0.117344 -0.370132 0.604819
-15.0665 0.149222 -0.334194 0.632637
-13.4299 0.1811 -0.298271 0.660471
-11.7933 0.212978 -0.262364 0.688321
-10.1567 0.244857 -0.226473 0.716186
-8.52018 0.276735 -0.190599 0.744069
-6.88361 0.308613 -0.154741 0.771968
-5.24704 0.340492 -0.118901 0.799884
-3.61047 0.37237 -0.083079 0.827819
-1.9739 0.404248 -0.0472751 0.855772
-0.33733 0.436127 -0.0114901 0.883743
1.29924 0.468005 0.0242756 0.911734
2.93581 0.499883 0.0600215 0.939745
4.57238 0.531762 0.095747 0.967776
6.20895 0.56364 0.131452 0.995828
7.84552 0.595518 0.167135 1.0239
9.48209 0.627396 0.202796 1.052
11.1187 0.659275 0.238435 1.08011
12.7552 0.691153 0.27405 1.10826
14.3918 0.723031 0.309642 1.13642
16.0284 0.75491 0.345208 1.16461
17.6649 0.786788 0.38075 1.19283
19.3015 0.818666 0.416266 1.22107
20.9381 0.850545 0.451756 1.24933
22.5746 0.882423 0.487218 1.27763
24.2112 0.914301 0.522652 1.30595
25.8478 0.94618 0.558057 1.3343
27.4844 0.978058 0.593433 1.36268
29.1209 1.00994 0.628778 1.39109
30.7575 1.04181 0.664092 1.41954
32.3941 1.07369 0.699373 1.44801
34.0306 1.10557 0.734622 1.47652
35.6672 1.13745 0.769837 1.50506
37.3038 1.16933 0.805017 1.53364
38.9403 1.20121 0.840161 1.56225
40.5769 1.23308 0.875269 1.5909
42.2135 1.26496 0.910338 1.61959
43.8501 1.29684 0.945369 1.64831
45.4866 1.32872 0.98036 1.67708
47.1232 1.3606 1.01531 1.70589
48.7598 1.39248 1.05022 1.73473
50.3963 1.42435 1.08508 1.76363
52.0329 1.45623 1.1199 1.79256
53.6695 1.48811 1.15468 1.82154
55.306 1.51999 1.18941 1.85057
56.9426 1.55187 1.22409 1.87965
58.5792 1.58375 1.25872 1.90877
60.2158 1.61562 1.2933 1.93795
61.8523 1.6475 1.32783 1.96718
63.4889 1.67938 1.3623 1.99646
65.1255 1.71126 1.39672 2.02579
66.762 1.74314 1.43109 2.05518
68.3986 1.77502 1.4654 2.08463
70.0352 1.80689 1.49965 2.11414
71.6717 1.83877 1.53384 2.1437
73.3083 1.87065 1.56797 2.17333
74.9449 1.90253 1.60204 2.20302
76.5814 1.93441 1.63604 2.23277
78.218 1.96629 1.66998 2.26259
79.8546 1.99816 1.70385 2.29247
81.4912 2.03004 1.73766 2.32243
83.1277 2.06192 1.77139 2.35245
84.7643 2.0938 1.80506 2.38254
86.4009 2.12568 1.83865 2.41271
88.0374 2.15756 1.87217 2.44294
89.674 2.18943 1.90561 2.47325
91.3106 2.22131 1.93898 2.50364
92.9471 2.25319 1.97227 2.53411
94.5837 2.28507 2.00549 2.56465
96.2203 2.31695 2.03862 2.59527
97.8569 2.34883 2.07168 2.62597
99.4934 2.3807 2.10465 2.65676
101.13 2.41258 2.13754 2.68762
102.767 2.44446 2.17035 2.71857
104.403 2.47634 2.20307 2.74961
106.04 2.50822 2.23571 2.78072
107.676 2.5401 2.26826 2.81193
109.313 2.57197 2.30073 2.84322
110.949 2.60385 2.33311 2.87459
112.586 2.63573 2.3654 2.90606
114.223 2.66761 2.39761 2.93761
115.859 2.69949 2.42973 2.96925
117.496 2.73136 2.46176 3.00097
119.132 2.76324 2.4937 3.03279
120.769 2.79512 2.52555 3.06469
122.405 2.827 2.55731 3.09669
124.042 2.85888 2.58899 3.12877
125.679 2.89076 2.62058 3.16094
127.315 2.92263 2.65208 3.19319
128.952 2.95451 2.68349 3.22554
130.588 2.98639 2.71482 3.25797
132.225 3.01827 2.74605 3.29048
133.861 3.05015 2.77721 3.32309
135.498 3.08203 2.80828 3.35578
137.135 3.1139 2.83926 3.38855
138.771 3.14578 2.87016 3.4214
140.408 3.17766 2.90098 3.45434
142.044 3.20954 2.93171 3.48736
143.681 3.24142 2.96237 3.52047
145.317 3.2733 2.99295 3.55365
146.954 3.30517 3.02344 3.58691
148.591 3.33705 3.05386 3.62024
150.227 3.36893 3.08421 3.65366
151.864 3.40081 3.11447 3.68714
153.5 3.43269 3.14467 3.72071
155.137 3.46457 3.17479 3.75434
156.773 3.49644 3.20484 3.78805
158.41 3.52832 3.23482 3.82182
160.047 3.5602 3.26474 3.85567
161.683 3.59208 3.29458 3.88958
163.32 3.62396 3.32436 3.92355
164.956 3.65584 3.35408 3.9576
166.593 3.68771 3.38373 3.9917
168.229 3.71959 3.41332 4.02586
169.866 3.75147 3.44285 4.06009
171.502 3.78335 3.47232 4.09438
173.139 3.81523 3.50174 4.12872
174.776 3.84711 3.53109 4.16312
176.412 3.87898 3.5604 4.19757
178.049 3.91086 3.58965 4.23208
179.685 3.94274 3.61884 4.26664
181.322 3.97462 3.64799 4.30125
182.958 4.0065 3.67709 4.33591
184.595 4.03838 3.70614 4.37062
186.232 4.07025 3.73514 4.40537
187.868 4.10213 3.76409 4.44017
189.505 4.13401 3.793 4.47502
191.141 4.16589 3.82187 4.50991
192.778 4.19777 3.85069 4.54484
194.414 4.22965 3.87948 4.57982
196.051 4.26152 3.90822 4.61483
197.688 4.2934 3.93692 4.64988
199.324 4.32528 3.96559 4.68498
200.961 4.35716 3.99421 4.7201
202.597 4.38904 4.0228 4.75527
204.234 4.42092 4.05136 4.79047
205.87 4.45279 4.07988 4.8257
207.507 4.48467 4.10837 4.86097
209.144 4.51655 4.13683 4.89627
210.78 4.54843 4.16525 4.93161
212.417 4.58031 4.19365 4.96697
214.053 4.61219 4.22201 5.00236
215.69 4.64406 4.25034 5.03778
217.326 4.67594 4.27865 5.07323
218.963 4.70782 4.30693 5.10871
220.6 4.7397 4.33518 5.14422
222.236 4.77158 4.36341 5.17975
223.873 4.80346 4.39161 5.2153
225.509 4.83533 4.41978 5.25089
227.146 4.86721 4.44793 5.28649
228.782 4.89909 4.47606 5.32212
230.419 4.93097 4.50416 5.35777
232.056 4.96285 4.53225 5.39345
233.692 4.99472 4.56031 5.42914
235.329 5.0266 4.58835 5.46486
236.965 5.05848 4.61637 5.5006
238.602 5.09036 4.64437 5.53635
240.238 5.12224 4.67235 5.57213
241.875 5.15412 4.70031 5.60793
243.512 5.18599 4.72825 5.64374
245.148 5.21787 4.75617 5.67957
246.785 5.24975 4.78408 5.71542
248.421 5.28163 4.81197 5.75129
250.058 5.31351 4.83984 5.78718
251.694 5.34539 4.8677 5.82308
253.331 5.37726 4.89554 5.85899
254.968 5.40914 4.92336 5.89492
256.604 5.44102 4.95117 5.93087
258.241 5.4729 4.97897 5.96683
259.877 5.50478 5.00675 6.00281
261.514 5.53666 5.03451 6.0388
263.15 5.56853 5.06227 6.0748
264.787 5.60041 5.09001 6.11082
266.424 5.63229 5.11773 6.14685
268.06 5.66417 5.14545 6.18289
269.697 5.69605 5.17315 6.21895
271.333 5.72793 5.20084 6.25501
272.97 5.7598 5.22852 6.29109
274.606 5.79168 5.25618 6.32718
276.243 5.82356 5.28384 6.36329
277.88 5.85544 5.31148 6.3994
279.516 5.88732 5.33911 6.43552
281.153 5.9192 5.36674 6.47166
282.789 5.95107 5.39435 6.5078
284.426 5.98295 5.42195 6.54396
286.062 6.01483 5.44954 6.58012
287.699 6.04671 5.47713 6.61629
289.336 6.07859 5.5047 6.65248
290.972 6.11047 5.53226 6.68867
292.609 6.14234 5.55982 6.72487
294.245 6.17422 5.58736 6.76108
295.882 6.2061 5.6149 6.7973
297.518 6.23798 5.64243 6.83353
299.155 6.26986 5.66995 6.86976
300.792 6.30174 5.69747 6.906
302.428 6.33361 5.72497 6.94226
304.065 6.36549 5.75247 6.97851
305.701 6.39737 5.77996 7.01478
307.338 6.42925 5.80744 7.05105
308.974 6.46113 5.83492 7.08733
310.611 6.49301 5.86239 7.12362
312.247 6.52488 5.88985 7.15992
313.884 6.55676 5.91731 7.19622
315.521 6.58864 5.94475 7.23253
317.157 6.62052 5.9722 7.26884
318.794 6.6524 5.99963 7.30516
320.43 6.68428 6.02706 7.34149
322.067 6.71615 6.05448 7.37782
323.703 6.74803 6.0819 7.41416
325.34 6.77991 6.10931 7.45051
326.977 6.81179 6.13672 7.48686
328.613 6.84367 6.16412 7.52321
330.25 6.87555 6.19151 7.55958
331.886 6.90742 6.2189 7.59594
333.523 6.9393 6.24629 7.63232
335.159 6.97118 6.27367 7.6687
336.796 7.00306 6.30104 7.70508
338.433 7.03494 6.32841 7.74147
340.069 7.06682 6.35577 7.77786
341.706 7.09869 6.38313 7.81426
343.342 7.13057 6.41048 7.85066
344.979 7.16245 6.43783 7.88707
346.615 7.19433 6.46518 7.92348
348.252 7.22621 6.49252 7.95989
349.889 7.25808 6.51985 7.99631
351.525 7.28996 6.54719 8.03274
353.162 7.32184 6.57451 8.06917
354.798 7.35372 6.60184 8.1056
356.435 7.3856 6.62916 8.14204
358.071 7.41748 6.65647 8.17848
359.708 7.44935 6.68378 8.21493
361.345 7.48123 6.71109 8.25137
362.981 7.51311 6.7384 8.28783
364.618 7.54499 6.7657 8.32428
366.254 7.57687 6.79299 8.36074
367.891 7.60875 6.82028 8.39721
369.527 7.64062 6.84757 8.43368
371.164 7.6725 6.87486 8.47015
372.801 7.70438 6.90214 8.50662
374.437 7.73626 6.92942 8.5431
376.074 7.76814 6.9567 8.57958
377.71 7.80002 6.98397 8.61606
379.347 7.83189 7.01124 8.65255
