# Data from DA_130128_E1.h5 stim 2
# Ratiometric estimator mono-exponential fit
# Fitted model Ca = baseline+delta*exp(-(t-t0)/tau)
# nobs = 177
# number of degrees of freedom = 174
# baseline length = 7
# fit started from point 30
# estimated baseline 0.0420977 and standard error 0.00051857
# estimated delta 0.0346766 and standard error 0.00155551
# estimated tau 3.29466 and standard error 0.274881
# residual sum of squares: 182.239
# RSS per degree of freedom: 1.04735
# Probability of observing a larger of equal RSS per DOF under the null hypothesis: 0.319014

# rss per degree of freedom: 1.04735

# Time    Ca  Prediction  Residual
648.015 0.0403419 0.0420977 -0.470192
648.115 0.04001 0.0420977 -0.543595
648.215 0.0338639 0.0420977 -2.30227
648.315 0.0392976 0.0420977 -0.736556
648.415 0.0414877 0.0420977 -0.164138
648.515 0.0361924 0.0420977 -1.61911
648.615 0.0381765 0.0420977 -1.05706

651.015 0.0724228 0.0767743 -0.915181
651.115 0.0807969 0.0757376 1.01295
651.215 0.0729657 0.0747319 -0.37224
651.315 0.0858136 0.0737563 2.30874
651.415 0.0743977 0.0728098 0.327482
651.515 0.069348 0.0718916 -0.557148
651.615 0.0721605 0.0710009 0.246533
651.715 0.0761746 0.0701368 1.26207
651.815 0.0672165 0.0692985 -0.455451
651.915 0.0674073 0.0684853 -0.237875
652.015 0.0635365 0.0676965 -0.927046
652.115 0.0699236 0.0669312 0.66228
652.215 0.0713066 0.0661887 1.08491
652.315 0.0641018 0.0654685 -0.309316
652.415 0.0657823 0.0647698 0.225672
652.515 0.0702775 0.064092 1.33338
652.615 0.0641485 0.0634345 0.159456
652.715 0.0597235 0.0627966 -0.712865
652.815 0.0635008 0.0621777 0.309542
652.915 0.0615625 0.0615774 -0.00348858
653.015 0.0589256 0.0609951 -0.478042
653.115 0.0658869 0.0604301 1.23183
653.215 0.0572266 0.059882 -0.633744
653.315 0.0546057 0.0593504 -1.15168
653.415 0.0526296 0.0588346 -1.48321
653.515 0.0479995 0.0583342 -2.54477
653.615 0.0587653 0.0578488 0.213541
653.715 0.0593514 0.0573779 0.457508
653.815 0.056098 0.0569211 -0.198335
653.915 0.0569515 0.0564779 0.11171
654.015 0.054772 0.056048 -0.300487
654.115 0.0614931 0.0556309 1.36068
654.215 0.055369 0.0552263 0.0342159
654.315 0.0503412 0.0548339 -1.10822
654.415 0.0494844 0.0544531 -1.26091
654.515 0.0503444 0.0540837 -0.937839
654.615 0.0445636 0.0537254 -2.35704
654.715 0.0533128 0.0533778 -0.0157433
654.815 0.0528682 0.0530405 -0.0422654
654.915 0.05215 0.0527134 -0.139398
655.015 0.0447768 0.052396 -1.94612
655.115 0.0522246 0.0520881 0.0332159
655.215 0.0514543 0.0517895 -0.0818153
655.315 0.0548479 0.0514997 0.802974
655.415 0.0499586 0.0512186 -0.30961
655.515 0.0579098 0.0509459 1.6819
655.615 0.0517316 0.0506814 0.261368
655.715 0.0563598 0.0504248 1.44528
655.815 0.0536372 0.0501758 0.849798
655.915 0.0516835 0.0499343 0.435471
656.015 0.0598953 0.0497001 2.41334
656.115 0.0425366 0.0494728 -1.79869
656.215 0.0453908 0.0492523 -0.992841
656.315 0.0507814 0.0490384 0.436434
656.415 0.0466647 0.0488309 -0.548508
656.515 0.0448509 0.0486296 -0.9727
656.615 0.0485026 0.0484343 0.0173912
656.715 0.0476194 0.0482449 -0.160873
656.815 0.0402841 0.0480611 -2.05473
656.915 0.0502441 0.0478828 0.586581
657.015 0.0489334 0.0477099 0.30772
657.115 0.0420599 0.0475421 -1.46271
657.215 0.0528606 0.0473793 1.34676
657.315 0.045879 0.0472214 -0.350054
657.415 0.0442515 0.0470682 -0.750407
657.515 0.049936 0.0469196 0.756565
657.615 0.0485795 0.0467755 0.471177
657.715 0.0425382 0.0466356 -1.06976
657.815 0.043558 0.0465 -0.762405
657.915 0.0480213 0.0463684 0.41743
658.015 0.0528734 0.0462407 1.67396
658.115 0.0501979 0.0461168 1.05709
658.215 0.0499396 0.0459967 1.0031
658.315 0.0564511 0.0458801 2.58513
658.415 0.0425513 0.045767 -0.845115
658.515 0.0469118 0.0456573 0.323163
658.615 0.045989 0.0455509 0.111902
658.715 0.0498639 0.0454477 1.12187
658.815 0.0452255 0.0453475 -0.0315549
658.915 0.0506316 0.0452504 1.31712
659.015 0.0519593 0.0451561 1.6591
659.115 0.0461117 0.0450647 0.273424
659.215 0.0415748 0.044976 -0.892887
659.315 0.0451488 0.0448899 0.0680981
659.415 0.0473442 0.0448064 0.659969
659.515 0.0401911 0.0447255 -1.21903
659.615 0.0442466 0.0446469 -0.104967
659.715 0.046086 0.0445707 0.395527
659.815 0.0501418 0.0444968 1.42465
659.915 0.0394689 0.044425 -1.34249
660.015 0.0456378 0.0443554 0.335951
660.115 0.0343322 0.044288 -2.77317
660.215 0.0442082 0.0442225 -0.00376837
660.315 0.045754 0.0441589 0.41701
660.415 0.0472357 0.0440973 0.824826
660.515 0.048172 0.0440375 1.05488
660.615 0.0427301 0.0439795 -0.333082
660.715 0.0470119 0.0439233 0.817094
660.815 0.0442216 0.0438687 0.0917622
660.915 0.0460033 0.0438158 0.574931
661.015 0.0424592 0.0437644 -0.34573
661.115 0.052388 0.0437146 2.18783
661.215 0.0405861 0.0436662 -0.828157
661.315 0.0428112 0.0436193 -0.217241
661.415 0.0445734 0.0435738 0.25744
661.515 0.0485949 0.0435297 1.31793
661.615 0.047164 0.0434869 0.952559
661.715 0.0464143 0.0434454 0.77508
661.815 0.0460068 0.0434051 0.685816
661.915 0.0493184 0.043366 1.53167
662.015 0.0414293 0.0433281 -0.511531
662.115 0.0454788 0.0432913 0.565085
662.215 0.0494032 0.0432556 1.5838
662.315 0.0420133 0.043221 -0.328232
662.415 0.0457088 0.0431874 0.665269
662.515 0.044842 0.0431548 0.442237
662.615 0.0390983 0.0431232 -1.11557
662.715 0.0406299 0.0430926 -0.657801
662.815 0.0424555 0.0430628 -0.162897
662.915 0.0387764 0.043034 -1.11965
663.015 0.042885 0.043006 -0.0324342
663.115 0.0434314 0.0429788 0.120613
663.215 0.0507638 0.0429525 1.99402
663.315 0.0426484 0.0429269 -0.0749325
663.415 0.0410267 0.0429021 -0.512026
663.515 0.0402895 0.0428781 -0.720424
663.615 0.0433772 0.0428548 0.137331
663.715 0.0413616 0.0428321 -0.399729
663.815 0.0413949 0.0428102 -0.380255
663.915 0.0445617 0.0427889 0.466451
664.015 0.0447551 0.0427682 0.515945
664.115 0.0435221 0.0427482 0.208913
664.215 0.0468976 0.0427287 1.10864
664.315 0.0443013 0.0427098 0.421704
664.415 0.0416568 0.0426915 -0.279676
664.515 0.0437273 0.0426738 0.277032
664.615 0.0452716 0.0426566 0.678457
664.715 0.0451058 0.0426399 0.652501
664.815 0.0437508 0.0426236 0.302996
664.915 0.042861 0.0426079 0.0672776
665.015 0.0364695 0.0425927 -1.71131
665.115 0.044549 0.0425779 0.519514
665.215 0.0474343 0.0425635 1.26898
665.315 0.0380228 0.0425496 -1.2701
665.415 0.0441068 0.0425361 0.417586
665.515 0.0423788 0.042523 -0.0388299
665.615 0.0430951 0.0425103 0.155849
665.715 0.042545 0.0424979 0.0126038
665.815 0.0454153 0.042486 0.763114
665.915 0.0437173 0.0424743 0.329798
666.015 0.0494672 0.0424631 1.81401
666.115 0.0374955 0.0424522 -1.4094
666.215 0.0444108 0.0424416 0.516271
666.315 0.0356019 0.0424313 -1.89984
666.415 0.0397437 0.0424213 -0.726795
666.515 0.0418114 0.0424116 -0.163347
666.615 0.0375975 0.0424023 -1.32651
666.715 0.0447939 0.0423931 0.634828
666.815 0.0428482 0.0423843 0.125803
666.915 0.039109 0.0423757 -0.912882
667.015 0.0446626 0.0423674 0.605091
667.115 0.0441566 0.0423594 0.470743
667.215 0.033837 0.0423515 -2.46279
667.315 0.0475148 0.042344 1.32228
667.415 0.0347 0.0423366 -2.16647
667.515 0.0414309 0.0423294 -0.247313
667.615 0.0410278 0.0423225 -0.354055
667.715 0.049746 0.0423158 1.92709
667.815 0.0417577 0.0423093 -0.147607
667.915 0.0437332 0.042303 0.388008
