# Cellular [Fura] for dataset DA_121015_E3.h5

# Loading curve with 60 elements
#    Time   AMPLITUDE
    0.021 3.43229515
   30.021 3.42474348
   60.021 2.57541221
   90.021 3.10809586
  120.021 2.96734423
  150.021 3.12395438
  180.021 3.38326734
  210.021 3.23647437
  240.021 3.1906415
  270.021 2.76734097
  420.021 27.2880419
  480.021 36.5685297
  540.021 44.0988294
  600.021 50.2943411
  660.021 55.8290812
  750.021 60.4652298
  810.021 63.3446841
  870.021 66.4621905
  930.021 67.9699118
  990.021 69.0784979
 1050.021 72.6676356
 1110.021 73.5096476
 1170.021 77.3224891
 1230.021 77.6519165
 1290.021 79.7958375
 1350.021 79.6379494
 1410.021 80.2507389
 1470.021 82.9962381
 1530.021 82.3244874
 1590.021 85.0518045
 1650.021 87.0876785
 1710.021 89.3127509
 1830.021 89.0265424
 1890.021 89.4286982
 1950.021 89.7919339
 2010.021 91.1990436
 2070.021 91.2344784
 2130.021 90.2222633
 2190.021 91.0167578
 2250.021 92.3660681
 2310.021 90.5229362
 2370.021 92.6116719
 2430.021 93.4296927
 2490.021 94.2006608
 2550.021 93.4935915
 2610.021 92.7311626
 2670.021 94.0380093
 2730.021 93.3312886
 2790.021 95.9175055
 2850.021 97.2742513
 2910.021 96.9511558
 2970.021 96.3365655
 3030.021 97.9589561
 3090.021 97.0757584
 3150.021 99.5946492
 3210.021 99.817598
 3270.021       100
 3330.021 99.7349361
 3390.021 99.7197747
 3450.021 99.8157972


# Stim 1 with 200 elements
#    Time   AMPLITUDE
  410.015 24.2302518
  410.115 24.352008
  410.215 24.5164603
  410.315 23.6467395
  410.415 23.7847609
  410.515 24.0603971
  410.615 24.0433187
  410.715 23.9547318
  410.815 24.3275522
  410.915 23.5427007
  411.015 24.3759991
  411.115 24.3736756
  411.215 23.7406127
  411.315 23.6935599
  411.415 24.7469027
  411.515 24.9903571
  411.615 22.9623253
  411.715 23.5449081
  411.815 23.5447338
  411.915 23.488619
  412.015 24.0994916
  412.115 24.128188
  412.215 23.7912089
  412.315 23.5806914
  412.415 23.9263258
  412.515 23.9253383
  412.615 23.6700916
  412.715 23.6619591
  412.815 23.7376501
  412.915 23.8044534
  413.015 23.4279733
  413.115 24.1353911
  413.215 23.8308262
  413.315 23.8810158
  413.415 24.6325238
  413.515 24.313843
  413.615 24.6487309
  413.715 24.231065
  413.815 23.9269648
  413.915 23.6744484
  414.015 24.8580866
  414.115 23.8211833
  414.215 24.6030142
  414.315 24.0393686
  414.415 24.6477433
  414.515 24.4032433
  414.615 24.993552
  414.715 24.5560195
  414.815 24.2008583
  414.915 24.694099
  415.015 23.8075322
  415.115 24.0714923
  415.215 24.4744033
  415.315 24.7787359
  415.415 25.3197845
  415.515 25.0536169
  415.615 25.6209221
  415.715 25.2494958
  415.815 23.9036127
  415.915 24.2300194
  416.015 25.0579736
  416.115 24.4825359
  416.215 25.3695674
  416.315 24.8717377
  416.415 25.2889969
  416.515 24.9835606
  416.615 25.0851016
  416.715 25.5182774
  416.815 24.7313346
  416.915 25.1657303
  417.015 25.1555645
  417.115 25.3132784
  417.215 25.1738628
  417.315 24.6540751
  417.415 25.6160425
  417.515 24.6471624
  417.615 24.7166379
  417.715 24.8961354
  417.815 25.1376148
  417.915 25.2032563
  418.015 25.1540542
  418.115 24.9736853
  418.215 25.5789232
  418.315 25.1126362
  418.415 25.2353219
  418.515 24.4818388
  418.615 25.8403854
  418.715 25.8527586
  418.815 25.5674795
  418.915 26.3809693
  419.015 26.1774807
  419.115 25.1372082
  419.215 25.2930051
  419.315 26.7481551
  419.415 25.4430511
  419.515 25.4920208
  419.615 25.0806868
  419.715 25.845265
  419.815 25.4364869
  419.915 25.686796
  420.015 24.7396414
  420.115 25.4718636
  420.215 25.8576381
  420.315 25.8863345
  420.415 25.7577817
  420.515 25.7463961
  420.615 26.0637408
  420.715 25.3483647
  420.815 25.2052894
  420.915 26.1387928
  421.015 25.8363772
  421.115 25.4070354
  421.215 24.6945056
  421.315 25.8768658
  421.415 26.2868057
  421.515 26.8933215
  421.615 26.3297341
  421.715 25.5133978
  421.815 25.3831024
  421.915 26.2994693
  422.015 26.2825071
  422.115 25.7832831
  422.215 25.7551677
  422.315 25.9419845
  422.415 26.9643073
  422.515 25.7045714
  422.615 26.2478855
  422.715 26.6109469
  422.815 25.816162
  422.915 27.0961131
  423.015 26.3176514
  423.115 27.1321869
  423.215 26.6377263
  423.315 26.6895424
  423.415 26.4773984
  423.515 27.1404937
  423.615 25.9773031
  423.715 26.9462994
  423.815 26.8778696
  423.915 25.8243526
  424.015 26.6726383
  424.115 26.7417652
  424.215 26.7741212
  424.315 26.2834946
  424.415 26.0045473
  424.515 26.9690126
  424.615 26.2916853
  424.715 26.3764964
  424.815 25.7662047
  424.915 27.0610268
  425.015 26.2631051
  425.115 26.695758
  425.215 26.8112987
  425.315 26.3999647
  425.415 26.4083296
  425.515 28.1717623
  425.615 26.1999614
  425.715 26.6208803
  425.815 26.3759155
  425.915 27.1149923
  426.015 26.9125493
  426.115 27.1252161
  426.215 26.5680766
  426.315 26.9620999
  426.415 26.8567249
  426.515 27.3389866
  426.615 27.0721801
  426.715 27.1861523
  426.815 26.9921904
  426.915 26.9359014
  427.015 26.7702873
  427.115 26.5923582
  427.215 26.7520471
  427.315 26.0701888
  427.415 26.8556793
  427.515 26.8844919
  427.615 26.896865
  427.715 27.8243852
  427.815 26.3203816
  427.915 26.7703454
  428.015 26.753267
  428.115 26.7527442
  428.215 27.1831897
  428.315 26.537289
  428.415 27.3029129
  428.515 27.686538
  428.615 26.645278
  428.715 27.1043618
  428.815 27.2607977
  428.915 26.9116779
  429.015 26.8466754
  429.115 27.8001036
  429.215 26.9316027
  429.315 26.3359497
  429.415 26.8982011
  429.515 27.1658209
  429.615 27.603063
  429.715 26.7749926
  429.815 27.4042215
  429.915 27.137415


# Stim 2 with 200 elements
#    Time   AMPLITUDE
  730.644 59.6309438
  730.744 60.0821855
  730.844 59.2470862
  730.944 60.1287735
  731.044 60.2976406
  731.144 59.7757617
  731.244 59.6225788
  731.344 60.041755
  731.444 59.2648617
  731.544 59.3350923
  731.644 59.680262
  731.744 59.8809042
  731.844 59.7034979
  731.944 59.2787452
  732.044 60.3872151
  732.144 60.0640034
  732.244 58.1315293
  732.344 57.762717
  732.444 57.3159482
  732.544 57.4760438
  732.644 57.7706172
  732.744 56.8476862
  732.844 58.6658395
  732.944 57.8046579
  733.044 57.6873164
  733.144 58.0133746
  733.244 59.0022957
  733.344 58.6388858
  733.444 58.9794083
  733.544 58.1784078
  733.644 58.1178201
  733.744 58.1702171
  733.844 58.7604097
  733.944 57.8432876
  734.044 57.2784222
  734.144 57.1932625
  734.244 58.9651763
  734.344 58.369988
  734.444 58.5125985
  734.544 59.261202
  734.644 57.8819754
  734.744 58.1131729
  734.844 58.3703365
  734.944 58.4039125
  735.044 59.1852786
  735.144 57.9719566
  735.244 58.3276405
  735.344 58.6757147
  735.444 59.0271582
  735.544 57.8500841
  735.644 59.2552769
  735.744 58.9356086
  735.844 59.2938485
  735.944 58.9187045
  736.044 58.6119321
  736.144 58.9469361
  736.244 58.7199792
  736.344 59.816715
  736.444 59.0981439
  736.544 58.8470216
  736.644 59.7707659
  736.744 59.0931482
  736.844 59.4324508
  736.944 59.4359362
  737.044 59.0725263
  737.144 58.8014211
  737.244 60.3550915
  737.344 59.6060813
  737.444 58.9616328
  737.544  58.75158
  737.644 59.1654119
  737.744 58.9730765
  737.844 59.1420017
  737.944 60.1448644
  738.044 59.6456986
  738.144 60.5946539
  738.244 59.8711452
  738.344 59.9646117
  738.444 59.2505716
  738.544 60.2471025
  738.644 59.9417243
  738.744 60.527502
  738.844 59.8332125
  738.944 60.1672871
  739.044 60.0479706
  739.144 59.772102
  739.244 59.0415063
  739.344 61.267334
  739.444 59.7549074
  739.544 59.3610584
  739.644 59.1200438
  739.744 59.2476671
  739.844 58.9117337
  739.944 60.0832311
  740.044 61.5942054
  740.144 59.4048582
  740.244 61.4389313
  740.344 60.4853869
  740.444 59.3702366
  740.544 59.2986119
  740.644 60.7366254
  740.744 59.634371
  740.844 60.1185497
  740.944 60.1545654
  741.044 60.1399268
  741.144 59.7782014
  741.244 60.1216285
  741.344 59.7023942
  741.444 60.6368852
  741.544 59.6156661
  741.644 61.5230454
  741.744 60.2509945
  741.844 60.8821985
  741.944 60.1906973
  742.044 60.3570665
  742.144 60.2213106
  742.244 61.0795296
  742.344 59.6441301
  742.444 59.6524951
  742.544 59.5726797
  742.644 59.9325461
  742.744 60.2867197
  742.844 61.6969663
  742.944 60.7347665
  743.044 60.5392362
  743.144 59.5734929
  743.244 60.3178559
  743.344 59.8214203
  743.444 60.4031317
  743.544 59.720344
  743.644 61.1551626
  743.744 60.9754327
  743.844 61.1581251
  743.944 61.0611732
  744.044 60.1412047
  744.144 60.8785388
  744.244 61.4169153
  744.344 60.5135024
  744.444 59.7503764
  744.544 61.3052086
  744.644 59.9602549
  744.744 59.832864
  744.844 59.7378871
  744.944 60.3568342
  745.044 61.0960852
  745.144 60.046286
  745.244 60.4429233
  745.344 59.9524709
  745.444 60.0816046
  745.544 60.6722038
  745.644 60.9241974
  745.744 60.0106188
  745.844 60.5261079
  745.944 60.4146916
  746.044 61.452292
  746.144 60.8814433
  746.244 60.7538781
  746.344 60.7260531
  746.444 60.9952994
  746.544 60.4010986
  746.644 60.5370288
  746.744 61.1954769
  746.844 60.6073175
  746.944 59.9438736
  747.044 61.4733786
  747.144 61.9688848
  747.244 60.336677
  747.344 60.8587883
  747.444 60.5370869
  747.544 60.5948862
  747.644 61.7274635
  747.744 60.0931064
  747.844 61.3996045
  747.944 61.6166281
  748.044 60.4578523
  748.144 60.5709532
  748.244 59.8515689
  748.344 60.3447515
  748.444 60.1284831
  748.544 60.1590383
  748.644 60.6856225
  748.744 60.4338032
  748.844 61.3747421
  748.944 60.8933517
  749.044 61.0708742
  749.144 60.4594208
  749.244 60.1966224
  749.344 61.0070916
  749.444 60.5900067
  749.544 60.6120808
  749.644 61.3555144
  749.744 61.0322445
  749.844 61.1455777
  749.944 60.5477754
  750.044 61.9086456
  750.144 60.7611974
  750.244 60.6131264
  750.344 61.169046
  750.444 60.0882268
  750.544 62.5279993


# Stim 3 with 200 elements
#    Time   AMPLITUDE
 1171.266 76.2037373
 1171.366 76.4601457
 1171.466 75.3983219
 1171.566 76.0546207
 1171.666 75.6905137
 1171.766 75.5296049
 1171.866 75.7057332
 1171.966 76.0022818
 1172.066 75.9725398
 1172.166 76.0229617
 1172.266 76.3575591
 1172.366 75.9413455
 1172.466 76.0433513
 1172.566 74.9234376
 1172.666 76.4054251
 1172.766 76.1545352
 1172.866 73.647669
 1172.966 75.3516758
 1173.066 73.7755247
 1173.166 73.5812723
 1173.266 73.301686
 1173.366 74.6631371
 1173.466 74.6497765
 1173.566 73.0199504
 1173.666 73.6493536
 1173.766 73.4622463
 1173.866 74.0614428
 1173.966 75.0302648
 1174.066 73.4070609
 1174.166  74.58611
 1174.266 74.0008551
 1174.366 74.4807932
 1174.466 74.6877091
 1174.566 74.3773933
 1174.666 74.8767915
 1174.766 73.9257449
 1174.866 74.3227308
 1174.966 73.8975133
 1175.066 73.5907409
 1175.166 73.7918479
 1175.266 74.6927629
 1175.366 73.7361979
 1175.466 73.1398478
 1175.566 73.5444434
 1175.666 73.8437221
 1175.766 74.4508188
 1175.866 73.7754085
 1175.966 74.2438448
 1176.066 75.4626273
 1176.166 74.5276136
 1176.266 75.3040421
 1176.366 73.6064252
 1176.466 74.0071869
 1176.566 76.2046086
 1176.666 74.859655
 1176.766 73.855921
 1176.866 74.6642408
 1176.966 74.6261339
 1177.066 75.0107466
 1177.166 74.8243364
 1177.266 75.5696288
 1177.366 74.2626078
 1177.466 74.7337163
 1177.566 74.8052248
 1177.666 74.7134429
 1177.766 74.4720797
 1177.866 74.8109757
 1177.966  74.52529
 1178.066 74.9409227
 1178.166 75.0293934
 1178.266 75.3090959
 1178.366 74.3559582
 1178.466 75.5128169
 1178.566 74.7609023
 1178.666 75.2499024
 1178.766 73.9404417
 1178.866 75.490859
 1178.966 75.0190535
 1179.066 74.4476239
 1179.166 75.6852275
 1179.266 76.1023124
 1179.366 74.983212
 1179.466 75.6381748
 1179.566 73.6422666
 1179.666 74.4849756
 1179.766 74.3465476
 1179.866 74.5948816
 1179.966 76.0008295
 1180.066 74.6920659
 1180.166 75.0121989
 1180.266 75.5245511
 1180.366 75.1496394
 1180.466 74.562177
 1180.566 75.2625079
 1180.666 75.5833961
 1180.766 75.6802899
 1180.866 74.885505
 1180.966 75.5020122
 1181.066 75.6904556
 1181.166 73.9798266
 1181.266 75.4090685
 1181.366 74.7823955
 1181.466  75.46437
 1181.566 75.6669873
 1181.666 75.3415681
 1181.766 75.0935827
 1181.866 73.506046
 1181.966 74.7446952
 1182.066 75.510261
 1182.166 75.0345634
 1182.266 74.8292159
 1182.366 75.4839463
 1182.466 76.1413488
 1182.566 76.0048377
 1182.666 75.4273668
 1182.766 75.466926
 1182.866 75.2504252
 1182.966 74.9032224
 1183.066 75.7372179
 1183.166 75.1932648
 1183.266 74.2753876
 1183.366 74.8236974
 1183.466 76.058048
 1183.566 76.5250321
 1183.666 76.2254629
 1183.766 76.0260405
 1183.866 75.3935585
 1183.966 75.9857262
 1184.066 75.4312007
 1184.166 76.0471271
 1184.266 74.7726364
 1184.366 75.3148468
 1184.466 76.3470449
 1184.566 76.3035937
 1184.666 74.5133235
 1184.766 76.078728
 1184.866 75.1988415
 1184.966 75.3625386
 1185.066 75.3315186
 1185.166 75.4758137
 1185.266 74.8309005
 1185.366 76.1242704
 1185.466 75.9246738
 1185.566 76.0118666
 1185.666 76.6105984
 1185.766 75.163639
 1185.866 76.6211707
 1185.966 76.180908
 1186.066 75.5776452
 1186.166 75.2200442
 1186.266 75.4881288
 1186.366 76.8768821
 1186.466 75.7584207
 1186.566 76.3965955
 1186.666 76.8668907
 1186.766 76.4681621
 1186.866 75.6722735
 1186.966 75.0121989
 1187.066 76.3179999
 1187.166 75.6140675
 1187.266 76.223604
 1187.366 75.2716861
 1187.466 76.0685623
 1187.566 75.6863893
 1187.666 76.5357787
 1187.766 75.8747746
 1187.866 76.4649672
 1187.966 76.9322417
 1188.066 76.8880354
 1188.166 75.7820633
 1188.266 75.8843013
 1188.366 77.3177258
 1188.466 75.6524649
 1188.566 76.1627259
 1188.666 76.5214305
 1188.766 76.7411262
 1188.866  76.13827
 1188.966 76.4769918
 1189.066 76.4280221
 1189.166 77.4340216
 1189.266 75.3147306
 1189.366 75.598848
 1189.466 76.3040584
 1189.566 77.0795575
 1189.666 75.9580173
 1189.766 75.8320205
 1189.866 76.2280188
 1189.966 75.5961758
 1190.066 75.4698305
 1190.166 75.871115
 1190.266 75.3697417
 1190.366 75.845265
 1190.466 75.7423879
 1190.566 76.2898264
 1190.666 76.6539334
 1190.766 74.6067319
 1190.866 76.5228247
 1190.966 76.0320238
 1191.066 76.2212804
 1191.166 77.4845597


# Stim 4 with 200 elements
#    Time   AMPLITUDE
 1791.881 89.8414845
 1792.081 90.5275253
 1792.281 90.5321144
 1792.481 89.2261971
 1792.681 90.8725788
 1792.881 90.4445149
 1793.081 90.5412345
 1793.281 90.2060562
 1793.481 89.6767418
 1793.681 87.6072338
 1793.881 88.5888356
 1794.081 90.2374247
 1794.281 88.4017283
 1794.481 87.8047392
 1794.681 88.3983591
 1794.881 87.7298033
 1795.081 88.5647283
 1795.281 88.2756153
 1795.481 88.4057365
 1795.681 88.149328
 1795.881 88.3825586
 1796.081 90.2351011
 1796.281 88.2320479
 1796.481 89.194422
 1796.681 89.2363047
 1796.881 87.376501
 1797.081 89.5254178
 1797.281 88.3374809
 1797.481 88.2272265
 1797.681 88.9743777
 1797.881 89.1376682
 1798.081 88.6562198
 1798.281 88.8229376
 1798.481 89.0144016
 1798.681 88.1409631
 1798.881 89.2109776
 1799.081 89.1044989
 1799.281 88.3073904
 1799.481 89.7319271
 1799.681 89.6293405
 1799.881 89.2522214
 1800.081 89.5664292
 1800.281 88.9489344
 1800.481 88.8909027
 1800.681 89.548189
 1800.881 89.1934345
 1801.081 89.5762464
 1801.281 89.5661968
 1801.481 89.2560553
 1801.681 88.0764834
 1801.881 89.7576609
 1802.081 88.5459072
 1802.281 88.8906122
 1802.481 90.827443
 1802.681 90.4072794
 1802.881 89.4758672
 1803.081 88.816722
 1803.281 88.9826846
 1803.481 88.3765754
 1803.681 89.4694773
 1803.881 89.1008393
 1804.081 90.0956856
 1804.281 89.5082813
 1804.481 89.9068355
 1804.681 89.7831623
 1804.881 89.2206786
 1805.081 91.5991082
 1805.281 89.7211805
 1805.481 89.8902799
 1805.681 89.7405244
 1805.881 89.4341006
 1806.081 90.4899993
 1806.281 88.5098915
 1806.481 89.8785458
 1806.681 89.5381395
 1806.881 89.4310218
 1807.081 90.3670812
 1807.281 89.4686059
 1807.481 89.0946237
 1807.681 89.2235831
 1807.881 89.5128704
 1808.081 89.5963455
 1808.281 89.3826911
 1808.481 89.466689
 1808.681 89.9746845
 1808.881 87.3755716
 1809.081 90.068151
 1809.281 89.2476323
 1809.481 88.9184953
 1809.681 88.3847661
 1809.881 89.6245771
 1810.081 89.6655304
 1810.281 89.3882096
 1810.481 89.1965132
 1810.681 90.2312672
 1810.881 89.658792
 1811.081 90.2186617
 1811.281 89.1884387
 1811.481 89.2460057
 1811.681 89.7551049
 1811.881 89.0284594
 1812.081 89.5129866
 1812.281 90.4242416
 1812.481 89.0965987
 1812.681 90.3864251
 1812.881 90.4895345
 1813.081 89.0330485
 1813.281 89.618071
 1813.481 89.6040714
 1813.681 89.8977154
 1813.881 90.6037391
 1814.081 89.4034872
 1814.281 89.5071195
 1814.481 90.5792252
 1814.681 89.610287
 1814.881 90.9113247
 1815.081 88.8548289
 1815.281 90.0757607
 1815.481 91.4150797
 1815.681 89.539127
 1815.881 89.5753169
 1816.081  90.95739
 1816.281 90.6690321
 1816.481 89.3236137
 1816.681 88.4365822
 1816.881 90.674144
 1817.081 90.0504336
 1817.281 90.9738875
 1817.481 88.8392027
 1817.681 89.6077891
 1817.881 89.3847823
 1818.081 90.0833124
 1818.281 89.666518
 1818.481 89.6715718
 1818.681 90.8359241
 1818.881 89.3837948
 1819.081 90.4261585
 1819.281 90.3161364
 1819.481 88.6913641
 1819.681 89.949822
 1819.881 89.0141112
 1820.081 90.6274979
 1820.281  89.06767
 1820.481 88.2487778
 1820.681 89.8209207
 1820.881 90.8269202
 1821.081 90.8161736
 1821.281 90.0044264
 1821.481 89.8456089
 1821.681 89.9314075
 1821.881 89.8165059
 1822.081 90.5743457
 1822.281 89.4870785
 1822.481 90.7881162
 1822.681 89.0611058
 1822.881 89.9722447
 1823.081 90.3598781
 1823.281 89.8266716
 1823.481 90.3574964
 1823.681 90.1414603
 1823.881 89.6736049
 1824.081 90.4206981
 1824.281 88.916346
 1824.481 89.5835657
 1824.681 89.6272492
 1824.881 89.0462349
 1825.081 87.6909993
 1825.281 88.959681
 1825.481 88.8053364
 1825.681 90.3002198
 1825.881 90.6309833
 1826.081 89.7902493
 1826.281 90.9184698
 1826.481 89.7022432
 1826.681 90.5529105
 1826.881 89.7122927
 1827.081 89.2893988
 1827.281 88.6578463
 1827.481 90.3315883
 1827.681 89.8962051
 1827.881 89.6926003
 1828.081 90.0945238
 1828.281 89.947905
 1828.481 90.6123364
 1828.681 91.1554762
 1828.881 89.9832237
 1829.081 90.054616
 1829.281 89.6488006
 1829.481 89.2747602
 1829.681 90.3961261
 1829.881 90.9115571
 1830.081 89.1888454
 1830.281 88.8536671
 1830.481 89.3041537
 1830.681 89.8450861
 1830.881 90.3584839
 1831.081 89.8958566
 1831.281 89.794606
 1831.481 89.0770805
 1831.681 90.3681849


