# τ vs min κ linear regression for data set DA_121015_E3.h5
# Using stimulation: 1, 2, 3, 4
# Best fit: tau = -0.772091 + 0.0265642 kappa_Fura
# Covariance matrix:
# [ +2.76644e-02, -1.85865e-04  
#   -1.85865e-04, +1.43463e-06  ]
# Total sum of squares (TSS) = 768.038
# chisq (Residual sum of squares, RSS) = 276.163
# Probability of observing a larger of equal RSS per DOF under the null hypothesis: 1.07638e-60
# R squared (1-RSS/TSS) = 0.640431
# Estimated gamma/v with standard error: 37.6446 +/- 1.69737
# Estimates kappa_S with standard error (using error propagation): -30.0651 +/- 6.39697
# kappa_S confidence intervals based on parametric bootstrap
# 0.95 CI for kappa_S: [-39.3737,-19.1854]
# 0.99 CI for kappa_S: [-42.2198,-15.4887]


# The data
# κ_Fura  τ   τ_SE
80.8647 1.4512 0.0837448
177.066 3.21585 0.0968943
192.339 5.67869 0.206915
193.242 9.59201 0.391216


# The fitted data
# Preticted values with lower and upper bounds of 0.95 CI
# κ_Fura  τ   τ_lwr  τ_upr
0 -0.772091 -1.09809 -0.446092
0.811618 -0.750531 -1.07475 -0.426309
1.62324 -0.728971 -1.05142 -0.406524
2.43485 -0.707411 -1.02808 -0.386738
3.24647 -0.685851 -1.00475 -0.366951
4.05809 -0.664291 -0.981421 -0.347161
4.86971 -0.642731 -0.958092 -0.327371
5.68133 -0.621171 -0.934764 -0.307579
6.49294 -0.599611 -0.911438 -0.287785
7.30456 -0.578051 -0.888113 -0.267989
8.11618 -0.556491 -0.86479 -0.248192
8.9278 -0.534931 -0.841469 -0.228393
9.73942 -0.513371 -0.81815 -0.208592
10.551 -0.491811 -0.794832 -0.18879
11.3627 -0.470251 -0.771517 -0.168986
12.1743 -0.448691 -0.748203 -0.14918
12.9859 -0.427131 -0.724891 -0.129372
13.7975 -0.405571 -0.70158 -0.109562
14.6091 -0.384011 -0.678272 -0.0897504
15.4207 -0.362451 -0.654966 -0.0699368
16.2324 -0.340891 -0.631662 -0.0501211
17.044 -0.319331 -0.608359 -0.0303034
17.8556 -0.297771 -0.585059 -0.0104836
18.6672 -0.276211 -0.561761 0.00933826
19.4788 -0.254651 -0.538465 0.0291623
20.2905 -0.233091 -0.515171 0.0489885
21.1021 -0.211531 -0.49188 0.0688169
21.9137 -0.189971 -0.46859 0.0886477
22.7253 -0.168411 -0.445303 0.108481
23.5369 -0.146851 -0.422019 0.128316
24.3485 -0.125291 -0.398737 0.148154
25.1602 -0.103731 -0.375457 0.167994
25.9718 -0.0821714 -0.35218 0.187837
26.7834 -0.0606114 -0.328905 0.207682
27.595 -0.0390514 -0.305633 0.22753
28.4066 -0.0174914 -0.282363 0.24738
29.2183 0.00406858 -0.259096 0.267234
30.0299 0.0256286 -0.235832 0.287089
30.8415 0.0471886 -0.212571 0.306948
31.6531 0.0687486 -0.189313 0.32681
32.4647 0.0903085 -0.166057 0.346674
33.2763 0.111869 -0.142805 0.366542
34.088 0.133429 -0.119555 0.386412
34.8996 0.154989 -0.0963086 0.406286
35.7112 0.176549 -0.0730653 0.426162
36.5228 0.198109 -0.0498252 0.446042
37.3344 0.219669 -0.0265884 0.465925
38.1461 0.241228 -0.00335498 0.485812
38.9577 0.262788 0.019875 0.505702
39.7693 0.284348 0.0431016 0.525595
40.5809 0.305908 0.0663246 0.545492
41.3925 0.327468 0.0895439 0.565393
42.2041 0.349028 0.11276 0.585297
43.0158 0.370588 0.135971 0.605206
43.8274 0.392148 0.159179 0.625118
44.639 0.413708 0.182383 0.645034
45.4506 0.435268 0.205583 0.664954
46.2622 0.456828 0.228779 0.684878
47.0738 0.478388 0.251971 0.704806
47.8855 0.499948 0.275158 0.724739
48.6971 0.521508 0.298341 0.744676
49.5087 0.543068 0.32152 0.764617
50.3203 0.564628 0.344693 0.784563
51.1319 0.586188 0.367862 0.804514
51.9436 0.607748 0.391027 0.82447
52.7552 0.629308 0.414186 0.844431
53.5668 0.650868 0.437341 0.864396
54.3784 0.672428 0.46049 0.884367
55.19 0.693988 0.483634 0.904343
56.0016 0.715548 0.506773 0.924324
56.8133 0.737108 0.529906 0.944311
57.6249 0.758668 0.553033 0.964303
58.4365 0.780228 0.576155 0.984302
59.2481 0.801788 0.599271 1.00431
60.0597 0.823348 0.622381 1.02432
60.8714 0.844908 0.645484 1.04433
61.683 0.866468 0.668582 1.06435
62.4946 0.888028 0.691673 1.08438
63.3062 0.909588 0.714757 1.10442
64.1178 0.931148 0.737835 1.12446
64.9294 0.952708 0.760905 1.14451
65.7411 0.974268 0.783969 1.16457
66.5527 0.995828 0.807025 1.18463
67.3643 1.01739 0.830074 1.2047
68.1759 1.03895 0.853116 1.22478
68.9875 1.06051 0.876149 1.24487
69.7992 1.08207 0.899175 1.26496
70.6108 1.10363 0.922192 1.28506
71.4224 1.12519 0.945201 1.30518
72.234 1.14675 0.968201 1.32529
73.0456 1.16831 0.991193 1.34542
73.8572 1.18987 1.01418 1.36556
74.6689 1.21143 1.03715 1.38571
75.4805 1.23299 1.06011 1.40586
76.2921 1.25455 1.08307 1.42603
77.1037 1.27611 1.10601 1.4462
77.9153 1.29767 1.12895 1.46639
78.727 1.31923 1.15187 1.48659
79.5386 1.34079 1.17478 1.50679
80.3502 1.36235 1.19769 1.52701
81.1618 1.38391 1.22058 1.54724
81.9734 1.40547 1.24346 1.56748
82.785 1.42703 1.26632 1.58773
83.5967 1.44859 1.28918 1.608
84.4083 1.47015 1.31202 1.62827
85.2199 1.49171 1.33485 1.64856
86.0315 1.51327 1.35767 1.66886
86.8431 1.53483 1.38048 1.68918
87.6548 1.55639 1.40327 1.70951
88.4664 1.57795 1.42604 1.72985
89.278 1.59951 1.44881 1.75021
90.0896 1.62107 1.47155 1.77058
90.9012 1.64263 1.49429 1.79097
91.7128 1.66419 1.51701 1.81137
92.5245 1.68575 1.53971 1.83179
93.3361 1.70731 1.56239 1.85222
94.1477 1.72887 1.58506 1.87267
94.9593 1.75043 1.60772 1.89314
95.7709 1.77199 1.63035 1.91362
96.5826 1.79355 1.65297 1.93413
97.3942 1.81511 1.67557 1.95464
98.2058 1.83667 1.69815 1.97518
99.0174 1.85823 1.72072 1.99574
99.829 1.87979 1.74326 2.01632
100.641 1.90135 1.76578 2.03691
101.452 1.92291 1.78829 2.05753
102.264 1.94447 1.81077 2.07816
103.075 1.96603 1.83323 2.09882
103.887 1.98759 1.85567 2.1195
104.699 2.00915 1.87809 2.1402
105.51 2.03071 1.90049 2.16092
106.322 2.05227 1.92287 2.18167
107.134 2.07383 1.94522 2.20244
107.945 2.09539 1.96755 2.22323
108.757 2.11695 1.98985 2.24405
109.568 2.13851 2.01213 2.26489
110.38 2.16007 2.03438 2.28575
111.192 2.18163 2.05661 2.30664
112.003 2.20319 2.07882 2.32756
112.815 2.22475 2.101 2.3485
113.627 2.24631 2.12315 2.36947
114.438 2.26787 2.14527 2.39046
115.25 2.28943 2.16737 2.41148
116.061 2.31099 2.18944 2.43253
116.873 2.33255 2.21149 2.45361
117.685 2.35411 2.2335 2.47472
118.496 2.37567 2.25549 2.49585
119.308 2.39723 2.27744 2.51701
120.119 2.41879 2.29937 2.5382
120.931 2.44035 2.32127 2.55943
121.743 2.46191 2.34314 2.58068
122.554 2.48347 2.36498 2.60196
123.366 2.50503 2.38679 2.62327
124.178 2.52659 2.40857 2.64461
124.989 2.54815 2.43032 2.66598
125.801 2.56971 2.45203 2.68738
126.612 2.59127 2.47372 2.70881
127.424 2.61283 2.49538 2.73028
128.236 2.63439 2.517 2.75177
129.047 2.65595 2.5386 2.7733
129.859 2.67751 2.56016 2.79485
130.671 2.69907 2.58169 2.81644
131.482 2.72063 2.6032 2.83806
132.294 2.74219 2.62467 2.85971
133.105 2.76375 2.64611 2.88139
133.917 2.78531 2.66752 2.9031
134.729 2.80687 2.6889 2.92484
135.54 2.82843 2.71025 2.94661
136.352 2.84999 2.73156 2.96841
137.163 2.87155 2.75285 2.99024
137.975 2.89311 2.77411 3.0121
138.787 2.91467 2.79534 3.034
139.598 2.93623 2.81654 3.05592
140.41 2.95779 2.83771 3.07787
141.222 2.97935 2.85885 3.09984
142.033 3.00091 2.87996 3.12185
142.845 3.02247 2.90105 3.14389
143.656 3.04403 2.9221 3.16595
144.468 3.06559 2.94313 3.18804
145.28 3.08715 2.96414 3.21016
146.091 3.10871 2.98511 3.2323
146.903 3.13027 3.00606 3.25448
147.714 3.15183 3.02698 3.27667
148.526 3.17339 3.04788 3.2989
149.338 3.19495 3.06875 3.32115
150.149 3.21651 3.0896 3.34342
150.961 3.23807 3.11042 3.36572
151.773 3.25963 3.13122 3.38804
152.584 3.28119 3.15199 3.41039
153.396 3.30275 3.17274 3.43275
154.207 3.32431 3.19347 3.45515
155.019 3.34587 3.21418 3.47756
155.831 3.36743 3.23486 3.49999
156.642 3.38899 3.25552 3.52245
157.454 3.41055 3.27616 3.54493
158.266 3.43211 3.29679 3.56743
159.077 3.45367 3.31739 3.58995
159.889 3.47523 3.33797 3.61249
160.7 3.49679 3.35853 3.63504
161.512 3.51835 3.37907 3.65762
162.324 3.53991 3.3996 3.68022
163.135 3.56147 3.4201 3.70283
163.947 3.58303 3.44059 3.72546
164.758 3.60459 3.46106 3.74811
165.57 3.62615 3.48152 3.77078
166.382 3.64771 3.50196 3.79346
167.193 3.66927 3.52238 3.81616
168.005 3.69083 3.54278 3.83887
168.817 3.71239 3.56318 3.8616
169.628 3.73395 3.58355 3.88434
170.44 3.75551 3.60391 3.9071
171.251 3.77707 3.62426 3.92988
172.063 3.79863 3.64459 3.95266
172.875 3.82019 3.66491 3.97546
173.686 3.84175 3.68522 3.99828
174.498 3.86331 3.70551 4.02111
175.31 3.88487 3.72579 4.04395
176.121 3.90643 3.74605 4.0668
176.933 3.92799 3.76631 4.08966
177.744 3.94955 3.78655 4.11254
178.556 3.97111 3.80679 4.13543
179.368 3.99267 3.82701 4.15833
180.179 4.01423 3.84722 4.18124
180.991 4.03579 3.86741 4.20416
181.802 4.05735 3.8876 4.22709
182.614 4.07891 3.90778 4.25003
183.426 4.10047 3.92795 4.27299
184.237 4.12203 3.94811 4.29595
185.049 4.14359 3.96826 4.31892
185.861 4.16515 3.9884 4.3419
186.672 4.18671 4.00853 4.36489
187.484 4.20827 4.02865 4.38789
188.295 4.22983 4.04876 4.41089
189.107 4.25139 4.06887 4.43391
189.919 4.27295 4.08896 4.45693
190.73 4.29451 4.10905 4.47996
191.542 4.31607 4.12913 4.503
192.353 4.33763 4.14921 4.52605
193.165 4.35919 4.16927 4.5491
193.977 4.38075 4.18933 4.57217
194.788 4.40231 4.20938 4.59523
195.6 4.42387 4.22942 4.61831
196.412 4.44543 4.24946 4.64139
197.223 4.46699 4.26949 4.66448
198.035 4.48855 4.28952 4.68758
198.846 4.51011 4.30953 4.71068
199.658 4.53167 4.32955 4.73379
200.47 4.55323 4.34955 4.7569
201.281 4.57479 4.36955 4.78002
202.093 4.59635 4.38955 4.80315
