# Data from DA_121015_E3.h5 stim 4
# Ratiometric estimator
# Ratiometric estimator:
#    Time    Ca (est)    Ca (se)
 1791.881 0.0935172363 0.00249384661
 1792.081 0.0941384849 0.00251728167
 1792.281 0.0953277851 0.00252257308
 1792.481 0.0992608426 0.00259520223
 1792.681 0.0935163003 0.00248538043
 1792.881 0.0912524966 0.00246341182
 1793.081 0.0916623297 0.00244044565
 1793.281 0.0963849072 0.00252511243
 1793.481 0.164498659 0.00368160322
 1793.681 0.185583585 0.00406685704
 1793.881 0.191875295 0.00420532255
 1794.081 0.187486961 0.0041107357
 1794.281 0.187869421 0.00413273517
 1794.481 0.188373335 0.00410368492
 1794.681 0.184237173 0.00404921881
 1794.881 0.183520738 0.00408488068
 1795.081 0.170149726 0.00379452158
 1795.281 0.185781032 0.00403369093
 1795.481 0.18197148 0.00405024245
 1795.681 0.176114159 0.0038595208
 1795.881 0.171642289 0.00387424248
 1796.081 0.16802386 0.00382716627
 1796.281 0.170417979 0.00378928802
 1796.481 0.167657511 0.00377819296
 1796.681 0.166014703 0.0037313001
 1796.881 0.161726543 0.00366928985
 1797.081 0.161566985 0.00371341886
 1797.281 0.164526813 0.00371946519
 1797.481 0.152481667 0.00349070841
 1797.681 0.155765535 0.00351980978
 1797.881 0.15721006 0.0035442566
 1798.081 0.156014456 0.00354221642
 1798.281 0.153132257 0.00346997667
 1798.481 0.153610757 0.00351514109
 1798.681 0.146583982 0.003425677
 1798.881 0.151269736 0.00343034723
 1799.081 0.142942507 0.00331193819
 1799.281 0.147349992 0.00337465989
 1799.481 0.141418507 0.00325481533
 1799.681 0.14082378 0.00327812989
 1799.881 0.142119549 0.00328636254
 1800.081 0.136779394 0.00317095281
 1800.281 0.147497492 0.0034264494
 1800.481 0.140337189 0.00322593077
 1800.681 0.144499074 0.00334261436
 1800.881 0.139186306 0.00327266852
 1801.081 0.13858243 0.00325202567
 1801.281 0.137011104 0.00315810487
 1801.481 0.134656337 0.00312587138
 1801.681 0.130181512 0.00306470952
 1801.881 0.128643591 0.00307005672
 1802.081 0.132725895 0.00307407354
 1802.281 0.134320939 0.00313916413
 1802.481 0.126775546 0.00300912025
 1802.681 0.129887453 0.00307982906
 1802.881 0.135296025 0.00314869778
 1803.081 0.127966833 0.00306581441
 1803.281 0.128826976 0.00303819849
 1803.481 0.124529958 0.00297091636
 1803.681 0.123657669 0.00300663514
 1803.881 0.122992139 0.00301820033
 1804.081 0.122874794 0.00294332577
 1804.281 0.120919634 0.00295093695
 1804.481 0.122053849 0.00295075993
 1804.681 0.123948764 0.0029458264
 1804.881 0.121751993 0.00297052723
 1805.081 0.120263872 0.0029293633
 1805.281 0.123615501 0.00298340547
 1805.481 0.11929011 0.00289575571
 1805.681 0.121251448 0.0029106018
 1805.881 0.119049338 0.00291277855
 1806.081 0.116224921 0.00286464309
 1806.281 0.117097038 0.00289239627
 1806.481 0.119443068 0.00294191409
 1806.681 0.117334149 0.00290823262
 1806.881 0.113218589 0.00275376543
 1807.081 0.118658967 0.00290572436
 1807.281 0.118043783 0.00287244227
 1807.481 0.116610374 0.002837057
 1807.681 0.114393944 0.0028265946
 1807.881 0.116402977 0.00288667797
 1808.081 0.110696605 0.00278634274
 1808.281 0.115361085 0.00286284811
 1808.481 0.118577221 0.00288601791
 1808.681 0.112568571 0.00278453893
 1808.881 0.116923763 0.00290893083
 1809.081 0.110101799 0.00276227288
 1809.281 0.111526884 0.00279276448
 1809.481 0.110830316 0.00276870216
 1809.681 0.110053266 0.0027770214
 1809.881 0.111724169 0.00276521146
 1810.081 0.112868762 0.00277917842
 1810.281 0.110636479 0.00277011388
 1810.481 0.109444806 0.00274281557
 1810.681 0.107257246 0.00267886218
 1810.881 0.106605387 0.00272051438
 1811.081 0.114219585 0.00278619382
 1811.281 0.110264296 0.00276866906
 1811.481 0.105094591 0.00267860382
 1811.681 0.112532927 0.00278246606
 1811.881 0.106591614 0.00270412349
 1812.081 0.110120489 0.00272140419
 1812.281 0.110586535 0.00273636872
 1812.481 0.103275417 0.00263939288
 1812.681 0.101598473 0.00264300755
 1812.881 0.1049823 0.00267848604
 1813.081 0.107713203 0.00273076587
 1813.281 0.109539542 0.00276435543
 1813.481 0.110001367 0.00274001638
 1813.681 0.10220853 0.00265608686
 1813.881 0.103862565 0.00267777132
 1814.081 0.105537201 0.00267752072
 1814.281 0.107462943 0.00276452174
 1814.481 0.102705081 0.00263926037
 1814.681 0.103195263 0.0026406098
 1814.881 0.104002428 0.00264030463
 1815.081 0.097509469 0.0025596407
 1815.281 0.101743258 0.00263505486
 1815.481 0.106476851 0.00269138209
 1815.681 0.10568623 0.00267393841
 1815.881 0.101426641 0.00261349936
 1816.081 0.101721366 0.00264628206
 1816.281 0.100980579 0.00264733168
 1816.481 0.102087575 0.00262614207
 1816.681 0.103027521 0.0026229475
 1816.881 0.102678332 0.00265531491
 1817.081 0.100206995 0.00263408825
 1817.281 0.099392903 0.00258702827
 1817.481 0.101270858 0.00263743555
 1817.681 0.103479943 0.00260021845
 1817.881 0.101009721 0.00262619634
 1818.081 0.103514548 0.0026026452
 1818.281 0.100948095 0.00261576048
 1818.481 0.0965331136 0.0025781606
 1818.681 0.107256017 0.00274703988
 1818.881 0.0973253702 0.00258094863
 1819.081 0.0996869025 0.00258070041
 1819.281 0.100516148 0.00259058285
 1819.481 0.101847113 0.00259248953
 1819.681 0.100916358 0.00261041985
 1819.881 0.0983518881 0.0025607349
 1820.081 0.102568703 0.00262668019
 1820.281 0.0997011354 0.00259234224
 1820.481 0.097324195 0.00251508177
 1820.681 0.0967310575 0.00254200184
 1820.881 0.100225722 0.00258568068
 1821.081 0.102411802 0.00266122849
 1821.281 0.100670018 0.00258944131
 1821.481 0.0978666511 0.00258058553
 1821.681 0.102316319 0.00269498225
 1821.881 0.0990104484 0.00260660825
 1822.081 0.0996728675 0.00261058726
 1822.281 0.102723281 0.00260317128
 1822.481 0.103162167 0.0026294125
 1822.681 0.0914480941 0.00248071789
 1822.881 0.0983575912 0.00252225455
 1823.081 0.097352496 0.00254445298
 1823.281 0.101432711 0.00260699228
 1823.481 0.0955039241 0.00258741128
 1823.681 0.0975213 0.00255199485
 1823.881 0.101388227 0.00265918088
 1824.081 0.100105398 0.00258172212
 1824.281 0.0958258982 0.00251851557
 1824.481 0.0953372163 0.00251533325
 1824.681 0.0976867817 0.00257733456
 1824.881 0.0952420681 0.00255277108
 1825.081 0.0986954291 0.00259122514
 1825.281 0.0964989921 0.0025694313
 1825.481 0.0992214551 0.00258829463
 1825.681 0.0960442896 0.00251955792
 1825.881 0.094222749 0.00251532562
 1826.081 0.0990574136 0.00259067493
 1826.281 0.0981193337 0.00257223344
 1826.481 0.0931958931 0.00248294967
 1826.681 0.0968402376 0.00256798985
 1826.881 0.0983247379 0.00257657049
 1827.081 0.0962410086 0.00254688359
 1827.281 0.0979224955 0.00259019342
 1827.481 0.096223907 0.0025339162
 1827.681 0.0929060245 0.00249269749
 1827.881 0.0927192029 0.00249941504
 1828.081 0.0943772862 0.00249635097
 1828.281 0.0987527543 0.00258051783
 1828.481 0.0985876871 0.00261880017
 1828.681 0.0980366681 0.00257889919
 1828.881 0.0944244868 0.00251686729
 1829.081 0.0988111844 0.00259159455
 1829.281 0.0973328037 0.00255154367
 1829.481 0.0970906729 0.00255157294
 1829.681 0.0940483245 0.00248502472
 1829.881 0.0969539119 0.00257335978
 1830.081 0.0998951993 0.00260508396
 1830.281 0.0948894364 0.00252131116
 1830.481 0.0964668726 0.00259963665
 1830.681 0.0955473749 0.00254329324
 1830.881 0.0943477032 0.00251015604
 1831.081 0.0969070037 0.00256908404
 1831.281 0.0939667613 0.00248446068
 1831.481 0.0936050888 0.00249492556
 1831.681 0.0951128753 0.00255678155


