# Data from DA_121015_E3.h5 stim 1
# Ratiometric estimator
# Ratiometric estimator:
#    Time    Ca (est)    Ca (se)
  410.015 0.0368938405 0.00420607909
  410.115 0.0275197466 0.00392294447
  410.215 0.0307994602 0.0040345323
  410.315 0.0321593462 0.0041082515
  410.415 0.0334116938 0.00406643795
  410.515 0.028110234 0.00395082913
  410.615 0.0276572423 0.00387721638
  410.715 0.0323363695 0.004058776
  410.815 0.0352597246 0.00418713443
  410.915 0.0283818778 0.00388330306
  411.015 0.034561073 0.00411336916
  411.115 0.0318737705 0.00404018287
  411.215 0.0315642845 0.00396990365
  411.315 0.028266123 0.00400924627
  411.415 0.0289314235 0.00387255952
  411.515 0.039359244 0.00433019706
  411.615 0.124062799 0.00733719573
  411.715 0.175984055 0.0093262769
  411.815 0.170101078 0.00930531766
  411.915 0.144735598 0.00810038204
  412.015 0.129560566 0.00762778937
  412.115 0.137565819 0.0082979225
  412.215 0.129496257 0.0073366002
  412.315 0.117552378 0.00697005821
  412.415 0.106083142 0.00657064753
  412.515 0.110874328 0.0067114015
  412.615 0.0985795209 0.00638922472
  412.715 0.0929077123 0.00608144567
  412.815 0.0773004625 0.00564529041
  412.915 0.0893584848 0.00589928714
  413.015 0.078791714 0.00558193554
  413.115 0.0794264583 0.00557645667
  413.215 0.0679751859 0.00510597591
  413.315 0.0757296919 0.00534852255
  413.415 0.0658710185 0.00518420715
  413.515 0.069288241 0.00506308923
  413.615 0.0595771465 0.00495204163
  413.715 0.0600392578 0.00484079893
  413.815 0.0569984401 0.00475482968
  413.915 0.0509271419 0.00459041459
  414.015 0.0493370951 0.00458876308
  414.115 0.053421889 0.00463482802
  414.215 0.0531009339 0.00472165947
  414.315 0.0513476636 0.00447550187
  414.415 0.0410227569 0.00431135104
  414.515 0.0509170903 0.00454255539
  414.615 0.0465579621 0.00452639854
  414.715 0.0399213268 0.00422881913
  414.815 0.0422008828 0.00423683977
  414.915 0.0412133221 0.00428717499
  415.015 0.0478709243 0.00433724459
  415.115 0.0393353475 0.004202821
  415.215 0.04304021 0.00423104065
  415.315 0.0412385925 0.00416374825
  415.415 0.0375715175 0.00428541106
  415.515 0.0362773892 0.00403531764
  415.615 0.0375477364 0.00407389941
  415.715 0.0401430486 0.00423364343
  415.815 0.0391526083 0.00415926832
  415.915 0.0397899737 0.00419376328
  416.015 0.0448399762 0.00430771995
  416.115 0.0396383121 0.00414353388
  416.215 0.0278885229 0.0038009239
  416.315 0.0353096657 0.00405327757
  416.415 0.0405920122 0.00419246318
  416.515 0.0350056342 0.0040673658
  416.615 0.0330062099 0.00396423865
  416.715 0.0332962305 0.00400915476
  416.815 0.0341312025 0.00400053219
  416.915 0.0336436121 0.00395153304
  417.015 0.0364905115 0.00407036953
  417.115 0.0349515371 0.00401258854
  417.215 0.0340581213 0.00407166213
  417.315 0.0400290077 0.0042152171
  417.415 0.0317924697 0.0039794293
  417.515 0.0384021493 0.00403772262
  417.615 0.0392677692 0.0040996966
  417.715 0.0334451394 0.00402770934
  417.815 0.0298735892 0.00384081728
  417.915 0.026311291 0.00378714522
  418.015 0.0334373463 0.00399374604
  418.115 0.0288518595 0.00394645001
  418.215 0.0323768943 0.00393254758
  418.315 0.0317218004 0.00396848204
  418.415 0.0326546966 0.00388215107
  418.515 0.0400847148 0.0041301706
  418.615 0.0328598397 0.00396466007
  418.715 0.0320283321 0.00395527646
  418.815 0.031900188 0.00388701481
  418.915 0.0303454526 0.00385535659
  419.015 0.0276451887 0.00372315483
  419.115 0.0297459932 0.00382371835
  419.215 0.0316590544 0.00391269333
  419.315 0.0305876784 0.00381347113
  419.415 0.0358253637 0.00387333218
  419.515 0.0385870364 0.00401774027
  419.615 0.0301188885 0.00377815075
  419.715 0.0286816547 0.003806608
  419.815 0.025420431 0.00368129464
  419.915 0.026934227 0.00374188208
  420.015 0.0271069071 0.00378731889
  420.115 0.0328089608 0.00381079152
  420.215 0.0290318448 0.0037387753
  420.315 0.0356670112 0.00395690448
  420.415 0.027708873 0.00375055307
  420.515 0.0322914534 0.00386245026
  420.615 0.0329272893 0.00390014386
  420.715 0.0229727131 0.00365158829
  420.815 0.0272741305 0.0037091297
  420.915 0.0304292551 0.00382433326
  421.015 0.0353236372 0.00394028462
  421.115 0.0293475521 0.00375018506
  421.215 0.022558516 0.00366106872
  421.315 0.0248308106 0.00365229996
  421.415 0.0267259997 0.00372503182
  421.515 0.0310074742 0.00378436209
  421.615 0.0345234478 0.00394823297
  421.715 0.0260301357 0.00372516234
  421.815 0.0318179883 0.00378800464
  421.915 0.0327161628 0.003884538
  422.015 0.0283216108 0.00370508451
  422.115 0.035628242 0.00398069181
  422.215 0.0272481523 0.00370551678
  422.315 0.0353502894 0.00386016255
  422.415 0.0312523143 0.00377597458
  422.515 0.0357262185 0.00393796647
  422.615 0.0224795046 0.00365982192
  422.715 0.0326175834 0.00385874993
  422.815 0.0287311036 0.00375645019
  422.915 0.0311732864 0.00376998731
  423.015 0.0328603872 0.00391651295
  423.115 0.0246154068 0.00360352415
  423.215 0.0326958682 0.00386948224
  423.315 0.0313917101 0.00380659769
  423.415 0.0321004297 0.0038416459
  423.515 0.031362231 0.00388699873
  423.615 0.0314689352 0.00379291703
  423.715 0.0247546575 0.00358416413
  423.815 0.0241277306 0.00358735556
  423.915 0.0336834975 0.00384254912
  424.015 0.0311468626 0.00377469032
  424.115 0.0313301397 0.00375470931
  424.215 0.0307471914 0.00374497895
  424.315 0.0320015241 0.00368374723
  424.415 0.0298315688 0.0037375652
  424.515 0.0374314193 0.00390074883
  424.615 0.0300701384 0.00383893735
  424.715 0.0323986691 0.00376910439
  424.815 0.0297829208 0.00374427805
  424.915 0.0275415694 0.00377806108
  425.015 0.0307271627 0.00376712747
  425.115 0.0322614543 0.003732517
  425.215 0.0291433855 0.0037205103
  425.315 0.0246179612 0.00360702188
  425.415 0.0359867894 0.00382240133
  425.515 0.0266020191 0.00359106104
  425.615 0.0282442236 0.00365825712
  425.715 0.0286050929 0.00369187439
  425.815 0.0340886768 0.00391465369
  425.915 0.0281510933 0.00367561837
  426.015 0.0369243887 0.00392099491
  426.115 0.0322971867 0.00369012663
  426.215 0.032229335 0.00374233472
  426.315 0.0290034436 0.00374069301
  426.415 0.0311395462 0.0037439867
  426.515 0.0267105851 0.00362482616
  426.615 0.0313558792 0.00380219199
  426.715 0.0247532583 0.00355827182
  426.815 0.0285948532 0.00367147528
  426.915 0.0340872602 0.00380764707
  427.015 0.0300162693 0.00375330864
  427.115 0.0275503005 0.0036497926
  427.215 0.0338075597 0.00381263015
  427.315 0.0340028679 0.00379018167
  427.415 0.0328077642 0.00376275578
  427.515 0.0311568377 0.00367356934
  427.615 0.0361786941 0.00384859158
  427.715 0.0349174665 0.00382200875
  427.815 0.0318457718 0.00376908887
  427.915 0.0243085109 0.00359141825
  428.015 0.0296867703 0.00368664741
  428.115 0.0319130713 0.00367565014
  428.215 0.040524814 0.00398345423
  428.315 0.0231217537 0.00353608648
  428.415 0.0272160615 0.00365034329
  428.515 0.0205816724 0.00351645325
  428.615 0.0307500833 0.0037127526
  428.715 0.0330962101 0.00372563628
  428.815 0.0309976101 0.00367857432
  428.915 0.0309138667 0.00365730205
  429.015 0.0308308748 0.00370934845
  429.115 0.0311443027 0.0037588449
  429.215 0.0269860553 0.00358130823
  429.315 0.024621682 0.003578831
  429.415 0.0281646398 0.00364922222
  429.515 0.0318162541 0.00375477115
  429.615 0.0260762571 0.00359289523
  429.715 0.0249476322 0.00357380177
  429.815 0.0376769661 0.00381717529
  429.915 0.0295947578 0.00367296675


