# τ vs mean κ linear regression for data set DA_121015_E3.h5
# Using stimulation: 1, 2, 3, 4
# Best fit: tau = -1.01321 + 0.026882 kappa_Fura
# Covariance matrix:
# [ +3.14655e-02, -2.03520e-04  
#   -2.03520e-04, +1.48561e-06  ]
# Total sum of squares (TSS) = 768.038
# chisq (Residual sum of squares, RSS) = 281.61
# Probability of observing a larger of equal RSS per DOF under the null hypothesis: 7.06458e-62
# R squared (1-RSS/TSS) = 0.633338
# Estimated gamma/v with standard error: 37.1996 +/- 1.68667
# Estimates kappa_S with standard error (using error propagation): -38.6909 +/- 6.81636
# kappa_S confidence intervals based on parametric bootstrap
# 0.95 CI for kappa_S: [-47.8321,-27.6295]
# 0.99 CI for kappa_S: [-50.3468,-23.7489]


# The data
# κ_Fura  τ   τ_SE
89.1111 1.4512 0.0837448
184.027 3.21585 0.0968943
197.667 5.67869 0.206915
198.358 9.59201 0.391216


# The fitted data
# Preticted values with lower and upper bounds of 0.95 CI
# κ_Fura  τ   τ_lwr  τ_upr
0 -1.01321 -1.36088 -0.665531
0.833105 -0.990811 -1.33661 -0.645009
1.66621 -0.968415 -1.31235 -0.624485
2.49932 -0.94602 -1.28808 -0.603959
3.33242 -0.923624 -1.26382 -0.583433
4.16553 -0.901229 -1.23955 -0.562905
4.99863 -0.878833 -1.21529 -0.542375
5.83174 -0.856438 -1.19103 -0.521844
6.66484 -0.834042 -1.16677 -0.501312
7.49795 -0.811647 -1.14252 -0.480778
8.33105 -0.789251 -1.11826 -0.460242
9.16416 -0.766856 -1.09401 -0.439705
9.99726 -0.74446 -1.06975 -0.419167
10.8304 -0.722064 -1.0455 -0.398627
11.6635 -0.699669 -1.02125 -0.378085
12.4966 -0.677273 -0.997005 -0.357542
13.3297 -0.654878 -0.972759 -0.336997
14.1628 -0.632482 -0.948515 -0.31645
14.9959 -0.610087 -0.924272 -0.295902
15.829 -0.587691 -0.900031 -0.275352
16.6621 -0.565296 -0.875792 -0.2548
17.4952 -0.5429 -0.851555 -0.234246
18.3283 -0.520505 -0.827319 -0.21369
19.1614 -0.498109 -0.803086 -0.193133
19.9945 -0.475714 -0.778854 -0.172573
20.8276 -0.453318 -0.754625 -0.152012
21.6607 -0.430923 -0.730397 -0.131448
22.4938 -0.408527 -0.706171 -0.110883
23.3269 -0.386132 -0.681948 -0.0903154
24.1601 -0.363736 -0.657726 -0.0697458
24.9932 -0.341341 -0.633507 -0.0491741
25.8263 -0.318945 -0.60929 -0.0286001
26.6594 -0.29655 -0.585075 -0.00802394
27.4925 -0.274154 -0.560863 0.0125545
28.3256 -0.251759 -0.536652 0.0331353
29.1587 -0.229363 -0.512444 0.0537184
29.9918 -0.206968 -0.488239 0.0743039
30.8249 -0.184572 -0.464036 0.0948919
31.658 -0.162176 -0.439835 0.115482
32.4911 -0.139781 -0.415637 0.136075
33.3242 -0.117385 -0.391442 0.156671
34.1573 -0.0949899 -0.367249 0.177269
34.9904 -0.0725944 -0.343059 0.19787
35.8235 -0.0501989 -0.318872 0.218474
36.6566 -0.0278033 -0.294687 0.239081
37.4897 -0.00540782 -0.270506 0.25969
38.3228 0.0169877 -0.246327 0.280302
39.1559 0.0393832 -0.222151 0.300918
39.9891 0.0617787 -0.197979 0.321536
40.8222 0.0841743 -0.173809 0.342157
41.6553 0.10657 -0.149643 0.362782
42.4884 0.128965 -0.125479 0.38341
43.3215 0.151361 -0.10132 0.404041
44.1546 0.173756 -0.0771632 0.424676
44.9877 0.196152 -0.0530102 0.445314
45.8208 0.218547 -0.0288607 0.465956
46.6539 0.240943 -0.00471487 0.486601
47.487 0.263338 0.0194273 0.50725
48.3201 0.285734 0.0435657 0.527902
49.1532 0.308129 0.0677003 0.548559
49.9863 0.330525 0.091831 0.569219
50.8194 0.352921 0.115958 0.589883
51.6525 0.375316 0.14008 0.610552
52.4856 0.397712 0.164199 0.631225
53.3187 0.420107 0.188313 0.651902
54.1518 0.442503 0.212422 0.672583
54.9849 0.464898 0.236527 0.693269
55.8181 0.487294 0.260628 0.713959
56.6512 0.509689 0.284724 0.734654
57.4843 0.532085 0.308815 0.755354
58.3174 0.55448 0.332901 0.776059
59.1505 0.576876 0.356983 0.796769
59.9836 0.599271 0.381059 0.817484
60.8167 0.621667 0.40513 0.838204
61.6498 0.644062 0.429195 0.858929
62.4829 0.666458 0.453255 0.87966
63.316 0.688853 0.47731 0.900397
64.1491 0.711249 0.501358 0.92114
64.9822 0.733644 0.525401 0.941888
65.8153 0.75604 0.549438 0.962642
66.6484 0.778435 0.573468 0.983403
67.4815 0.800831 0.597492 1.00417
68.3146 0.823226 0.62151 1.02494
69.1477 0.845622 0.645521 1.04572
69.9808 0.868017 0.669525 1.06651
70.8139 0.890413 0.693522 1.0873
71.6471 0.912809 0.717512 1.1081
72.4802 0.935204 0.741495 1.12891
73.3133 0.9576 0.76547 1.14973
74.1464 0.979995 0.789438 1.17055
74.9795 1.00239 0.813398 1.19138
75.8126 1.02479 0.837349 1.21222
76.6457 1.04718 0.861293 1.23307
77.4788 1.06958 0.885227 1.25393
78.3119 1.09197 0.909153 1.27479
79.145 1.11437 0.933071 1.29567
79.9781 1.13676 0.956979 1.31655
80.8112 1.15916 0.980877 1.33744
81.6443 1.18155 1.00477 1.35834
82.4774 1.20395 1.02865 1.37926
83.3105 1.22635 1.05251 1.40018
84.1436 1.24874 1.07637 1.42111
84.9767 1.27114 1.10022 1.44205
85.8098 1.29353 1.12406 1.46301
86.6429 1.31593 1.14788 1.48397
87.476 1.33832 1.1717 1.50495
88.3092 1.36072 1.1955 1.52594
89.1423 1.38311 1.21929 1.54694
89.9754 1.40551 1.24307 1.56795
90.8085 1.42791 1.26684 1.58898
91.6416 1.4503 1.29059 1.61001
92.4747 1.4727 1.31433 1.63107
93.3078 1.49509 1.33805 1.65213
94.1409 1.51749 1.36176 1.67321
94.974 1.53988 1.38546 1.69431
95.8071 1.56228 1.40914 1.71542
96.6402 1.58467 1.43281 1.73654
97.4733 1.60707 1.45646 1.75768
98.3064 1.62947 1.48009 1.77884
99.1395 1.65186 1.50371 1.80001
99.9726 1.67426 1.52731 1.8212
100.806 1.69665 1.5509 1.8424
101.639 1.71905 1.57447 1.86363
102.472 1.74144 1.59802 1.88487
103.305 1.76384 1.62155 1.90613
104.138 1.78623 1.64506 1.92741
104.971 1.80863 1.66855 1.94871
105.804 1.83102 1.69202 1.97003
106.637 1.85342 1.71547 1.99137
107.471 1.87582 1.73891 2.01273
108.304 1.89821 1.76232 2.03411
109.137 1.92061 1.7857 2.05551
109.97 1.943 1.80907 2.07693
110.803 1.9654 1.83241 2.09838
111.636 1.98779 1.85573 2.11985
112.469 2.01019 1.87903 2.14135
113.302 2.03258 1.9023 2.16287
114.135 2.05498 1.92555 2.18441
114.969 2.07738 1.94877 2.20598
115.802 2.09977 1.97197 2.22757
116.635 2.12217 1.99514 2.24919
117.468 2.14456 2.01829 2.27084
118.301 2.16696 2.0414 2.29251
119.134 2.18935 2.06449 2.31421
119.967 2.21175 2.08755 2.33594
120.8 2.23414 2.11059 2.3577
121.633 2.25654 2.13359 2.37949
122.466 2.27894 2.15657 2.4013
123.3 2.30133 2.17951 2.42315
124.133 2.32373 2.20243 2.44503
124.966 2.34612 2.22531 2.46693
125.799 2.36852 2.24816 2.48887
126.632 2.39091 2.27099 2.51084
127.465 2.41331 2.29378 2.53284
128.298 2.4357 2.31654 2.55487
129.131 2.4581 2.33926 2.57694
129.964 2.48049 2.36196 2.59903
130.798 2.50289 2.38462 2.62116
131.631 2.52529 2.40724 2.64333
132.464 2.54768 2.42984 2.66552
133.297 2.57008 2.4524 2.68775
134.13 2.59247 2.47493 2.71002
134.963 2.61487 2.49742 2.73231
135.796 2.63726 2.51988 2.75464
136.629 2.65966 2.54231 2.77701
137.462 2.68205 2.56471 2.7994
138.295 2.70445 2.58707 2.82184
139.129 2.72685 2.60939 2.8443
139.962 2.74924 2.63168 2.8668
140.795 2.77164 2.65394 2.88933
141.628 2.79403 2.67617 2.9119
142.461 2.81643 2.69836 2.9345
143.294 2.83882 2.72052 2.95713
144.127 2.86122 2.74264 2.97979
144.96 2.88361 2.76474 3.00249
145.793 2.90601 2.7868 3.02522
146.627 2.92841 2.80883 3.04798
147.46 2.9508 2.83082 3.07078
148.293 2.9732 2.85279 3.0936
149.126 2.99559 2.87472 3.11646
149.959 3.01799 2.89663 3.13935
150.792 3.04038 2.9185 3.16227
151.625 3.06278 2.94034 3.18522
152.458 3.08517 2.96215 3.2082
153.291 3.10757 2.98394 3.2312
154.124 3.12997 3.00569 3.25424
154.958 3.15236 3.02742 3.2773
155.791 3.17476 3.04911 3.3004
156.624 3.19715 3.07078 3.32352
157.457 3.21955 3.09243 3.34667
158.29 3.24194 3.11405 3.36984
159.123 3.26434 3.13564 3.39304
159.956 3.28673 3.1572 3.41627
160.789 3.30913 3.17874 3.43952
161.622 3.33152 3.20026 3.46279
162.456 3.35392 3.22175 3.48609
163.289 3.37632 3.24322 3.50941
164.122 3.39871 3.26466 3.53276
164.955 3.42111 3.28608 3.55613
165.788 3.4435 3.30748 3.57952
166.621 3.4659 3.32886 3.60293
167.454 3.48829 3.35022 3.62637
168.287 3.51069 3.37156 3.64982
169.12 3.53308 3.39287 3.6733
169.953 3.55548 3.41417 3.69679
170.787 3.57788 3.43544 3.72031
171.62 3.60027 3.4567 3.74384
172.453 3.62267 3.47794 3.76739
173.286 3.64506 3.49916 3.79096
174.119 3.66746 3.52037 3.81455
174.952 3.68985 3.54156 3.83815
175.785 3.71225 3.56273 3.86177
176.618 3.73464 3.58388 3.88541
177.451 3.75704 3.60502 3.90906
178.285 3.77944 3.62614 3.93273
179.118 3.80183 3.64725 3.95641
179.951 3.82423 3.66834 3.98011
180.784 3.84662 3.68942 4.00383
181.617 3.86902 3.71048 4.02755
182.45 3.89141 3.73153 4.05129
183.283 3.91381 3.75257 4.07505
184.116 3.9362 3.77359 4.09881
184.949 3.9586 3.79461 4.12259
185.782 3.98099 3.8156 4.14639
186.616 4.00339 3.83659 4.17019
187.449 4.02579 3.85757 4.19401
188.282 4.04818 3.87853 4.21783
189.115 4.07058 3.89948 4.24167
189.948 4.09297 3.92042 4.26552
190.781 4.11537 3.94136 4.28938
191.614 4.13776 3.96228 4.31325
192.447 4.16016 3.98319 4.33713
193.28 4.18255 4.00409 4.36102
194.114 4.20495 4.02498 4.38492
194.947 4.22735 4.04586 4.40883
195.78 4.24974 4.06673 4.43275
196.613 4.27214 4.0876 4.45668
197.446 4.29453 4.10845 4.48061
198.279 4.31693 4.1293 4.50456
199.112 4.33932 4.15014 4.52851
199.945 4.36172 4.17097 4.55247
200.778 4.38411 4.19179 4.57644
201.611 4.40651 4.21261 4.60041
202.445 4.42891 4.23341 4.6244
203.278 4.4513 4.25421 4.64839
204.111 4.4737 4.27501 4.67239
204.944 4.49609 4.29579 4.69639
205.777 4.51849 4.31657 4.7204
206.61 4.54088 4.33734 4.74442
207.443 4.56328 4.35811 4.76845
