# Data from DA_121015_E3.h5 stim 2
# Ratiometric estimator
# Ratiometric estimator:
#    Time    Ca (est)    Ca (se)
  730.644 0.0466072575 0.00235662292
  730.744 0.0453439756 0.00235139307
  730.844 0.0434013428 0.00232030406
  730.944 0.039882146 0.00230393757
  731.044 0.0452275347 0.002358729
  731.144 0.0430726613 0.00233290969
  731.244 0.0420024222 0.00228366256
  731.344 0.0447942798 0.00235135252
  731.444 0.0426298056 0.00232129155
  731.544 0.0418611064 0.00230365266
  731.644 0.044591432 0.00237385476
  731.744 0.040974233 0.0022905901
  731.844 0.0415753467 0.00227632004
  731.944 0.0428302538 0.00230838708
  732.044 0.0443697639 0.00233133525
  732.144 0.0511294106 0.0025001588
  732.244 0.128831712 0.00401892459
  732.344 0.173177529 0.00495584901
  732.444 0.190809267 0.00547964906
  732.544 0.191554056 0.00543763618
  732.644 0.181244836 0.00520691335
  732.744 0.18477667 0.00539174031
  732.844 0.178097726 0.00509584518
  732.944 0.17070657 0.00491835749
  733.044 0.174067836 0.00506195178
  733.144 0.16178968 0.00476319758
  733.244 0.153595584 0.00467364744
  733.344 0.16114091 0.00478340129
  733.444 0.141653236 0.00431284351
  733.544 0.144214711 0.00432942409
  733.644 0.143965063 0.00435571599
  733.744 0.144628914 0.00432463005
  733.844 0.142938564 0.00425780551
  733.944 0.136177685 0.00414486153
  734.044 0.129768851 0.00407395104
  734.144 0.126962777 0.00392509192
  734.244 0.124284876 0.00387911138
  734.344 0.125105737 0.00386758047
  734.444 0.123026199 0.00381204861
  734.544 0.111212809 0.00363362551
  734.644 0.113047438 0.00362551192
  734.744 0.113069762 0.00365436837
  734.844 0.108661946 0.00359154175
  734.944 0.106761407 0.00351223712
  735.044 0.103455764 0.00345901905
  735.144 0.0999907457 0.00338622292
  735.244 0.0957913224 0.00335026842
  735.344 0.0952240187 0.00324952599
  735.444 0.0955259712 0.0032629964
  735.544 0.0985319584 0.00331326439
  735.644 0.0917198536 0.00322820039
  735.744 0.086827843 0.00309052982
  735.844 0.093536101 0.00324659613
  735.944 0.0872296596 0.0031080772
  736.044 0.087760555 0.00315265793
  736.144 0.0904962835 0.00315651013
  736.244 0.0880847538 0.00313208239
  736.344 0.0860611989 0.00310641288
  736.444 0.0816690006 0.0030035228
  736.544 0.0783072056 0.00297885071
  736.644 0.0819368792 0.00306081213
  736.744 0.0791751551 0.00295135342
  736.844 0.0789920222 0.00298042397
  736.944 0.0743617679 0.00290661024
  737.044 0.0730984797 0.00285645016
  737.144 0.0720886714 0.00284972129
  737.244 0.074552221 0.00287181948
  737.344 0.0716326194 0.00282887342
  737.444 0.0768727448 0.00289214063
  737.544 0.0778774926 0.00292902106
  737.644 0.0770475999 0.00293375063
  737.744 0.0674448262 0.00276295254
  737.844 0.0700016862 0.00282243754
  737.944 0.0691968238 0.00280602385
  738.044 0.0639418145 0.00272546557
  738.144 0.069854541 0.00275806874
  738.244 0.0701999703 0.00278579203
  738.344 0.0642274338 0.00268869183
  738.444 0.0621896859 0.0026642579
  738.544 0.0656559204 0.00271915709
  738.644 0.0608723206 0.00265153438
  738.744 0.0615223616 0.00264050295
  738.844 0.0685125398 0.00277705835
  738.944 0.0626987855 0.00266272389
  739.044 0.0606187219 0.00260703971
  739.144 0.0619014486 0.00265938609
  739.244 0.0561724715 0.00253523756
  739.344 0.062514183 0.002666112
  739.444 0.0624627727 0.00265388154
  739.544 0.060665983 0.00262056899
  739.644 0.06171295 0.00263143329
  739.744 0.0566392402 0.00252562063
  739.844 0.0568611933 0.00256252315
  739.944 0.058520566 0.00257127915
  740.044 0.0587032685 0.00254055457
  740.144 0.0578919283 0.00259929391
  740.244 0.0561172011 0.00250749516
  740.344 0.0573199888 0.00257688753
  740.444 0.055688153 0.00251518394
  740.544 0.0588395506 0.00256444658
  740.644 0.0576598252 0.00255227862
  740.744 0.0524496836 0.00243599318
  740.844 0.0576673504 0.00255331352
  740.944 0.0594795298 0.002554749
  741.044 0.0532668127 0.00248407655
  741.144 0.0555354148 0.00251966248
  741.244 0.0529282535 0.00249179338
  741.344 0.0567483837 0.00257608744
  741.444 0.0548208315 0.00250348512
  741.544 0.0600828934 0.00262029728
  741.644 0.0557557568 0.0025340316
  741.744 0.0550033897 0.0025182451
  741.844 0.0525042834 0.00254590853
  741.944 0.0492623796 0.00240347238
  742.044 0.0523645405 0.00246536543
  742.144 0.0549933067 0.00249354628
  742.244 0.0498765096 0.00242908698
  742.344 0.0466660186 0.00239297847
  742.444 0.0540197375 0.00249004425
  742.544 0.0523223631 0.00246796412
  742.644 0.0539067143 0.00246551154
  742.744 0.0505594202 0.00246362038
  742.844 0.0540785526 0.00252493705
  742.944 0.0509215599 0.0024325603
  743.044 0.0525181199 0.00245660293
  743.144 0.0465515663 0.00237796422
  743.244 0.0507724115 0.00246319462
  743.344 0.0512441882 0.00243176933
  743.444 0.051086071 0.00244979829
  743.544 0.0509999987 0.00239790589
  743.644 0.0510962822 0.00247914226
  743.744 0.0481563995 0.00235804318
  743.844 0.0467511232 0.00236196026
  743.944 0.0516827421 0.00245853567
  744.044 0.052732009 0.00250245994
  744.144 0.0460446368 0.00236759829
  744.244 0.0494011605 0.00238806961
  744.344 0.0480097265 0.00234849716
  744.444 0.0491566188 0.00236550346
  744.544 0.0493577515 0.00239950548
  744.644 0.046792542 0.00236477443
  744.744 0.0500866177 0.00242072641
  744.844 0.0449705638 0.00232254777
  744.944 0.0510117493 0.0024283162
  745.044 0.0484425272 0.00237679409
  745.144 0.0483737111 0.00236229466
  745.244 0.0478254605 0.00238430566
  745.344 0.0426123143 0.00227033285
  745.444 0.0483744229 0.00238129914
  745.544 0.0495573971 0.00246985824
  745.644 0.0469527023 0.00239216434
  745.744 0.0469496897 0.00235381109
  745.844 0.0524834176 0.00241217427
  745.944 0.0504440151 0.00241593883
  746.044 0.0469821458 0.00235523061
  746.144 0.0477269872 0.00229906077
  746.244 0.0463994479 0.00235866788
  746.344 0.0491430361 0.00236172519
  746.444 0.0449209967 0.00236229253
  746.544 0.0500375598 0.00241451649
  746.644 0.0492197262 0.00243778731
  746.744 0.0481219433 0.00237073677
  746.844 0.0456615981 0.00231879463
  746.944 0.0485521033 0.0023928173
  747.044 0.047370064 0.00237448417
  747.144 0.0501637801 0.00243757632
  747.244 0.0499182301 0.00240520481
  747.344 0.046731882 0.0023617291
  747.444 0.0523652211 0.00244815615
  747.544 0.0469316241 0.00234977395
  747.644 0.0509015539 0.00243095977
  747.744 0.052820401 0.00246287944
  747.844 0.0466127894 0.00234994457
  747.944 0.0469366467 0.00235069202
  748.044 0.046211412 0.00234929939
  748.144 0.0516790256 0.0024223608
  748.244 0.0521947166 0.00246955175
  748.344 0.0469684632 0.00237501462
  748.444 0.0434201221 0.00232599296
  748.544 0.0464983303 0.00233470868
  748.644 0.0497101892 0.00239457669
  748.744 0.0478121411 0.00236069224
  748.844 0.0450368323 0.00230939419
  748.944 0.0456994919 0.00238431601
  749.044 0.0462337103 0.00234670199
  749.144 0.048947211 0.00236896565
  749.244 0.048442316 0.00238989056
  749.344 0.0488205982 0.00236352533
  749.444 0.0433025997 0.00229761938
  749.544 0.0478748648 0.00235315775
  749.644 0.0450937162 0.00232782928
  749.744 0.0458106009 0.00234180966
  749.844 0.0482277327 0.00237031906
  749.944 0.0475164538 0.00242672432
  750.044 0.0437336171 0.00231952169
  750.144 0.0477852765 0.00236207439
  750.244 0.0437155969 0.00232159449
  750.344 0.0482949369 0.00237275256
  750.444 0.0457242698 0.0023429623
  750.544 0.0462055699 0.00234725337


