# τ vs max κ linear regression for data set DA_121015_E3.h5
# Using stimulation: 1, 2, 3, 4
# Best fit: tau = -1.23238 + 0.0270059 kappa_Fura
# Covariance matrix:
# [ +3.55073e-02, -2.20948e-04  
#   -2.20948e-04, +1.52925e-06  ]
# Total sum of squares (TSS) = 768.038
# chisq (Residual sum of squares, RSS) = 291.125
# Probability of observing a larger of equal RSS per DOF under the null hypothesis: 6.06666e-64
# R squared (1-RSS/TSS) = 0.62095
# Estimated gamma/v with standard error: 37.0289 +/- 1.69559
# Estimates kappa_S with standard error (using error propagation): -46.6337 +/- 7.28369
# kappa_S confidence intervals based on parametric bootstrap
# 0.95 CI for kappa_S: [-55.9137,-36.073]
# 0.99 CI for kappa_S: [-58.6356,-32.1935]


# The data
# κ_Fura  τ   τ_SE
97.2385 1.4512 0.0837448
191.384 3.21585 0.0968943
202.749 5.67869 0.206915
202.583 9.59201 0.391216


# The fitted data
# Preticted values with lower and upper bounds of 0.95 CI
# κ_Fura  τ   τ_lwr  τ_upr
0 -1.23238 -1.60171 -0.863049
0.85085 -1.2094 -1.57678 -0.842025
1.7017 -1.18642 -1.55184 -0.821001
2.55255 -1.16345 -1.52691 -0.799976
3.4034 -1.14047 -1.50199 -0.778949
4.25425 -1.11749 -1.47706 -0.757921
5.1051 -1.09451 -1.45213 -0.736892
5.95595 -1.07153 -1.42721 -0.715861
6.8068 -1.04856 -1.40228 -0.694829
7.65765 -1.02558 -1.37736 -0.673796
8.5085 -1.0026 -1.35244 -0.652762
9.35935 -0.979621 -1.32752 -0.631726
10.2102 -0.956643 -1.3026 -0.610689
11.061 -0.933665 -1.27768 -0.58965
11.9119 -0.910687 -1.25276 -0.56861
12.7627 -0.887709 -1.22785 -0.547568
13.6136 -0.864731 -1.20294 -0.526525
14.4644 -0.841753 -1.17803 -0.505481
15.3153 -0.818775 -1.15312 -0.484435
16.1661 -0.795797 -1.12821 -0.463387
17.017 -0.77282 -1.1033 -0.442338
17.8678 -0.749842 -1.0784 -0.421287
18.7187 -0.726864 -1.05349 -0.400234
19.5695 -0.703886 -1.02859 -0.37918
20.4204 -0.680908 -1.00369 -0.358124
21.2712 -0.65793 -0.978793 -0.337067
22.1221 -0.634952 -0.953896 -0.316007
22.9729 -0.611974 -0.929002 -0.294946
23.8238 -0.588996 -0.904109 -0.273883
24.6746 -0.566018 -0.879218 -0.252818
25.5255 -0.54304 -0.854329 -0.231751
26.3763 -0.520062 -0.829442 -0.210682
27.2272 -0.497084 -0.804556 -0.189611
28.078 -0.474106 -0.779673 -0.168539
28.9289 -0.451128 -0.754792 -0.147464
29.7797 -0.42815 -0.729913 -0.126387
30.6306 -0.405172 -0.705036 -0.105308
31.4814 -0.382194 -0.680162 -0.0842265
32.3323 -0.359216 -0.655289 -0.063143
33.1831 -0.336238 -0.630419 -0.0420573
34.034 -0.31326 -0.605551 -0.0209693
34.8848 -0.290282 -0.580685 0.000121058
35.7357 -0.267304 -0.555822 0.0212138
36.5865 -0.244326 -0.530961 0.042309
37.4374 -0.221348 -0.506103 0.0634067
38.2882 -0.19837 -0.481247 0.0845069
39.1391 -0.175392 -0.456394 0.10561
39.9899 -0.152414 -0.431544 0.126715
40.8408 -0.129436 -0.406696 0.147823
41.6916 -0.106458 -0.381851 0.168934
42.5425 -0.0834804 -0.357009 0.190048
43.3933 -0.0605025 -0.332169 0.211164
44.2442 -0.0375245 -0.307333 0.232284
45.095 -0.0145465 -0.282499 0.253406
45.9459 0.00843143 -0.257669 0.274532
46.7967 0.0314094 -0.232842 0.29566
47.6476 0.0543874 -0.208017 0.316792
48.4984 0.0773653 -0.183196 0.337927
49.3493 0.100343 -0.158379 0.359065
50.2001 0.123321 -0.133565 0.380207
51.051 0.146299 -0.108754 0.401352
51.9018 0.169277 -0.0839465 0.422501
52.7527 0.192255 -0.0591429 0.443653
53.6035 0.215233 -0.0343429 0.464809
54.4544 0.238211 -0.00954675 0.485969
55.3052 0.261189 0.0152456 0.507133
56.1561 0.284167 0.040034 0.5283
57.0069 0.307145 0.0648184 0.549472
57.8578 0.330123 0.0895986 0.570647
58.7086 0.353101 0.114375 0.591827
59.5595 0.376079 0.139146 0.613011
60.4103 0.399057 0.163914 0.6342
61.2612 0.422035 0.188677 0.655393
62.112 0.445013 0.213435 0.676591
62.9629 0.467991 0.238188 0.697793
63.8137 0.490969 0.262937 0.719001
64.6646 0.513947 0.287681 0.740213
65.5154 0.536925 0.312419 0.76143
66.3663 0.559903 0.337153 0.782652
67.2171 0.582881 0.361881 0.80388
68.068 0.605859 0.386604 0.825113
68.9188 0.628837 0.411321 0.846352
69.7697 0.651815 0.436033 0.867596
70.6205 0.674793 0.460739 0.888847
71.4714 0.697771 0.485438 0.910103
72.3222 0.720748 0.510132 0.931365
73.1731 0.743726 0.534819 0.952634
74.0239 0.766704 0.5595 0.973909
74.8748 0.789682 0.584175 0.99519
75.7256 0.81266 0.608842 1.01648
76.5765 0.835638 0.633503 1.03777
77.4273 0.858616 0.658156 1.05908
78.2782 0.881594 0.682803 1.08039
79.129 0.904572 0.707442 1.1017
79.9799 0.92755 0.732073 1.12303
80.8307 0.950528 0.756696 1.14436
81.6816 0.973506 0.781312 1.1657
82.5324 0.996484 0.805919 1.18705
83.3833 1.01946 0.830517 1.20841
84.2341 1.04244 0.855107 1.22977
85.085 1.06542 0.879688 1.25115
85.9358 1.0884 0.90426 1.27253
86.7867 1.11137 0.928823 1.29393
87.6375 1.13435 0.953376 1.31533
88.4884 1.15733 0.977919 1.33674
89.3392 1.18031 1.00245 1.35816
90.1901 1.20329 1.02697 1.3796
91.0409 1.22626 1.05149 1.40104
91.8918 1.24924 1.07599 1.4225
92.7426 1.27222 1.10048 1.44396
93.5935 1.2952 1.12495 1.46544
94.4443 1.31818 1.14942 1.48693
95.2952 1.34115 1.17387 1.50843
96.146 1.36413 1.19832 1.52995
96.9969 1.38711 1.22274 1.55148
97.8477 1.41009 1.24716 1.57302
98.6986 1.43307 1.27156 1.59457
99.5494 1.45604 1.29595 1.61614
100.4 1.47902 1.32032 1.63772
101.251 1.502 1.34468 1.65932
102.102 1.52498 1.36903 1.68093
102.953 1.54796 1.39335 1.70256
103.804 1.57093 1.41767 1.7242
104.655 1.59391 1.44196 1.74586
105.505 1.61689 1.46624 1.76754
106.356 1.63987 1.49051 1.78923
107.207 1.66285 1.51475 1.81094
108.058 1.68582 1.53898 1.83267
108.909 1.7088 1.56319 1.85442
109.76 1.73178 1.58738 1.87618
110.61 1.75476 1.61155 1.89797
111.461 1.77774 1.6357 1.91977
112.312 1.80071 1.65983 1.9416
113.163 1.82369 1.68393 1.96345
114.014 1.84667 1.70802 1.98532
114.865 1.86965 1.73209 2.00721
115.716 1.89262 1.75613 2.02912
116.566 1.9156 1.78015 2.05106
117.417 1.93858 1.80415 2.07302
118.268 1.96156 1.82812 2.095
119.119 1.98454 1.85207 2.11701
119.97 2.00751 1.87599 2.13904
120.821 2.03049 1.89988 2.1611
121.672 2.05347 1.92375 2.18319
122.522 2.07645 1.9476 2.2053
123.373 2.09943 1.97141 2.22744
124.224 2.1224 1.9952 2.24961
125.075 2.14538 2.01896 2.2718
125.926 2.16836 2.04269 2.29403
126.777 2.19134 2.06639 2.31628
127.627 2.21432 2.09007 2.33857
128.478 2.23729 2.11371 2.36088
129.329 2.26027 2.13732 2.38323
130.18 2.28325 2.16089 2.40561
131.031 2.30623 2.18444 2.42802
131.882 2.32921 2.20795 2.45046
132.733 2.35218 2.23143 2.47293
133.583 2.37516 2.25488 2.49544
134.434 2.39814 2.2783 2.51798
135.285 2.42112 2.30168 2.54056
136.136 2.4441 2.32502 2.56317
136.987 2.46707 2.34833 2.58582
137.838 2.49005 2.37161 2.6085
138.689 2.51303 2.39485 2.63121
139.539 2.53601 2.41805 2.65396
140.39 2.55899 2.44122 2.67675
141.241 2.58196 2.46436 2.69957
142.092 2.60494 2.48746 2.72243
142.943 2.62792 2.51052 2.74532
143.794 2.6509 2.53354 2.76825
144.644 2.67388 2.55653 2.79122
145.495 2.69685 2.57948 2.81422
146.346 2.71983 2.6024 2.83726
147.197 2.74281 2.62528 2.86034
148.048 2.76579 2.64813 2.88345
148.899 2.78877 2.67093 2.9066
149.75 2.81174 2.69371 2.92978
150.6 2.83472 2.71644 2.953
151.451 2.8577 2.73915 2.97625
152.302 2.88068 2.76181 2.99954
153.153 2.90366 2.78444 3.02287
154.004 2.92663 2.80704 3.04623
154.855 2.94961 2.8296 3.06962
155.706 2.97259 2.85213 3.09305
156.556 2.99557 2.87463 3.11651
157.407 3.01855 2.89709 3.14
158.258 3.04152 2.91952 3.16353
159.109 3.0645 2.94192 3.18708
159.96 3.08748 2.96428 3.21067
160.811 3.11046 2.98662 3.2343
161.661 3.13344 3.00892 3.25795
162.512 3.15641 3.0312 3.28163
163.363 3.17939 3.05344 3.30534
164.214 3.20237 3.07565 3.32909
165.065 3.22535 3.09784 3.35286
165.916 3.24833 3.12 3.37665
166.767 3.2713 3.14212 3.40048
167.617 3.29428 3.16423 3.42434
168.468 3.31726 3.1863 3.44822
169.319 3.34024 3.20835 3.47212
170.17 3.36321 3.23038 3.49605
171.021 3.38619 3.25237 3.52001
171.872 3.40917 3.27435 3.54399
172.723 3.43215 3.2963 3.568
173.573 3.45513 3.31823 3.59203
174.424 3.4781 3.34013 3.61608
175.275 3.50108 3.36201 3.64015
176.126 3.52406 3.38387 3.66425
176.977 3.54704 3.40571 3.68836
177.828 3.57002 3.42753 3.7125
178.678 3.59299 3.44933 3.73666
179.529 3.61597 3.47111 3.76084
180.38 3.63895 3.49287 3.78503
181.231 3.66193 3.51461 3.80925
182.082 3.68491 3.53633 3.83348
182.933 3.70788 3.55803 3.85774
183.784 3.73086 3.57972 3.882
184.634 3.75384 3.60139 3.90629
185.485 3.77682 3.62304 3.93059
186.336 3.7998 3.64468 3.95491
187.187 3.82277 3.6663 3.97925
188.038 3.84575 3.68791 4.0036
188.889 3.86873 3.7095 4.02796
189.74 3.89171 3.73108 4.05234
190.59 3.91469 3.75264 4.07673
191.441 3.93766 3.77419 4.10114
192.292 3.96064 3.79572 4.12556
193.143 3.98362 3.81725 4.14999
193.994 4.0066 3.83876 4.17444
194.845 4.02958 3.86025 4.1989
195.695 4.05255 3.88174 4.22337
196.546 4.07553 3.90321 4.24785
197.397 4.09851 3.92467 4.27235
198.248 4.12149 3.94612 4.29685
199.099 4.14447 3.96756 4.32137
199.95 4.16744 3.98899 4.34589
200.801 4.19042 4.01041 4.37043
201.651 4.2134 4.03182 4.39498
202.502 4.23638 4.05322 4.41953
203.353 4.25936 4.07461 4.4441
204.204 4.28233 4.09599 4.46868
205.055 4.30531 4.11736 4.49326
205.906 4.32829 4.13873 4.51785
206.757 4.35127 4.16008 4.54246
207.607 4.37425 4.18143 4.56707
208.458 4.39722 4.20276 4.59168
209.309 4.4202 4.22409 4.61631
210.16 4.44318 4.24541 4.64094
211.011 4.46616 4.26673 4.66559
211.862 4.48914 4.28804 4.69024
