# Data from DA_121015_E3.h5 stim 3
# Ratiometric estimator
# Ratiometric estimator:
#    Time    Ca (est)    Ca (se)
 1171.266 0.0687337004 0.0023799087
 1171.366 0.0678230422 0.00235894627
 1171.466 0.0666386228 0.00233150822
 1171.566 0.0665537259 0.00236759195
 1171.666 0.0668740936 0.00233655803
 1171.766 0.0672112724 0.00235030262
 1171.866 0.0691880711 0.00236677821
 1171.966 0.0637943952 0.00228350476
 1172.066 0.0670138964 0.00236574799
 1172.166 0.0635907158 0.00230510377
 1172.266 0.0640185498 0.00232507197
 1172.366 0.0723010264 0.00243422437
 1172.466 0.0755658324 0.00248869952
 1172.566 0.0670040807 0.00234629036
 1172.666 0.0665277284 0.00233978043
 1172.766 0.0704441466 0.00242829861
 1172.866 0.149828993 0.00384793712
 1172.966 0.168666175 0.00414331803
 1173.066 0.178221454 0.00438931378
 1173.166 0.176877631 0.00431728587
 1173.266 0.182152601 0.00455382538
 1173.366 0.181630563 0.00455630765
 1173.466 0.183197073 0.00449168021
 1173.566 0.179318377 0.00438769276
 1173.666 0.17202325 0.00425432834
 1173.766 0.16915443 0.00426693276
 1173.866 0.169292915 0.00427832824
 1173.966 0.162513885 0.00409713589
 1174.066 0.16893354 0.00421704183
 1174.166 0.161357309 0.00407670437
 1174.266 0.163389529 0.00411764638
 1174.366 0.16647824 0.00414030477
 1174.466 0.160273271 0.0040141227
 1174.566 0.158653936 0.00401650049
 1174.666 0.16217675 0.00412931519
 1174.766 0.158006841 0.00397066607
 1174.866 0.15016404 0.00384462724
 1174.966 0.155470287 0.00392895281
 1175.066 0.151538842 0.00385595488
 1175.166 0.146484192 0.003783079
 1175.266 0.136646182 0.00359146956
 1175.366 0.146078392 0.00378427981
 1175.466 0.148554625 0.00380704587
 1175.566 0.14307721 0.00368071647
 1175.666 0.145207722 0.00373271219
 1175.766 0.136234704 0.0035925087
 1175.866 0.130508338 0.0034883227
 1175.966 0.133405358 0.00345647261
 1176.066 0.134064906 0.00349521951
 1176.166 0.131501886 0.00344796469
 1176.266 0.1300159 0.00346025045
 1176.366 0.134050663 0.00346473877
 1176.466 0.129362199 0.00341069862
 1176.566 0.12322011 0.00328574068
 1176.666 0.125681012 0.00338495335
 1176.766 0.126343199 0.00337637519
 1176.866 0.123811173 0.00334278585
 1176.966 0.127946899 0.00338420843
 1177.066 0.125499196 0.0033380282
 1177.166 0.123429111 0.00334605993
 1177.266 0.131324276 0.00353449919
 1177.366 0.122642425 0.00325904269
 1177.466 0.119247326 0.00324538648
 1177.566 0.120913828 0.00328453539
 1177.666 0.123656015 0.00329591583
 1177.766 0.114418508 0.00318305079
 1177.866 0.112067079 0.00311629565
 1177.966 0.11975167 0.00326088253
 1178.066 0.111946325 0.00311447103
 1178.166 0.11518497 0.00314670588
 1178.266 0.115965997 0.0032076462
 1178.366 0.111349744 0.00312337996
 1178.466 0.113607923 0.00316154328
 1178.566 0.111476037 0.00314013126
 1178.666 0.112439317 0.00316339603
 1178.766 0.105599751 0.00296244763
 1178.866 0.114576164 0.00314732285
 1178.966 0.100800321 0.00291578955
 1179.066  0.107129 0.00300680491
 1179.166 0.106807832 0.00302996566
 1179.266 0.104605149 0.00300959539
 1179.366 0.10859638 0.00306141834
 1179.466 0.106436363 0.00302953359
 1179.566 0.10557677 0.00300599433
 1179.666 0.103564649 0.00293852165
 1179.766 0.102614695 0.00298433411
 1179.866 0.0998812808 0.00289436619
 1179.966 0.0990878733 0.00289760794
 1180.066 0.102612122 0.00295943918
 1180.166 0.0971551961 0.00287820709
 1180.266 0.0992423708 0.0029081202
 1180.366 0.101506761 0.00289950923
 1180.466 0.101920629 0.00294567446
 1180.566 0.0967033629 0.00282419014
 1180.666 0.0934311061 0.00275662626
 1180.766 0.0939124696 0.00283376939
 1180.866 0.0961727202 0.00281946396
 1180.966 0.0960150312 0.00285947391
 1181.066 0.0903432072 0.00274213439
 1181.166 0.0958866354 0.00282352687
 1181.266 0.0915686486 0.00274826445
 1181.366 0.0996883941 0.00284103961
 1181.466 0.096534955 0.00281215649
 1181.566 0.0944860347 0.00280036913
 1181.666 0.0908539264 0.00277867112
 1181.766 0.0932747062 0.00278923722
 1181.866 0.0939527347 0.00281034155
 1181.966 0.0876728193 0.00272268796
 1182.066 0.0865244692 0.00267196078
 1182.166 0.0918922517 0.00278390283
 1182.266 0.0913501738 0.00276285972
 1182.366 0.0877753943 0.00267786645
 1182.466 0.0896752778 0.00279104793
 1182.566 0.0866608237 0.00264718405
 1182.666 0.0875734334 0.00269566016
 1182.766 0.0912586991 0.00272996167
 1182.866 0.0826704582 0.00262008769
 1182.966 0.0849027242 0.0026648836
 1183.066 0.0869367457 0.00266384309
 1183.166 0.0887195585 0.0026965041
 1183.266 0.0864602124 0.00266535252
 1183.366 0.0862801294 0.00269103903
 1183.466 0.0863541624 0.00268929115
 1183.566 0.089768344 0.00271473752
 1183.666 0.0909131822 0.00269392697
 1183.766 0.0834501685 0.00262895363
 1183.866 0.0859304307 0.00267970988
 1183.966 0.0791801968 0.00255429023
 1184.066 0.0886911916 0.0026956844
 1184.166 0.0844363643 0.00258672045
 1184.266 0.0862393154 0.00268141158
 1184.366 0.0810886319 0.00255372287
 1184.466 0.0834973894 0.00264629369
 1184.566 0.0779614445 0.00256458764
 1184.666 0.0841454623 0.00268125483
 1184.766 0.0822326062 0.0026228986
 1184.866 0.0838132651 0.00263506803
 1184.966 0.0808739664 0.00255879735
 1185.066 0.0837670831 0.0026038417
 1185.166 0.0846028688 0.00262655635
 1185.266 0.082514733 0.00258933233
 1185.366 0.0811707913 0.00256980607
 1185.466 0.0762839361 0.00248694194
 1185.566 0.0826746827 0.00256156952
 1185.666 0.0778318797 0.00250257293
 1185.766 0.07996624 0.0025485402
 1185.866 0.078634156 0.00257840586
 1185.966 0.0833645387 0.00258771323
 1186.066 0.0834791222 0.00260732525
 1186.166 0.0812071875 0.00264332946
 1186.266 0.080620469 0.00257662668
 1186.366 0.0766688104 0.00249439815
 1186.466 0.0798351383 0.00253572992
 1186.566 0.0787269414 0.00252949048
 1186.666 0.0798932122 0.00253538886
 1186.766 0.0789159548 0.00248424098
 1186.866 0.0795515691 0.00255863207
 1186.966 0.0793626328 0.00252591533
 1187.066 0.0795617562 0.00258692128
 1187.166 0.0748125194 0.00248705587
 1187.266 0.0823892961 0.00261427522
 1187.366 0.0778666455 0.00249831177
 1187.466 0.0767911754 0.00247123295
 1187.566 0.0771202375 0.00250829845
 1187.666 0.0762867535 0.00250724066
 1187.766 0.0765099635 0.00252138132
 1187.866 0.0741927454 0.00245387573
 1187.966 0.0783701124 0.00252282845
 1188.066 0.0767447732 0.00248308758
 1188.166 0.0756357365 0.00248719555
 1188.266 0.0749277567 0.00247091815
 1188.366 0.0770449328 0.00249391887
 1188.466 0.0791305683 0.00252736288
 1188.566 0.0720474988 0.00241583402
 1188.666 0.0765854557 0.00251277087
 1188.766 0.0785848209 0.0025163755
 1188.866 0.0744706249 0.00244825104
 1188.966 0.0713807464 0.00242488532
 1189.066 0.0738783352 0.00246566953
 1189.166 0.0794265397 0.00253886226
 1189.266 0.0742131337 0.00245296668
 1189.366 0.0760983932 0.00246564356
 1189.466 0.0749992921 0.00246187324
 1189.566 0.0730652642 0.00248029754
 1189.666 0.071610718 0.00241990017
 1189.766 0.0752229928 0.0024457537
 1189.866 0.072912528 0.00244020445
 1189.966 0.0729541941 0.00241966284
 1190.066 0.0745122957 0.00245395452
 1190.166 0.0738814488 0.00242593645
 1190.266 0.073797858 0.00246135274
 1190.366 0.0739998951 0.0024632922
 1190.466 0.0757210761 0.00248484715
 1190.566 0.0717474741 0.00245759035
 1190.666 0.0746806703 0.00245473822
 1190.766 0.0750879718 0.00247409907
 1190.866 0.0722719988 0.00244289459
 1190.966 0.0707979603 0.00239223512
 1191.066 0.0742529007 0.0024713771
 1191.166 0.0704338045 0.00243219841


